# Version 0.0
# Data /lustre/isaac24/proj/UTK0244/cbaillar/Bayes_HEP/Detroit_tune_Project/input/Data/Data__200__pp__STAR_2020_I1783875__d13-x01-y01.dat
# Observable: $1/N_{jets}$
# Subobservable: $R_{g}$
# Design Design_Rivet.dat
# design_point1 design_point2 design_point3 design_point4 design_point5 design_point6 design_point7 design_point8 design_point9 design_point10 design_point11 design_point12 design_point13 design_point14 design_point15 design_point16 design_point17 design_point18 design_point19 design_point20 design_point21 design_point22 design_point23 design_point24 design_point25 design_point26 design_point27 design_point28 design_point29 design_point30 design_point31 design_point32 design_point33 design_point34 design_point35 design_point36 design_point37 design_point38 design_point39 design_point40 design_point41 design_point42 design_point43 design_point44 design_point45 design_point46 design_point47 design_point48 design_point49 design_point50 design_point51 design_point52 design_point53 design_point54 design_point55 design_point56 design_point57 design_point58 design_point59 design_point60 design_point61 design_point62 design_point63 design_point64 design_point65 design_point66 design_point67 design_point68 design_point69 design_point70 design_point71 design_point72 design_point73 design_point74 design_point75 design_point76 design_point77 design_point78 design_point79 design_point80 design_point81 design_point82 design_point83 design_point84 design_point85 design_point86 design_point87 design_point88 design_point89 design_point90 design_point91 design_point92 design_point93 design_point94 design_point95 design_point96 design_point97 design_point98 design_point99 design_point100 design_point101 design_point102 design_point103 design_point104 design_point105 design_point106 design_point107 design_point108
2.777343e-03 2.727208e-03 2.842465e-03 2.584283e-03 2.700773e-03 2.573041e-03 2.474307e-03 2.743861e-03 2.735433e-03 2.666162e-03 2.448975e-03 2.784531e-03 2.802075e-03 2.473871e-03 2.490955e-03 2.467764e-03 2.674955e-03 2.539430e-03 2.854562e-03 3.949829e-03 3.800743e-03 3.493843e-03 3.108873e-02 3.951973e-03 3.624453e-03 3.852499e-03 3.579667e-03 2.853201e-03 2.484483e-03 2.769142e-03 2.534319e-03 2.618778e-03 2.507758e-03 2.886051e-03 2.729694e-03 2.672306e-03 3.413332e-03 2.728695e-03 3.072969e-03 2.808897e-03 2.715909e-03 2.630781e-03 2.783291e-03 2.417578e-03 2.674605e-03 2.725035e-03 3.713308e-03 3.466649e-03 3.593968e-03 3.850220e-03 3.950392e-03 4.315053e-03 4.778459e-03 3.422588e-03 2.765587e-03 3.563585e-03 3.552964e-03 3.840148e-03 3.773714e-03 4.090607e-03 3.502634e-03 3.816668e-03 4.387903e-03 6.509583e-02 3.804875e-03 3.900825e-03 3.485826e-03 3.843275e-03 3.911152e-03 3.949903e-02 3.619930e-03 3.854916e-03 2.760437e-03 4.237318e-03 3.828128e-03 3.510890e-03 3.848758e-03 3.390124e-03 4.286644e-03 3.955693e-03 3.852519e-03 1.964749e-03 8.942983e-03 3.858267e-03 3.446867e-03 3.528490e-03 3.714083e-03 3.820274e-03 3.881374e-03 4.419147e-03 2.249738e-03 3.932440e-03 2.739767e-03 2.697676e-03 4.600985e-03 3.658706e-03 3.673703e-03 3.744778e-03 4.252034e-03 2.736342e-03 3.873926e-03 3.480397e-03 4.050446e-03 3.591714e-03 4.351143e-03 3.890842e-03 1.240844e-02 4.009813e-03
5.374457e-03 5.284615e-03 5.522821e-03 5.013779e-03 5.191130e-03 4.992551e-03 4.828237e-03 5.280188e-03 5.258535e-03 5.169096e-03 4.800551e-03 5.370193e-03 5.384888e-03 4.822733e-03 4.871523e-03 4.826861e-03 5.138464e-03 4.927143e-03 5.575956e-03 7.692643e-03 7.309141e-03 6.846242e-03 5.620031e-02 7.651788e-03 7.079426e-03 7.457038e-03 6.985812e-03 5.451320e-03 4.868186e-03 5.306549e-03 4.904553e-03 5.077495e-03 4.835295e-03 5.533955e-03 5.262842e-03 5.220294e-03 6.515445e-03 5.229493e-03 5.923203e-03 5.472862e-03 5.223942e-03 5.100800e-03 5.386790e-03 4.716281e-03 5.122494e-03 5.240705e-03 7.194831e-03 6.777862e-03 6.958236e-03 7.411861e-03 7.667142e-03 8.431410e-03 9.179850e-03 6.728455e-03 5.329158e-03 6.993030e-03 6.919798e-03 7.374548e-03 7.195913e-03 7.884852e-03 6.798791e-03 7.325885e-03 8.391658e-03 1.155039e-01 7.303238e-03 7.536514e-03 6.846317e-03 7.354205e-03 7.564375e-03 7.076316e-02 7.120766e-03 7.471224e-03 5.335132e-03 8.185403e-03 7.324547e-03 6.799006e-03 7.368263e-03 6.585560e-03 8.268808e-03 7.635348e-03 7.406372e-03 3.803515e-03 1.653733e-02 7.473040e-03 6.746857e-03 6.908811e-03 7.219463e-03 7.399679e-03 7.495756e-03 8.431799e-03 4.320287e-03 7.447898e-03 5.288850e-03 5.244414e-03 8.819034e-03 7.068543e-03 7.071581e-03 7.134070e-03 8.244258e-03 5.327405e-03 7.446557e-03 6.818583e-03 7.754607e-03 7.034715e-03 8.352054e-03 7.498288e-03 2.260063e-02 7.802498e-03
5.385148e-03 5.284960e-03 5.535912e-03 5.053371e-03 5.149125e-03 5.039963e-03 4.917143e-03 5.229148e-03 5.219487e-03 5.180151e-03 4.915828e-03 5.323596e-03 5.382518e-03 4.917947e-03 4.962009e-03 4.936519e-03 5.082225e-03 4.961832e-03 5.698682e-03 7.712497e-03 7.213257e-03 7.005201e-03 5.140758e-02 7.632396e-03 7.195944e-03 7.524178e-03 7.082475e-03 5.363651e-03 4.997906e-03 5.231080e-03 4.932040e-03 5.115068e-03 4.845999e-03 5.453434e-03 5.250381e-03 5.333930e-03 6.431791e-03 5.158966e-03 5.882000e-03 5.499216e-03 5.195764e-03 5.125763e-03 5.391142e-03 4.821545e-03 5.043921e-03 5.206482e-03 7.226723e-03 6.917986e-03 7.010653e-03 7.369349e-03 7.691756e-03 8.598175e-03 9.099517e-03 6.907360e-03 5.282221e-03 7.157588e-03 7.029091e-03 7.287881e-03 7.037735e-03 7.886905e-03 6.890047e-03 7.225264e-03 8.257474e-03 1.078809e-01 7.204956e-03 7.501979e-03 7.016373e-03 7.233755e-03 7.514349e-03 6.428335e-02 7.325790e-03 7.465179e-03 5.318859e-03 8.135425e-03 7.216262e-03 6.850552e-03 7.267040e-03 6.667116e-03 8.228419e-03 7.583941e-03 7.318844e-03 3.778446e-03 1.558994e-02 7.492692e-03 6.879398e-03 7.068116e-03 7.252613e-03 7.403476e-03 7.463086e-03 8.298625e-03 4.283100e-03 7.265088e-03 5.247588e-03 5.280351e-03 8.742156e-03 7.065074e-03 7.045506e-03 6.988503e-03 8.242706e-03 5.368210e-03 7.366330e-03 6.987106e-03 7.657330e-03 7.203850e-03 8.247075e-03 7.454014e-03 2.081490e-02 7.951882e-03
4.349395e-03 4.273861e-03 4.459905e-03 4.137864e-03 4.156228e-03 4.129423e-03 4.074075e-03 4.200500e-03 4.192696e-03 4.212808e-03 4.078815e-03 4.290269e-03 4.418253e-03 4.078559e-03 4.108297e-03 4.106046e-03 4.105622e-03 4.071996e-03 4.739107e-03 6.224991e-03 5.817072e-03 5.817253e-03 4.098793e-02 6.141739e-03 5.925809e-03 6.200424e-03 5.835064e-03 4.307617e-03 4.156183e-03 4.204868e-03 4.045986e-03 4.173713e-03 3.984154e-03 4.392451e-03 4.241426e-03 4.423326e-03 5.210964e-03 4.141406e-03 4.726012e-03 4.445084e-03 4.197973e-03 4.183579e-03 4.345020e-03 4.009561e-03 4.060005e-03 4.204166e-03 5.903248e-03 5.746975e-03 5.756344e-03 5.947737e-03 6.205679e-03 7.098610e-03 7.359262e-03 5.764419e-03 4.258464e-03 5.923036e-03 5.818611e-03 5.870931e-03 5.644932e-03 6.480067e-03 5.721362e-03 5.824127e-03 6.641674e-03 8.472396e-02 5.798662e-03 6.049727e-03 5.842024e-03 5.798597e-03 6.050296e-03 5.190513e-02 6.115399e-03 6.050724e-03 4.295177e-03 6.549025e-03 5.797725e-03 5.632589e-03 5.846151e-03 5.536597e-03 6.634350e-03 6.101613e-03 5.891238e-03 3.042833e-03 1.271303e-02 6.064078e-03 5.722806e-03 5.864755e-03 5.915832e-03 5.996414e-03 6.016386e-03 6.676429e-03 3.439326e-03 5.865018e-03 4.217903e-03 4.299006e-03 7.110533e-03 5.772612e-03 5.729999e-03 5.615744e-03 6.642858e-03 4.356502e-03 5.916947e-03 5.808720e-03 6.158852e-03 5.959190e-03 6.623451e-03 6.001584e-03 1.685389e-02 6.601235e-03
3.504725e-03 3.453474e-03 3.569229e-03 3.387248e-03 3.350422e-03 3.390440e-03 3.397010e-03 3.382078e-03 3.371817e-03 3.422472e-03 3.401239e-03 3.454358e-03 3.650771e-03 3.396026e-03 3.410114e-03 3.425058e-03 3.318982e-03 3.363413e-03 3.962519e-03 5.005985e-03 4.688310e-03 4.835110e-03 3.527537e-02 4.929267e-03 4.873899e-03 5.140208e-03 4.815264e-03 3.478647e-03 3.461590e-03 3.380181e-03 3.326577e-03 3.408125e-03 3.297853e-03 3.542321e-03 3.417307e-03 3.691061e-03 4.224096e-03 3.327861e-03 3.800345e-03 3.569990e-03 3.389365e-03 3.406675e-03 3.494567e-03 3.351371e-03 3.275790e-03 3.388780e-03 4.825830e-03 4.786945e-03 4.735573e-03 4.791101e-03 4.994562e-03 5.862153e-03 5.958134e-03 4.822871e-03 3.430316e-03 4.894484e-03 4.822929e-03 4.727945e-03 4.551089e-03 5.335952e-03 4.774242e-03 4.691078e-03 5.352392e-03 7.156561e-02 4.678865e-03 4.878611e-03 4.870526e-03 4.668460e-03 4.859184e-03 4.358640e-02 5.117236e-03 4.893063e-03 3.458056e-03 5.259490e-03 4.659247e-03 4.656021e-03 4.698408e-03 4.621040e-03 5.325767e-03 4.909820e-03 4.736972e-03 2.443577e-03 1.070111e-02 4.907990e-03 4.774497e-03 4.856424e-03 4.823430e-03 4.852467e-03 4.850571e-03 5.404209e-03 2.764585e-03 4.760700e-03 3.395769e-03 3.485058e-03 5.825450e-03 4.702314e-03 4.666770e-03 4.536681e-03 5.336747e-03 3.527498e-03 4.754804e-03 4.844662e-03 4.967852e-03 4.947939e-03 5.333442e-03 4.822366e-03 1.425153e-02 5.502268e-03
2.966239e-03 2.945880e-03 3.007568e-03 2.927709e-03 2.861576e-03 2.931130e-03 2.987726e-03 2.870919e-03 2.874238e-03 2.928843e-03 2.996188e-03 2.940495e-03 3.204284e-03 2.988925e-03 2.989677e-03 3.019431e-03 2.839396e-03 2.936555e-03 3.490398e-03 4.232282e-03 4.002138e-03 4.250282e-03 3.243155e-02 4.177191e-03 4.231584e-03 4.517997e-03 4.194754e-03 2.973347e-03 3.047718e-03 2.884192e-03 2.890063e-03 2.945549e-03 2.898656e-03 3.036161e-03 2.915944e-03 3.245828e-03 3.653059e-03 2.834850e-03 3.224732e-03 3.016850e-03 2.889952e-03 2.930369e-03 2.966289e-03 2.962857e-03 2.801276e-03 2.883905e-03 4.178703e-03 4.224614e-03 4.123319e-03 4.089698e-03 4.226080e-03 5.126046e-03 5.108467e-03 4.261638e-03 2.930338e-03 4.271778e-03 4.228889e-03 4.021944e-03 3.898449e-03 4.664649e-03 4.226427e-03 4.005013e-03 4.573174e-03 6.770956e-02 3.995995e-03 4.152473e-03 4.284960e-03 3.982080e-03 4.120935e-03 4.110224e-02 4.518371e-03 4.167301e-03 2.937897e-03 4.458486e-03 3.975414e-03 4.064055e-03 3.994305e-03 4.090007e-03 4.529669e-03 4.180845e-03 4.040520e-03 2.071351e-03 9.828798e-03 4.185345e-03 4.210883e-03 4.256339e-03 4.155855e-03 4.145959e-03 4.121062e-03 4.644218e-03 2.346250e-03 4.117306e-03 2.891846e-03 2.976475e-03 5.062102e-03 4.064737e-03 4.023756e-03 3.890417e-03 4.506431e-03 2.998669e-03 4.045352e-03 4.268560e-03 4.247885e-03 4.340756e-03 4.542054e-03 4.100242e-03 1.331009e-02 4.852708e-03
2.331563e-03 2.305435e-03 2.347848e-03 2.310942e-03 2.259950e-03 2.315615e-03 2.372026e-03 2.269244e-03 2.271421e-03 2.309713e-03 2.374364e-03 2.320778e-03 2.561933e-03 2.370986e-03 2.368125e-03 2.392640e-03 2.252978e-03 2.327213e-03 2.781755e-03 3.309602e-03 3.168560e-03 3.373704e-03 2.827572e-02 3.275119e-03 3.330316e-03 3.597884e-03 3.321124e-03 2.353637e-03 2.414740e-03 2.281719e-03 2.292518e-03 2.322663e-03 2.300347e-03 2.411690e-03 2.291049e-03 2.580223e-03 2.906582e-03 2.249457e-03 2.547574e-03 2.351229e-03 2.282163e-03 2.307369e-03 2.317500e-03 2.366727e-03 2.222236e-03 2.279977e-03 3.303553e-03 3.351374e-03 3.273337e-03 3.223406e-03 3.310738e-03 4.048901e-03 4.041472e-03 3.394514e-03 2.313338e-03 3.369963e-03 3.353297e-03 3.191986e-03 3.106016e-03 3.725978e-03 3.386440e-03 3.170356e-03 3.633399e-03 5.647621e-02 3.168830e-03 3.272651e-03 3.400061e-03 3.161918e-03 3.248866e-03 3.608579e-02 3.594813e-03 3.261035e-03 2.309865e-03 3.510685e-03 3.163700e-03 3.236466e-03 3.167997e-03 3.265454e-03 3.577977e-03 3.302234e-03 3.192796e-03 1.628996e-03 8.246873e-03 3.289690e-03 3.351682e-03 3.363789e-03 3.273233e-03 3.259658e-03 3.244858e-03 3.687341e-03 1.852555e-03 3.313457e-03 2.278995e-03 2.331035e-03 4.033126e-03 3.220976e-03 3.184899e-03 3.101946e-03 3.547102e-03 2.346685e-03 3.196714e-03 3.377018e-03 3.370511e-03 3.415341e-03 3.596605e-03 3.233080e-03 1.131361e-02 3.875983e-03
1.487734e-03 1.468119e-03 1.496089e-03 1.460181e-03 1.449351e-03 1.461006e-03 1.483746e-03 1.453689e-03 1.455783e-03 1.467346e-03 1.478481e-03 1.486126e-03 1.628669e-03 1.477657e-03 1.475196e-03 1.486285e-03 1.446921e-03 1.463161e-03 1.733086e-03 2.110169e-03 2.038736e-03 2.093528e-03 1.857319e-02 2.102523e-03 2.085269e-03 2.257247e-03 2.078349e-03 1.523580e-03 1.496613e-03 1.479269e-03 1.445124e-03 1.467662e-03 1.444411e-03 1.552702e-03 1.470112e-03 1.603676e-03 1.873911e-03 1.443158e-03 1.625926e-03 1.494481e-03 1.457602e-03 1.464100e-03 1.480322e-03 1.469427e-03 1.433542e-03 1.458835e-03 2.081055e-03 2.079209e-03 2.066528e-03 2.062616e-03 2.110524e-03 2.531333e-03 2.596447e-03 2.107755e-03 1.484022e-03 2.101832e-03 2.095597e-03 2.045400e-03 2.013215e-03 2.354436e-03 2.122797e-03 2.039551e-03 2.347580e-03 3.699765e-02 2.038855e-03 2.094409e-03 2.107812e-03 2.037203e-03 2.075077e-03 2.401527e-02 2.228750e-03 2.076911e-03 1.470556e-03 2.252467e-03 2.038371e-03 2.037736e-03 2.045395e-03 2.049221e-03 2.281781e-03 2.110591e-03 2.053828e-03 1.040628e-03 5.457259e-03 2.085242e-03 2.089694e-03 2.096359e-03 2.067034e-03 2.077780e-03 2.075419e-03 2.388543e-03 1.192935e-03 2.144672e-03 1.462502e-03 1.474288e-03 2.586622e-03 2.038299e-03 2.040946e-03 2.010389e-03 2.254022e-03 1.483053e-03 2.056863e-03 2.096821e-03 2.171601e-03 2.121148e-03 2.318600e-03 2.071720e-03 7.523885e-03 2.422220e-03
3.504604e-04 3.510260e-04 3.454034e-04 3.376069e-04 3.451398e-04 3.414975e-04 3.395668e-04 3.491422e-04 3.480812e-04 3.442264e-04 3.422985e-04 3.597216e-04 3.866722e-04 3.385643e-04 3.403593e-04 3.424702e-04 3.430510e-04 3.457937e-04 4.026225e-04 4.920096e-04 4.909178e-04 4.781812e-04 4.965188e-03 4.939468e-04 4.822979e-04 5.269336e-04 4.838288e-04 3.655377e-04 3.436034e-04 3.562755e-04 3.482340e-04 3.436737e-04 3.434461e-04 3.754645e-04 3.475327e-04 3.697958e-04 4.570252e-04 3.484349e-04 3.912188e-04 3.485179e-04 3.466471e-04 3.463314e-04 3.480473e-04 3.397831e-04 3.469756e-04 3.499442e-04 4.897334e-04 4.793881e-04 4.804916e-04 4.936583e-04 5.001161e-04 5.856941e-04 6.196578e-04 4.833858e-04 3.486985e-04 4.844116e-04 4.933665e-04 4.858805e-04 4.899243e-04 5.589130e-04 4.912534e-04 4.920107e-04 5.647677e-04 1.023672e-02 4.909454e-04 4.950525e-04 4.781474e-04 4.913928e-04 4.968320e-04 6.423396e-03 5.071581e-04 4.907651e-04 3.539297e-04 5.295639e-04 4.979918e-04 4.809473e-04 4.875513e-04 4.834783e-04 5.452079e-04 5.090226e-04 4.912366e-04 2.443167e-04 1.357424e-03 4.906490e-04 4.824998e-04 4.801675e-04 4.853704e-04 4.897542e-04 4.969621e-04 5.761134e-04 2.821929e-04 5.271129e-04 3.487565e-04 3.426659e-04 6.242605e-04 4.857708e-04 4.840968e-04 4.837917e-04 5.324892e-04 3.477949e-04 5.005325e-04 4.804829e-04 5.229190e-04 4.829503e-04 5.617112e-04 4.967205e-04 2.011872e-03 5.549498e-04
