# Version 0.0
# Data /lustre/isaac24/proj/UTK0244/cbaillar/Bayes_HEP/Detroit_tune_Project/input/Data/Data__200__pp__STAR_2020_I1783875__d17-x01-y01.dat
# Observable: $1/N_{jets}$
# Subobservable: $z_{g}$
# Design Design_Rivet.dat
# design_point1 design_point2 design_point3 design_point4 design_point5 design_point6 design_point7 design_point8 design_point9 design_point10 design_point11 design_point12 design_point13 design_point14 design_point15 design_point16 design_point17 design_point18 design_point19 design_point20 design_point21 design_point22 design_point23 design_point24 design_point25 design_point26 design_point27 design_point28 design_point29 design_point30 design_point31 design_point32 design_point33 design_point34 design_point35 design_point36 design_point37 design_point38 design_point39 design_point40 design_point41 design_point42 design_point43 design_point44 design_point45 design_point46 design_point47 design_point48 design_point49 design_point50 design_point51 design_point52 design_point53 design_point54 design_point55 design_point56 design_point57 design_point58 design_point59 design_point60 design_point61 design_point62 design_point63 design_point64 design_point65 design_point66 design_point67 design_point68 design_point69 design_point70 design_point71 design_point72 design_point73 design_point74 design_point75 design_point76 design_point77 design_point78 design_point79 design_point80 design_point81 design_point82 design_point83 design_point84 design_point85 design_point86 design_point87 design_point88 design_point89 design_point90 design_point91 design_point92 design_point93 design_point94 design_point95 design_point96 design_point97 design_point98 design_point99 design_point100 design_point101 design_point102 design_point103 design_point104 design_point105 design_point106 design_point107 design_point108
4.400556e-03 4.395900e-03 4.414181e-03 4.387589e-03 4.378763e-03 4.385967e-03 4.388184e-03 4.384079e-03 4.386377e-03 4.388726e-03 4.391712e-03 4.456188e-03 4.801955e-03 4.381611e-03 4.384742e-03 4.390409e-03 4.377332e-03 4.380538e-03 4.907014e-03 6.229768e-03 6.186152e-03 6.228359e-03 9.255727e-02 6.224152e-03 6.211270e-03 6.622520e-03 6.194260e-03 4.575607e-03 4.398220e-03 4.451486e-03 4.375911e-03 4.389269e-03 4.366338e-03 4.627916e-03 4.391266e-03 4.688913e-03 5.276647e-03 4.379669e-03 4.764510e-03 4.411086e-03 4.387394e-03 4.388624e-03 4.399196e-03 4.381118e-03 4.367721e-03 4.386653e-03 6.203735e-03 6.191517e-03 6.191413e-03 6.203971e-03 6.230841e-03 7.055694e-03 7.322041e-03 6.205828e-03 4.454026e-03 6.215099e-03 6.247757e-03 6.196637e-03 6.179582e-03 6.896786e-03 6.322213e-03 6.191597e-03 6.857438e-03 1.973548e-01 6.188098e-03 6.245470e-03 6.213271e-03 6.185465e-03 6.216968e-03 1.326388e-01 6.451921e-03 6.217986e-03 4.395487e-03 6.582630e-03 6.186918e-03 6.179085e-03 6.191170e-03 6.175571e-03 6.661318e-03 6.327026e-03 6.190392e-03 3.109670e-03 1.956624e-02 6.218727e-03 6.203731e-03 6.209211e-03 6.204234e-03 6.214586e-03 6.209697e-03 6.974480e-03 3.582844e-03 5.806170e-03 4.386739e-03 4.399563e-03 7.352109e-03 6.186756e-03 6.187756e-03 6.167981e-03 6.586666e-03 4.403925e-03 6.199290e-03 6.205371e-03 6.500881e-03 6.228023e-03 6.770118e-03 6.208248e-03 3.409444e-02 6.887049e-03
3.731660e-03 3.721503e-03 3.736727e-03 3.719447e-03 3.714182e-03 3.719165e-03 3.724122e-03 3.717515e-03 3.718754e-03 3.718641e-03 3.729251e-03 3.779986e-03 4.080818e-03 3.724337e-03 3.724032e-03 3.729338e-03 3.709334e-03 3.718535e-03 4.170360e-03 5.285701e-03 5.252367e-03 5.285465e-03 7.904588e-02 5.274140e-03 5.267847e-03 5.626071e-03 5.261579e-03 3.878034e-03 3.733406e-03 3.772112e-03 3.712362e-03 3.721793e-03 3.708368e-03 3.923484e-03 3.719356e-03 3.981409e-03 4.480958e-03 3.710618e-03 4.033797e-03 3.736511e-03 3.718376e-03 3.722544e-03 3.730824e-03 3.719451e-03 3.704322e-03 3.718472e-03 5.262738e-03 5.262791e-03 5.253690e-03 5.256980e-03 5.275189e-03 5.991259e-03 6.213639e-03 5.272545e-03 3.773900e-03 5.274920e-03 5.303165e-03 5.250018e-03 5.233739e-03 5.860583e-03 5.370623e-03 5.246087e-03 5.824149e-03 1.716929e-01 5.246389e-03 5.291464e-03 5.274401e-03 5.243113e-03 5.266741e-03 1.122405e-01 5.475278e-03 5.269959e-03 3.728416e-03 5.578213e-03 5.243057e-03 5.242784e-03 5.244137e-03 5.246165e-03 5.643583e-03 5.363375e-03 5.257246e-03 2.633397e-03 1.662255e-02 5.268032e-03 5.265044e-03 5.271934e-03 5.271003e-03 5.263882e-03 5.261102e-03 5.916521e-03 3.036592e-03 4.931996e-03 3.723012e-03 3.730683e-03 6.244819e-03 5.249339e-03 5.246440e-03 5.225880e-03 5.582933e-03 3.734641e-03 5.252785e-03 5.268517e-03 5.512535e-03 5.285725e-03 5.745329e-03 5.256557e-03 2.926739e-02 5.849408e-03
3.240972e-03 3.237075e-03 3.248334e-03 3.234548e-03 3.225799e-03 3.234960e-03 3.237783e-03 3.230767e-03 3.228061e-03 3.241056e-03 3.240047e-03 3.288913e-03 3.543557e-03 3.229720e-03 3.238641e-03 3.237917e-03 3.226950e-03 3.235227e-03 3.621773e-03 4.588743e-03 4.560687e-03 4.591653e-03 7.139507e-02 4.581007e-03 4.578802e-03 4.884897e-03 4.574521e-03 3.374882e-03 3.245152e-03 3.278906e-03 3.222764e-03 3.232657e-03 3.225780e-03 3.411012e-03 3.235998e-03 3.461006e-03 3.893651e-03 3.225346e-03 3.508194e-03 3.246102e-03 3.233309e-03 3.237831e-03 3.244589e-03 3.234459e-03 3.220120e-03 3.231086e-03 4.573574e-03 4.567262e-03 4.559695e-03 4.570539e-03 4.589750e-03 5.212763e-03 5.406466e-03 4.582188e-03 3.278209e-03 4.585425e-03 4.610339e-03 4.564581e-03 4.552732e-03 5.092485e-03 4.668780e-03 4.567641e-03 5.062562e-03 1.479034e-01 4.553369e-03 4.602493e-03 4.585365e-03 4.553705e-03 4.574373e-03 1.001233e-01 4.765359e-03 4.581836e-03 3.236166e-03 4.847742e-03 4.561544e-03 4.551892e-03 4.560134e-03 4.558194e-03 4.906433e-03 4.662980e-03 4.568106e-03 2.287390e-03 1.454038e-02 4.582018e-03 4.574446e-03 4.581905e-03 4.576121e-03 4.573620e-03 4.573387e-03 5.138995e-03 2.637872e-03 4.284172e-03 3.232754e-03 3.239154e-03 5.426571e-03 4.561805e-03 4.559145e-03 4.544070e-03 4.856285e-03 3.242797e-03 4.569505e-03 4.578941e-03 4.789074e-03 4.591417e-03 4.994736e-03 4.572953e-03 2.543138e-02 5.082521e-03
2.901972e-03 2.897780e-03 2.909225e-03 2.892341e-03 2.893588e-03 2.897265e-03 2.896725e-03 2.895199e-03 2.893532e-03 2.895546e-03 2.897043e-03 2.944234e-03 3.171613e-03 2.893424e-03 2.893188e-03 2.895841e-03 2.888336e-03 2.894945e-03 3.237756e-03 4.110521e-03 4.083028e-03 4.114919e-03 6.355528e-02 4.107008e-03 4.104019e-03 4.375553e-03 4.094092e-03 3.019182e-03 2.901877e-03 2.933073e-03 2.891290e-03 2.896065e-03 2.887488e-03 3.056241e-03 2.897100e-03 3.091221e-03 3.485833e-03 2.894263e-03 3.143836e-03 2.908957e-03 2.899446e-03 2.894617e-03 2.903768e-03 2.889620e-03 2.880200e-03 2.894400e-03 4.093816e-03 4.088906e-03 4.082535e-03 4.088941e-03 4.109760e-03 4.658681e-03 4.842631e-03 4.098815e-03 2.940079e-03 4.102667e-03 4.125180e-03 4.087574e-03 4.077478e-03 4.553389e-03 4.175958e-03 4.083037e-03 4.540425e-03 1.316824e-01 4.085660e-03 4.126626e-03 4.102779e-03 4.081594e-03 4.101208e-03 8.979852e-02 4.260115e-03 4.099136e-03 2.900445e-03 4.345303e-03 4.080333e-03 4.077339e-03 4.084161e-03 4.072664e-03 4.398621e-03 4.179486e-03 4.085580e-03 2.050406e-03 1.301958e-02 4.103653e-03 4.093045e-03 4.096377e-03 4.094741e-03 4.094358e-03 4.094512e-03 4.605423e-03 2.364641e-03 3.844797e-03 2.894788e-03 2.903379e-03 4.860945e-03 4.081795e-03 4.081589e-03 4.068596e-03 4.342824e-03 2.907623e-03 4.092735e-03 4.097261e-03 4.287985e-03 4.108866e-03 4.465427e-03 4.097933e-03 2.295967e-02 4.551504e-03
2.674524e-03 2.670583e-03 2.681485e-03 2.664559e-03 2.664093e-03 2.661966e-03 2.665948e-03 2.668744e-03 2.663992e-03 2.668901e-03 2.665194e-03 2.710609e-03 2.919423e-03 2.663789e-03 2.665258e-03 2.665453e-03 2.660925e-03 2.664426e-03 2.982377e-03 3.784126e-03 3.759442e-03 3.785106e-03 5.886091e-02 3.782099e-03 3.770322e-03 4.025262e-03 3.769974e-03 2.786101e-03 2.669365e-03 2.708406e-03 2.660632e-03 2.662010e-03 2.658689e-03 2.815080e-03 2.666607e-03 2.848571e-03 3.209964e-03 2.662715e-03 2.895796e-03 2.680840e-03 2.664067e-03 2.665934e-03 2.674490e-03 2.661188e-03 2.655103e-03 2.665838e-03 3.770665e-03 3.766379e-03 3.760049e-03 3.769115e-03 3.787544e-03 4.285047e-03 4.451465e-03 3.771661e-03 2.708974e-03 3.774829e-03 3.796605e-03 3.765506e-03 3.756735e-03 4.193946e-03 3.842649e-03 3.759900e-03 4.180534e-03 1.238526e-01 3.762539e-03 3.789613e-03 3.766824e-03 3.764245e-03 3.774721e-03 8.298936e-02 3.918620e-03 3.775414e-03 2.671517e-03 4.006787e-03 3.756799e-03 3.753467e-03 3.761371e-03 3.751515e-03 4.048951e-03 3.843951e-03 3.766721e-03 1.889627e-03 1.199931e-02 3.779265e-03 3.768066e-03 3.769889e-03 3.767926e-03 3.775410e-03 3.771754e-03 4.242337e-03 2.179066e-03 3.540550e-03 2.667787e-03 2.670358e-03 4.477273e-03 3.765293e-03 3.757732e-03 3.746959e-03 3.999197e-03 2.676326e-03 3.771008e-03 3.769026e-03 3.953013e-03 3.783197e-03 4.124789e-03 3.770380e-03 2.121952e-02 4.187215e-03
2.520550e-03 2.515604e-03 2.528628e-03 2.510956e-03 2.516770e-03 2.512223e-03 2.511290e-03 2.519028e-03 2.512434e-03 2.516685e-03 2.510873e-03 2.553616e-03 2.751242e-03 2.510505e-03 2.510778e-03 2.510608e-03 2.511930e-03 2.514169e-03 2.806422e-03 3.572977e-03 3.552257e-03 3.567571e-03 5.614589e-02 3.570158e-03 3.555933e-03 3.796738e-03 3.553180e-03 2.621934e-03 2.519925e-03 2.551547e-03 2.503329e-03 2.512092e-03 2.507586e-03 2.658536e-03 2.518813e-03 2.683115e-03 3.026489e-03 2.509788e-03 2.729558e-03 2.524660e-03 2.515842e-03 2.514237e-03 2.520516e-03 2.508579e-03 2.506665e-03 2.515200e-03 3.552632e-03 3.548484e-03 3.545859e-03 3.562651e-03 3.571215e-03 4.042423e-03 4.207680e-03 3.557361e-03 2.553975e-03 3.552647e-03 3.583780e-03 3.551810e-03 3.548157e-03 3.951222e-03 3.622515e-03 3.551297e-03 3.942461e-03 1.169279e-01 3.549583e-03 3.578406e-03 3.554373e-03 3.546012e-03 3.563455e-03 8.003505e-02 3.691984e-03 3.560302e-03 2.519144e-03 3.781234e-03 3.549113e-03 3.541397e-03 3.552523e-03 3.534306e-03 3.828017e-03 3.630272e-03 3.553941e-03 1.783731e-03 1.129477e-02 3.567955e-03 3.549356e-03 3.549595e-03 3.559069e-03 3.561718e-03 3.564390e-03 3.997379e-03 2.051887e-03 3.333683e-03 2.515375e-03 2.522777e-03 4.218929e-03 3.544868e-03 3.550669e-03 3.538608e-03 3.778354e-03 2.522449e-03 3.557806e-03 3.551872e-03 3.728563e-03 3.567696e-03 3.891650e-03 3.561007e-03 2.012169e-02 3.946537e-03
2.428783e-03 2.427756e-03 2.435964e-03 2.418161e-03 2.422539e-03 2.420411e-03 2.419930e-03 2.423623e-03 2.421105e-03 2.423377e-03 2.422091e-03 2.462276e-03 2.652476e-03 2.416614e-03 2.418983e-03 2.422496e-03 2.416467e-03 2.423461e-03 2.701067e-03 3.443712e-03 3.416673e-03 3.434214e-03 5.277599e-02 3.436313e-03 3.423240e-03 3.655451e-03 3.420314e-03 2.531562e-03 2.424382e-03 2.461754e-03 2.413104e-03 2.423648e-03 2.414903e-03 2.559835e-03 2.428213e-03 2.581863e-03 2.919290e-03 2.422839e-03 2.634824e-03 2.433634e-03 2.425834e-03 2.419818e-03 2.430606e-03 2.416068e-03 2.415931e-03 2.421284e-03 3.424795e-03 3.416147e-03 3.413994e-03 3.428257e-03 3.442880e-03 3.894731e-03 4.058760e-03 3.418812e-03 2.461780e-03 3.425248e-03 3.442894e-03 3.419390e-03 3.417519e-03 3.802363e-03 3.494417e-03 3.421746e-03 3.795247e-03 1.154932e-01 3.418892e-03 3.450456e-03 3.425362e-03 3.418438e-03 3.433330e-03 7.714600e-02 3.557574e-03 3.430205e-03 2.428479e-03 3.638801e-03 3.417119e-03 3.406951e-03 3.422634e-03 3.406017e-03 3.679921e-03 3.493720e-03 3.423388e-03 1.718996e-03 1.087217e-02 3.431275e-03 3.418618e-03 3.420950e-03 3.419523e-03 3.427873e-03 3.427639e-03 3.861765e-03 1.979134e-03 3.215352e-03 2.421769e-03 2.426964e-03 4.071651e-03 3.417745e-03 3.408355e-03 3.409486e-03 3.636408e-03 2.435817e-03 3.424310e-03 3.418836e-03 3.600172e-03 3.434873e-03 3.739888e-03 3.427965e-03 1.913966e-02 3.793923e-03
2.382386e-03 2.378816e-03 2.391035e-03 2.374401e-03 2.378876e-03 2.372496e-03 2.370530e-03 2.376034e-03 2.379636e-03 2.374866e-03 2.369509e-03 2.415307e-03 2.600671e-03 2.372480e-03 2.366747e-03 2.373391e-03 2.367451e-03 2.371933e-03 2.651396e-03 3.370877e-03 3.349312e-03 3.367462e-03 5.148566e-02 3.369323e-03 3.359607e-03 3.584990e-03 3.349416e-03 2.482420e-03 2.371042e-03 2.414635e-03 2.367097e-03 2.373555e-03 2.368782e-03 2.511441e-03 2.382890e-03 2.535722e-03 2.859036e-03 2.376258e-03 2.583084e-03 2.391325e-03 2.379475e-03 2.375853e-03 2.384076e-03 2.364964e-03 2.366814e-03 2.374821e-03 3.359921e-03 3.342624e-03 3.352663e-03 3.364956e-03 3.376247e-03 3.819638e-03 3.969420e-03 3.351446e-03 2.415986e-03 3.356946e-03 3.372690e-03 3.356618e-03 3.353554e-03 3.730763e-03 3.415457e-03 3.359877e-03 3.729913e-03 1.086495e-01 3.356059e-03 3.383053e-03 3.354793e-03 3.350713e-03 3.362144e-03 7.529550e-02 3.486719e-03 3.369987e-03 2.379004e-03 3.561458e-03 3.351894e-03 3.339773e-03 3.356759e-03 3.333456e-03 3.619228e-03 3.429864e-03 3.360297e-03 1.682662e-03 1.064269e-02 3.368015e-03 3.349785e-03 3.355538e-03 3.363888e-03 3.363150e-03 3.360720e-03 3.780066e-03 1.940667e-03 3.145702e-03 2.376248e-03 2.378215e-03 3.992920e-03 3.346891e-03 3.345000e-03 3.345819e-03 3.568898e-03 2.385235e-03 3.360324e-03 3.355633e-03 3.526590e-03 3.370870e-03 3.668850e-03 3.362792e-03 1.895192e-02 3.716661e-03
