# Version 0.0
# Data /lustre/isaac24/proj/UTK0244/cbaillar/Bayes_HEP/Detroit_tune_Project/input/Data/Data__200__pp__STAR_2019_I1771348__d03-x01-y01.dat
# Observable: $ \langle p^{ch}_{T} \rangle$
# Subobservable: Leading jet $p_{T} [GeV/c]$
# Design Design_Rivet.dat
# design_point1 design_point2 design_point3 design_point4 design_point5 design_point6 design_point7 design_point8 design_point9 design_point10 design_point11 design_point12 design_point13 design_point14 design_point15 design_point16 design_point17 design_point18 design_point19 design_point20 design_point21 design_point22 design_point23 design_point24 design_point25 design_point26 design_point27 design_point28 design_point29 design_point30 design_point31 design_point32 design_point33 design_point34 design_point35 design_point36 design_point37 design_point38 design_point39 design_point40 design_point41 design_point42 design_point43 design_point44 design_point45 design_point46 design_point47 design_point48 design_point49 design_point50 design_point51 design_point52 design_point53 design_point54 design_point55 design_point56 design_point57 design_point58 design_point59 design_point60 design_point61 design_point62 design_point63 design_point64 design_point65 design_point66 design_point67 design_point68 design_point69 design_point70 design_point71 design_point72 design_point73 design_point74 design_point75 design_point76 design_point77 design_point78 design_point79 design_point80 design_point81 design_point82 design_point83 design_point84 design_point85 design_point86 design_point87 design_point88 design_point89 design_point90 design_point91 design_point92 design_point93 design_point94 design_point95 design_point96 design_point97 design_point98 design_point99 design_point100 design_point101 design_point102 design_point103 design_point104 design_point105 design_point106 design_point107 design_point108
9.782737e-01 9.326189e-01 1.056709e+00 8.157485e-01 9.670577e-01 8.088699e-01 7.354641e-01 1.051259e+00 1.017991e+00 8.726596e-01 7.399021e-01 1.011169e+00 7.911083e-01 7.492604e-01 7.707029e-01 7.504900e-01 9.517624e-01 7.282170e-01 7.492603e-01 9.983122e-01 9.921753e-01 7.361440e-01 7.292918e-01 1.041287e+00 7.840383e-01 7.507289e-01 7.887691e-01 1.032526e+00 7.544660e-01 1.046201e+00 8.016781e-01 8.235535e-01 6.897294e-01 9.973398e-01 9.471482e-01 7.371838e-01 8.683390e-01 1.060935e+00 1.043295e+00 1.002406e+00 9.626954e-01 8.505694e-01 1.000994e+00 7.507248e-01 1.006979e+00 9.886862e-01 7.687533e-01 7.637342e-01 8.001728e-01 9.694851e-01 9.883557e-01 7.808201e-01 9.158243e-01 7.553025e-01 9.899260e-01 7.791433e-01 7.729823e-01 1.022457e+00 1.052062e+00 7.971802e-01 7.671274e-01 1.006957e+00 1.034886e+00 7.203328e-01 9.938127e-01 9.821853e-01 7.551731e-01 1.021335e+00 1.043792e+00 7.263936e-01 7.620852e-01 9.166194e-01 9.873858e-01 1.047396e+00 1.055296e+00 7.809805e-01 1.053915e+00 7.413692e-01 1.011954e+00 1.007335e+00 1.038732e+00 1.044082e+00 7.333582e-01 8.641590e-01 7.441071e-01 7.726328e-01 8.479877e-01 8.697445e-01 9.958786e-01 9.643908e-01 1.062824e+00 9.317534e-01 1.020727e+00 8.740619e-01 8.235429e-01 8.431602e-01 8.594709e-01 1.017702e+00 1.024538e+00 9.093178e-01 1.042747e+00 7.592375e-01 1.007018e+00 7.289430e-01 1.059621e+00 1.023296e+00 7.325746e-01 7.680158e-01
1.120771e+00 1.075017e+00 1.204928e+00 9.148074e-01 1.115079e+00 8.949515e-01 7.931493e-01 1.190985e+00 1.167570e+00 9.915134e-01 7.995034e-01 1.155332e+00 8.709676e-01 8.053818e-01 8.312743e-01 8.070395e-01 1.095970e+00 7.851092e-01 8.083605e-01 1.145894e+00 1.147505e+00 7.962772e-01 7.908058e-01 1.187307e+00 8.599104e-01 8.063400e-01 8.553356e-01 1.188689e+00 8.121657e-01 1.199122e+00 8.890884e-01 8.808149e-01 7.397330e-01 1.156685e+00 1.101327e+00 7.971864e-01 9.861175e-01 1.210240e+00 1.179982e+00 1.160074e+00 1.103236e+00 9.579715e-01 1.152918e+00 8.089533e-01 1.161216e+00 1.135717e+00 8.251920e-01 8.248352e-01 8.617564e-01 1.119451e+00 1.134124e+00 8.391581e-01 1.053413e+00 8.137048e-01 1.129237e+00 8.485058e-01 8.411499e-01 1.170422e+00 1.188163e+00 8.805435e-01 8.258285e-01 1.151778e+00 1.198198e+00 7.824688e-01 1.140267e+00 1.125602e+00 8.140827e-01 1.177391e+00 1.184414e+00 7.884399e-01 8.211496e-01 1.056072e+00 1.138017e+00 1.193570e+00 1.197435e+00 8.558213e-01 1.210566e+00 8.010331e-01 1.156496e+00 1.141559e+00 1.187183e+00 1.192313e+00 7.939514e-01 9.701012e-01 8.028118e-01 8.383966e-01 9.525376e-01 9.977023e-01 1.129223e+00 1.108841e+00 1.207721e+00 1.069806e+00 1.170629e+00 9.964964e-01 9.273950e-01 9.456017e-01 9.743239e-01 1.163946e+00 1.176004e+00 1.043318e+00 1.198344e+00 8.194125e-01 1.152313e+00 7.826356e-01 1.195665e+00 1.158466e+00 7.930522e-01 8.291230e-01
1.257142e+00 1.203502e+00 1.353687e+00 1.003229e+00 1.231128e+00 9.937306e-01 8.518521e-01 1.347688e+00 1.302503e+00 1.116228e+00 8.629865e-01 1.260967e+00 9.595685e-01 8.635661e-01 8.945707e-01 8.631846e-01 1.210843e+00 8.440658e-01 8.666354e-01 1.257349e+00 1.265008e+00 8.579839e-01 8.564229e-01 1.324419e+00 9.490258e-01 8.628226e-01 9.244353e-01 1.304327e+00 8.719236e-01 1.337297e+00 9.831420e-01 9.426980e-01 7.906205e-01 1.287128e+00 1.246207e+00 8.600117e-01 1.108554e+00 1.344263e+00 1.294971e+00 1.294942e+00 1.246341e+00 1.072365e+00 1.279989e+00 8.671730e-01 1.288653e+00 1.261110e+00 8.854321e-01 8.888175e-01 9.217550e-01 1.249125e+00 1.253000e+00 8.958575e-01 1.212807e+00 8.719852e-01 1.274802e+00 9.231524e-01 9.143657e-01 1.317605e+00 1.343559e+00 9.659490e-01 8.857845e-01 1.296743e+00 1.334636e+00 8.470797e-01 1.273244e+00 1.265454e+00 8.722096e-01 1.339728e+00 1.337691e+00 8.524052e-01 8.798310e-01 1.205705e+00 1.270337e+00 1.298351e+00 1.334716e+00 9.372986e-01 1.332081e+00 8.635897e-01 1.305637e+00 1.282132e+00 1.345405e+00 1.340300e+00 8.567200e-01 1.076783e+00 8.653506e-01 9.061513e-01 1.072823e+00 1.135223e+00 1.282142e+00 1.245138e+00 1.363101e+00 1.204987e+00 1.308012e+00 1.128599e+00 1.034960e+00 1.070563e+00 1.090916e+00 1.308248e+00 1.326212e+00 1.187853e+00 1.339371e+00 8.810720e-01 1.276634e+00 8.389283e-01 1.344647e+00 1.317678e+00 8.595546e-01 8.910861e-01
1.420095e+00 1.373565e+00 1.525256e+00 1.160364e+00 1.410312e+00 1.124749e+00 9.364893e-01 1.508067e+00 1.479660e+00 1.270000e+00 9.545315e-01 1.416909e+00 1.076382e+00 9.394089e-01 9.787977e-01 9.383782e-01 1.398934e+00 9.341160e-01 9.599718e-01 1.406039e+00 1.442953e+00 9.531432e-01 9.726158e-01 1.473667e+00 1.071420e+00 9.432808e-01 1.013209e+00 1.507530e+00 9.495625e-01 1.488422e+00 1.116772e+00 1.027969e+00 8.881835e-01 1.454177e+00 1.375624e+00 9.684850e-01 1.287332e+00 1.469090e+00 1.500524e+00 1.505645e+00 1.414995e+00 1.230554e+00 1.479573e+00 9.525508e-01 1.484879e+00 1.431432e+00 9.841847e-01 9.766403e-01 1.011928e+00 1.414131e+00 1.446282e+00 9.701112e-01 1.380090e+00 9.547790e-01 1.455544e+00 1.032842e+00 1.023136e+00 1.514435e+00 1.472561e+00 1.103274e+00 9.678158e-01 1.453972e+00 1.521596e+00 9.630911e-01 1.438816e+00 1.418834e+00 9.512661e-01 1.511379e+00 1.535907e+00 9.543469e-01 9.582904e-01 1.338159e+00 1.424329e+00 1.516800e+00 1.517852e+00 1.062663e+00 1.473827e+00 9.507754e-01 1.493874e+00 1.465457e+00 1.494631e+00 1.508026e+00 9.503983e-01 1.253887e+00 9.569603e-01 1.012663e+00 1.214446e+00 1.313460e+00 1.441079e+00 1.453245e+00 1.531660e+00 1.379025e+00 1.454317e+00 1.301313e+00 1.188211e+00 1.215179e+00 1.263755e+00 1.484186e+00 1.494551e+00 1.316465e+00 1.480824e+00 9.590133e-01 1.467262e+00 9.147007e-01 1.536309e+00 1.509207e+00 9.606505e-01 9.700837e-01
1.758535e+00 1.652670e+00 1.745423e+00 1.427804e+00 1.715876e+00 1.398094e+00 1.137946e+00 1.887616e+00 1.736603e+00 1.554132e+00 1.204496e+00 1.765656e+00 1.314860e+00 1.143566e+00 1.169846e+00 1.135051e+00 1.658093e+00 1.174167e+00 1.160289e+00 1.697704e+00 1.668412e+00 1.239162e+00 1.200438e+00 1.820189e+00 1.258371e+00 1.133122e+00 1.247519e+00 1.630727e+00 1.152234e+00 1.692346e+00 1.405072e+00 1.250239e+00 1.087330e+00 1.628442e+00 1.716743e+00 1.152463e+00 1.573310e+00 1.773615e+00 1.699316e+00 1.697759e+00 1.697512e+00 1.537741e+00 1.856633e+00 1.161513e+00 1.774088e+00 1.786727e+00 1.222003e+00 1.200804e+00 1.241995e+00 1.766077e+00 1.904095e+00 1.213589e+00 1.456188e+00 1.115440e+00 1.657697e+00 1.264592e+00 1.236189e+00 1.781595e+00 1.690063e+00 1.370593e+00 1.150469e+00 1.750215e+00 1.781389e+00 1.283123e+00 1.746053e+00 1.695153e+00 1.129768e+00 1.761513e+00 1.706973e+00 1.183800e+00 1.143975e+00 1.688565e+00 1.749272e+00 1.812796e+00 1.776796e+00 1.287756e+00 1.698110e+00 1.151711e+00 1.860890e+00 1.786646e+00 1.768314e+00 1.832026e+00 1.208722e+00 1.420879e+00 1.163007e+00 1.181698e+00 1.426996e+00 1.657465e+00 1.703252e+00 1.804768e+00 1.847848e+00 1.757764e+00 1.808445e+00 1.687067e+00 1.474892e+00 1.474304e+00 1.508945e+00 1.807411e+00 1.693855e+00 1.549783e+00 1.776537e+00 1.158006e+00 1.823812e+00 1.091584e+00 1.818773e+00 1.918389e+00 1.222245e+00 1.149953e+00
2.276789e+00 2.133473e+00 2.396047e+00 1.783227e+00 1.996560e+00 1.722686e+00 1.475621e+00 1.946790e+00 2.376483e+00 1.705001e+00 1.625147e+00 2.837759e+00 1.465537e+00 1.302080e+00 1.440848e+00 1.273196e+00 1.805563e+00 1.261289e+00 1.372752e+00 1.921109e+00 2.010261e+00 1.518870e+00 1.228318e+00 1.914895e+00 1.711125e+00 1.436979e+00 1.469307e+00 1.685964e+00 1.473956e+00 2.062506e+00 1.695112e+00 1.600426e+00 1.274244e+00 1.927536e+00 1.908717e+00 1.437212e+00 1.920589e+00 2.361892e+00 2.840949e+00 2.035561e+00 2.170673e+00 1.581412e+00 2.219272e+00 1.443881e+00 2.146870e+00 1.964257e+00 1.711392e+00 1.345207e+00 1.404182e+00 1.915352e+00 2.017936e+00 1.429542e+00 2.149599e+00 1.421403e+00 1.834195e+00 1.515069e+00 1.576909e+00 1.930762e+00 2.102081e+00 1.828325e+00 1.411478e+00 1.960222e+00 1.900270e+00 1.374045e+00 2.297030e+00 2.148676e+00 1.447613e+00 2.442205e+00 2.109810e+00 1.229226e+00 1.376923e+00 2.091192e+00 2.107202e+00 1.825253e+00 1.715494e+00 1.632447e+00 1.994204e+00 1.391290e+00 2.295327e+00 2.166805e+00 2.236170e+00 2.127461e+00 1.472929e+00 1.874338e+00 1.471981e+00 1.586401e+00 1.815773e+00 1.863519e+00 2.124058e+00 2.027239e+00 2.575126e+00 1.966140e+00 1.979064e+00 1.576986e+00 1.685297e+00 1.946710e+00 1.747941e+00 2.257827e+00 1.962658e+00 1.962131e+00 2.281471e+00 1.470730e+00 1.896804e+00 1.218622e+00 2.038862e+00 2.363289e+00 1.813292e+00 1.351686e+00
