# Version 0.0
# Data /lustre/isaac24/proj/UTK0244/cbaillar/Bayes_HEP/Detroit_tune_Project/input/Data/Data__200__pp__STAR_2020_I1783875__d30-x01-y01.dat
# Observable: $1/N_{jets}$
# Subobservable: $z_{g}$
# Design Design_Rivet.dat
# design_point1 design_point2 design_point3 design_point4 design_point5 design_point6 design_point7 design_point8 design_point9 design_point10 design_point11 design_point12 design_point13 design_point14 design_point15 design_point16 design_point17 design_point18 design_point19 design_point20 design_point21 design_point22 design_point23 design_point24 design_point25 design_point26 design_point27 design_point28 design_point29 design_point30 design_point31 design_point32 design_point33 design_point34 design_point35 design_point36 design_point37 design_point38 design_point39 design_point40 design_point41 design_point42 design_point43 design_point44 design_point45 design_point46 design_point47 design_point48 design_point49 design_point50 design_point51 design_point52 design_point53 design_point54 design_point55 design_point56 design_point57 design_point58 design_point59 design_point60 design_point61 design_point62 design_point63 design_point64 design_point65 design_point66 design_point67 design_point68 design_point69 design_point70 design_point71 design_point72 design_point73 design_point74 design_point75 design_point76 design_point77 design_point78 design_point79 design_point80 design_point81 design_point82 design_point83 design_point84 design_point85 design_point86 design_point87 design_point88 design_point89 design_point90 design_point91 design_point92 design_point93 design_point94 design_point95 design_point96 design_point97 design_point98 design_point99 design_point100 design_point101 design_point102 design_point103 design_point104 design_point105 design_point106 design_point107 design_point108
6.399605e+00 6.422967e+00 6.352830e+00 6.581789e+00 6.401872e+00 6.586475e+00 6.729541e+00 6.347222e+00 6.370245e+00 6.484951e+00 6.713288e+00 6.384742e+00 6.640980e+00 6.731769e+00 6.676484e+00 6.751725e+00 6.424491e+00 6.631345e+00 6.725132e+00 6.399510e+00 6.395033e+00 6.713910e+00 6.655373e+00 6.360733e+00 6.641530e+00 6.700275e+00 6.618602e+00 6.366255e+00 6.732355e+00 6.355710e+00 6.603172e+00 6.522193e+00 6.723669e+00 6.397301e+00 6.411515e+00 6.639072e+00 6.471042e+00 6.338059e+00 6.360574e+00 6.399535e+00 6.414096e+00 6.536731e+00 6.385707e+00 6.736561e+00 6.377024e+00 6.396122e+00 6.581657e+00 6.732538e+00 6.587323e+00 6.400183e+00 6.392428e+00 6.626765e+00 6.442810e+00 6.736934e+00 6.390044e+00 6.675740e+00 6.686098e+00 6.368210e+00 6.356957e+00 6.622481e+00 6.706474e+00 6.380219e+00 6.376942e+00 6.870588e+00 6.384034e+00 6.401053e+00 6.709247e+00 6.393847e+00 6.361290e+00 6.643508e+00 6.735737e+00 6.442297e+00 6.393233e+00 6.364811e+00 6.349009e+00 6.651817e+00 6.346541e+00 6.703595e+00 6.370903e+00 6.368540e+00 6.359285e+00 6.371218e+00 6.578925e+00 6.446404e+00 6.708940e+00 6.685235e+00 6.534936e+00 6.468940e+00 6.392285e+00 6.400693e+00 6.346802e+00 6.427049e+00 6.367460e+00 6.493682e+00 6.544002e+00 6.533416e+00 6.506541e+00 6.374781e+00 6.368873e+00 6.460438e+00 6.370040e+00 6.734917e+00 6.377138e+00 6.752792e+00 6.350545e+00 6.381923e+00 6.650138e+00 6.699154e+00
3.814714e+00 3.826759e+00 3.789846e+00 3.891307e+00 3.824133e+00 3.889370e+00 3.934062e+00 3.804591e+00 3.806362e+00 3.850536e+00 3.947466e+00 3.808275e+00 3.911202e+00 3.956312e+00 3.940003e+00 3.962643e+00 3.819641e+00 3.901505e+00 3.948042e+00 3.815367e+00 3.810067e+00 3.936164e+00 4.177154e+00 3.809800e+00 3.906489e+00 3.922498e+00 3.918623e+00 3.802950e+00 3.946426e+00 3.800636e+00 3.899171e+00 3.866631e+00 3.909504e+00 3.800476e+00 3.814570e+00 3.922628e+00 3.839400e+00 3.802283e+00 3.805176e+00 3.803864e+00 3.816168e+00 3.857760e+00 3.809345e+00 3.952520e+00 3.813403e+00 3.815497e+00 3.870383e+00 3.948938e+00 3.896747e+00 3.813671e+00 3.806317e+00 3.916303e+00 3.831549e+00 3.962301e+00 3.814480e+00 3.930561e+00 3.939881e+00 3.809280e+00 3.798373e+00 3.909130e+00 3.961706e+00 3.806656e+00 3.799773e+00 3.976471e+00 3.803568e+00 3.814081e+00 3.951052e+00 3.810243e+00 3.800104e+00 4.055580e+00 3.966915e+00 3.833462e+00 3.809447e+00 3.799194e+00 3.802372e+00 3.927989e+00 3.796489e+00 3.951135e+00 3.809709e+00 3.802983e+00 3.802299e+00 3.799324e+00 3.924251e+00 3.830268e+00 3.944661e+00 3.945596e+00 3.862186e+00 3.842585e+00 3.815947e+00 3.818580e+00 3.802322e+00 3.821839e+00 3.803338e+00 3.854803e+00 3.869050e+00 3.868848e+00 3.863869e+00 3.809110e+00 3.802695e+00 3.836397e+00 3.796886e+00 3.954753e+00 3.813599e+00 3.923457e+00 3.792880e+00 3.798697e+00 3.919571e+00 3.947138e+00
2.565622e+00 2.566716e+00 2.569941e+00 2.564440e+00 2.561130e+00 2.568666e+00 2.563393e+00 2.564085e+00 2.557387e+00 2.568063e+00 2.573809e+00 2.566907e+00 2.574248e+00 2.568872e+00 2.574045e+00 2.562946e+00 2.572349e+00 2.557132e+00 2.576972e+00 2.557203e+00 2.566320e+00 2.568315e+00 2.454017e+00 2.559540e+00 2.571312e+00 2.569174e+00 2.573281e+00 2.565260e+00 2.569369e+00 2.563408e+00 2.572733e+00 2.568026e+00 2.549444e+00 2.568422e+00 2.567801e+00 2.580065e+00 2.563057e+00 2.567719e+00 2.565258e+00 2.562025e+00 2.561951e+00 2.564700e+00 2.559773e+00 2.570845e+00 2.565226e+00 2.563078e+00 2.567610e+00 2.571472e+00 2.572349e+00 2.565105e+00 2.560977e+00 2.576061e+00 2.559973e+00 2.589601e+00 2.563682e+00 2.567762e+00 2.572595e+00 2.561190e+00 2.568095e+00 2.572931e+00 2.587437e+00 2.570851e+00 2.563050e+00 2.188235e+00 2.569280e+00 2.560236e+00 2.574012e+00 2.566927e+00 2.561394e+00 2.648719e+00 2.581829e+00 2.561034e+00 2.569147e+00 2.563100e+00 2.562564e+00 2.568467e+00 2.569532e+00 2.575738e+00 2.565817e+00 2.567840e+00 2.567485e+00 2.564119e+00 2.605767e+00 2.562259e+00 2.577773e+00 2.572962e+00 2.572089e+00 2.555002e+00 2.565301e+00 2.566671e+00 2.562505e+00 2.564674e+00 2.563974e+00 2.564045e+00 2.567829e+00 2.568066e+00 2.562828e+00 2.568334e+00 2.565181e+00 2.561658e+00 2.565866e+00 2.573616e+00 2.565651e+00 2.555983e+00 2.567179e+00 2.564225e+00 2.562188e+00 2.579042e+00
1.903250e+00 1.895988e+00 1.915413e+00 1.870205e+00 1.899114e+00 1.871129e+00 1.847974e+00 1.914254e+00 1.910406e+00 1.892235e+00 1.851320e+00 1.910698e+00 1.860992e+00 1.843964e+00 1.861391e+00 1.839099e+00 1.895001e+00 1.865158e+00 1.850200e+00 1.908053e+00 1.906662e+00 1.849733e+00 1.761859e+00 1.911048e+00 1.857777e+00 1.851717e+00 1.866531e+00 1.903331e+00 1.849386e+00 1.917264e+00 1.871395e+00 1.886503e+00 1.843803e+00 1.904730e+00 1.904906e+00 1.872748e+00 1.890247e+00 1.916107e+00 1.913570e+00 1.907546e+00 1.903275e+00 1.883098e+00 1.909268e+00 1.842981e+00 1.912978e+00 1.903837e+00 1.872483e+00 1.850573e+00 1.872562e+00 1.907003e+00 1.908978e+00 1.865761e+00 1.896540e+00 1.847684e+00 1.904512e+00 1.857767e+00 1.853049e+00 1.911094e+00 1.910456e+00 1.862873e+00 1.852198e+00 1.905869e+00 1.909108e+00 1.929412e+00 1.907391e+00 1.914727e+00 1.851630e+00 1.902261e+00 1.916302e+00 1.754234e+00 1.851225e+00 1.896557e+00 1.906790e+00 1.911694e+00 1.913525e+00 1.855954e+00 1.915200e+00 1.852544e+00 1.909324e+00 1.912410e+00 1.913635e+00 1.908101e+00 1.880471e+00 1.894318e+00 1.854173e+00 1.854957e+00 1.885523e+00 1.897875e+00 1.904799e+00 1.898097e+00 1.908242e+00 1.900066e+00 1.910452e+00 1.888664e+00 1.877222e+00 1.881773e+00 1.883838e+00 1.908671e+00 1.905866e+00 1.895474e+00 1.906895e+00 1.849251e+00 1.910039e+00 1.847985e+00 1.916900e+00 1.906602e+00 1.809116e+00 1.856449e+00
1.529302e+00 1.529231e+00 1.543741e+00 1.485398e+00 1.535051e+00 1.485032e+00 1.452119e+00 1.548056e+00 1.543339e+00 1.509275e+00 1.453420e+00 1.535475e+00 1.468919e+00 1.446379e+00 1.465520e+00 1.446748e+00 1.527611e+00 1.475133e+00 1.447582e+00 1.538613e+00 1.537174e+00 1.458275e+00 1.505324e+00 1.540197e+00 1.470756e+00 1.456154e+00 1.478959e+00 1.543057e+00 1.450806e+00 1.541761e+00 1.478174e+00 1.501207e+00 1.456843e+00 1.532587e+00 1.535421e+00 1.465661e+00 1.513413e+00 1.544083e+00 1.537067e+00 1.537220e+00 1.538296e+00 1.499741e+00 1.544898e+00 1.449595e+00 1.535731e+00 1.535380e+00 1.487715e+00 1.446793e+00 1.484598e+00 1.532391e+00 1.539256e+00 1.471966e+00 1.522636e+00 1.445654e+00 1.534199e+00 1.462764e+00 1.455253e+00 1.544617e+00 1.545314e+00 1.484194e+00 1.450178e+00 1.531473e+00 1.535140e+00 1.505882e+00 1.536469e+00 1.530945e+00 1.453626e+00 1.541533e+00 1.541004e+00 1.346070e+00 1.445405e+00 1.521457e+00 1.536857e+00 1.542874e+00 1.545223e+00 1.466943e+00 1.544312e+00 1.454438e+00 1.545600e+00 1.541009e+00 1.544686e+00 1.542835e+00 1.469660e+00 1.527270e+00 1.449385e+00 1.458321e+00 1.497211e+00 1.511805e+00 1.534031e+00 1.533250e+00 1.546594e+00 1.523168e+00 1.541052e+00 1.506059e+00 1.492639e+00 1.502766e+00 1.505121e+00 1.540098e+00 1.536056e+00 1.525312e+00 1.541530e+00 1.444360e+00 1.542557e+00 1.448476e+00 1.546541e+00 1.537652e+00 1.502330e+00 1.446885e+00
1.325033e+00 1.313534e+00 1.331700e+00 1.268391e+00 1.321542e+00 1.263941e+00 1.230348e+00 1.330093e+00 1.325256e+00 1.289524e+00 1.223978e+00 1.318882e+00 1.249377e+00 1.218729e+00 1.233350e+00 1.214367e+00 1.309752e+00 1.251118e+00 1.222662e+00 1.314219e+00 1.318463e+00 1.223784e+00 1.297193e+00 1.329672e+00 1.247748e+00 1.236158e+00 1.245063e+00 1.328158e+00 1.219552e+00 1.328006e+00 1.259095e+00 1.281592e+00 1.234236e+00 1.317065e+00 1.313074e+00 1.242789e+00 1.300919e+00 1.331976e+00 1.329689e+00 1.323945e+00 1.306810e+00 1.283109e+00 1.318419e+00 1.218528e+00 1.320871e+00 1.316166e+00 1.268857e+00 1.223875e+00 1.261073e+00 1.317987e+00 1.321186e+00 1.249521e+00 1.304617e+00 1.209094e+00 1.322448e+00 1.240185e+00 1.233743e+00 1.324503e+00 1.325637e+00 1.247821e+00 1.219290e+00 1.321944e+00 1.328808e+00 1.341176e+00 1.322126e+00 1.317276e+00 1.226012e+00 1.313525e+00 1.329827e+00 1.241858e+00 1.210940e+00 1.309413e+00 1.318644e+00 1.326973e+00 1.331332e+00 1.240918e+00 1.336065e+00 1.222411e+00 1.320454e+00 1.325412e+00 1.323732e+00 1.327614e+00 1.267473e+00 1.305603e+00 1.223497e+00 1.233145e+00 1.281731e+00 1.299042e+00 1.317985e+00 1.314395e+00 1.333068e+00 1.311830e+00 1.329564e+00 1.290216e+00 1.277474e+00 1.278357e+00 1.287385e+00 1.322124e+00 1.327410e+00 1.294904e+00 1.330821e+00 1.220385e+00 1.322684e+00 1.230234e+00 1.329867e+00 1.324498e+00 1.282184e+00 1.226289e+00
1.191903e+00 1.190859e+00 1.205816e+00 1.141052e+00 1.194490e+00 1.139958e+00 1.099334e+00 1.205175e+00 1.207157e+00 1.171431e+00 1.100542e+00 1.200753e+00 1.123649e+00 1.098044e+00 1.103846e+00 1.090672e+00 1.190864e+00 1.131070e+00 1.093240e+00 1.194842e+00 1.194969e+00 1.099852e+00 1.030978e+00 1.210217e+00 1.124844e+00 1.108845e+00 1.123782e+00 1.207832e+00 1.094611e+00 1.209273e+00 1.129591e+00 1.156301e+00 1.112315e+00 1.203834e+00 1.191295e+00 1.119818e+00 1.175693e+00 1.208154e+00 1.203969e+00 1.195706e+00 1.195269e+00 1.159066e+00 1.202620e+00 1.096697e+00 1.202669e+00 1.198262e+00 1.147507e+00 1.094319e+00 1.133390e+00 1.198662e+00 1.198046e+00 1.122741e+00 1.184214e+00 1.087511e+00 1.197393e+00 1.107484e+00 1.109757e+00 1.203843e+00 1.211678e+00 1.127085e+00 1.093613e+00 1.203815e+00 1.208013e+00 1.058824e+00 1.199844e+00 1.191651e+00 1.093428e+00 1.203634e+00 1.205289e+00 1.146331e+00 1.085429e+00 1.181735e+00 1.192714e+00 1.209120e+00 1.209045e+00 1.120446e+00 1.206600e+00 1.099748e+00 1.202466e+00 1.205115e+00 1.205081e+00 1.204453e+00 1.131898e+00 1.186029e+00 1.103307e+00 1.101352e+00 1.154469e+00 1.178472e+00 1.196678e+00 1.197090e+00 1.209602e+00 1.190843e+00 1.207078e+00 1.173316e+00 1.155921e+00 1.156505e+00 1.164955e+00 1.201668e+00 1.211895e+00 1.183294e+00 1.206386e+00 1.089450e+00 1.195074e+00 1.098632e+00 1.209061e+00 1.207545e+00 1.129608e+00 1.103069e+00
1.143438e+00 1.128114e+00 1.157658e+00 1.084739e+00 1.136548e+00 1.084306e+00 1.041923e+00 1.155577e+00 1.149442e+00 1.114041e+00 1.037007e+00 1.146323e+00 1.064702e+00 1.036635e+00 1.044891e+00 1.032171e+00 1.134283e+00 1.075900e+00 1.037305e+00 1.144042e+00 1.143365e+00 1.048549e+00 1.035818e+00 1.148819e+00 1.070921e+00 1.050611e+00 1.071043e+00 1.153573e+00 1.036929e+00 1.151854e+00 1.075292e+00 1.102199e+00 1.062250e+00 1.147049e+00 1.134988e+00 1.055936e+00 1.123380e+00 1.159270e+00 1.152804e+00 1.140220e+00 1.138069e+00 1.100080e+00 1.139564e+00 1.035248e+00 1.144676e+00 1.142506e+00 1.088256e+00 1.033745e+00 1.081842e+00 1.136707e+00 1.143673e+00 1.065217e+00 1.132402e+00 1.026981e+00 1.144203e+00 1.053842e+00 1.048953e+00 1.148253e+00 1.151610e+00 1.066301e+00 1.033411e+00 1.149929e+00 1.148180e+00 1.058824e+00 1.148016e+00 1.142129e+00 1.040760e+00 1.141332e+00 1.155182e+00 1.033435e+00 1.028313e+00 1.128978e+00 1.145456e+00 1.150845e+00 1.154034e+00 1.062999e+00 1.155211e+00 1.042425e+00 1.146149e+00 1.147458e+00 1.154047e+00 1.152585e+00 1.038419e+00 1.122809e+00 1.040359e+00 1.048364e+00 1.095755e+00 1.122518e+00 1.144398e+00 1.142210e+00 1.157901e+00 1.134687e+00 1.148352e+00 1.108210e+00 1.099302e+00 1.095759e+00 1.107048e+00 1.145036e+00 1.151386e+00 1.120408e+00 1.150278e+00 1.036408e+00 1.143576e+00 1.039630e+00 1.155688e+00 1.149352e+00 1.047326e+00 1.043402e+00
