# Version 0.0
# Data /lustre/isaac24/proj/UTK0244/cbaillar/Bayes_HEP/Detroit_tune_Project/input/Data/Data__200__pp__STAR_2020_I1783875__d34-x01-y01.dat
# Observable: $1/N_{jets}$
# Subobservable: $R_{g}$
# Design Design_Rivet.dat
# design_point1 design_point2 design_point3 design_point4 design_point5 design_point6 design_point7 design_point8 design_point9 design_point10 design_point11 design_point12 design_point13 design_point14 design_point15 design_point16 design_point17 design_point18 design_point19 design_point20 design_point21 design_point22 design_point23 design_point24 design_point25 design_point26 design_point27 design_point28 design_point29 design_point30 design_point31 design_point32 design_point33 design_point34 design_point35 design_point36 design_point37 design_point38 design_point39 design_point40 design_point41 design_point42 design_point43 design_point44 design_point45 design_point46 design_point47 design_point48 design_point49 design_point50 design_point51 design_point52 design_point53 design_point54 design_point55 design_point56 design_point57 design_point58 design_point59 design_point60 design_point61 design_point62 design_point63 design_point64 design_point65 design_point66 design_point67 design_point68 design_point69 design_point70 design_point71 design_point72 design_point73 design_point74 design_point75 design_point76 design_point77 design_point78 design_point79 design_point80 design_point81 design_point82 design_point83 design_point84 design_point85 design_point86 design_point87 design_point88 design_point89 design_point90 design_point91 design_point92 design_point93 design_point94 design_point95 design_point96 design_point97 design_point98 design_point99 design_point100 design_point101 design_point102 design_point103 design_point104 design_point105 design_point106 design_point107 design_point108
2.064408e+00 2.072687e+00 2.037354e+00 2.050241e+00 2.119720e+00 2.049749e+00 2.014470e+00 2.113617e+00 2.121271e+00 2.071584e+00 1.990968e+00 2.107488e+00 2.118356e+00 2.014259e+00 2.004414e+00 1.987203e+00 2.137675e+00 2.058829e+00 2.006427e+00 2.035986e+00 2.127588e+00 1.980712e+00 2.382449e+00 2.073394e+00 2.008909e+00 2.071902e+00 2.021257e+00 2.167364e+00 1.971327e+00 2.151828e+00 2.074360e+00 2.052148e+00 2.104647e+00 2.152151e+00 2.093110e+00 2.002733e+00 2.159531e+00 2.147819e+00 2.103579e+00 2.023356e+00 2.110020e+00 2.062998e+00 2.065048e+00 2.010107e+00 2.150307e+00 2.111996e+00 2.065413e+00 2.000831e+00 2.062633e+00 2.109472e+00 2.051013e+00 1.991982e+00 2.134270e+00 1.970208e+00 2.115596e+00 1.979233e+00 2.028851e+00 2.135073e+00 2.181760e+00 2.106826e+00 2.055611e+00 2.139282e+00 2.155867e+00 2.418338e+00 2.144168e+00 2.095073e+00 1.971822e+00 2.155327e+00 2.094531e+00 2.390563e+00 1.959769e+00 2.068382e+00 2.087634e+00 2.095553e+00 2.157068e+00 2.073058e+00 2.145601e+00 2.052112e+00 2.093159e+00 2.105986e+00 2.128776e+00 2.086759e+00 2.314020e+00 2.066385e+00 2.002816e+00 1.986056e+00 2.056188e+00 2.072437e+00 2.093154e+00 2.169995e+00 2.121999e+00 2.215084e+00 2.101716e+00 2.041815e+00 2.145761e+00 2.094483e+00 2.107721e+00 2.184164e+00 2.069889e+00 2.025759e+00 2.119091e+00 1.977349e+00 2.150036e+00 1.972586e+00 2.134436e+00 2.102638e+00 2.364251e+00 2.027112e+00
7.351607e+00 7.373414e+00 7.373443e+00 7.304525e+00 7.417308e+00 7.288172e+00 7.215479e+00 7.430819e+00 7.419190e+00 7.353199e+00 7.181323e+00 7.432445e+00 7.339590e+00 7.202230e+00 7.220884e+00 7.186755e+00 7.420190e+00 7.305081e+00 7.187594e+00 7.363131e+00 7.444592e+00 7.184022e+00 7.573859e+00 7.398459e+00 7.246757e+00 7.281036e+00 7.261218e+00 7.454487e+00 7.156450e+00 7.453944e+00 7.311797e+00 7.314898e+00 7.320110e+00 7.456410e+00 7.385880e+00 7.186597e+00 7.428851e+00 7.449618e+00 7.417882e+00 7.353181e+00 7.398094e+00 7.325370e+00 7.371285e+00 7.182041e+00 7.448245e+00 7.405689e+00 7.332881e+00 7.199810e+00 7.296888e+00 7.395248e+00 7.357019e+00 7.216458e+00 7.406663e+00 7.151278e+00 7.417568e+00 7.197714e+00 7.230385e+00 7.434123e+00 7.484998e+00 7.338406e+00 7.243476e+00 7.442556e+00 7.458892e+00 7.516714e+00 7.442913e+00 7.403039e+00 7.175550e+00 7.467801e+00 7.417372e+00 7.522444e+00 7.142540e+00 7.374938e+00 7.390885e+00 7.404835e+00 7.451398e+00 7.295219e+00 7.437245e+00 7.241083e+00 7.411989e+00 7.417811e+00 7.436078e+00 7.422310e+00 7.492880e+00 7.350337e+00 7.195279e+00 7.195035e+00 7.338380e+00 7.368568e+00 7.404135e+00 7.453923e+00 7.427828e+00 7.477198e+00 7.421462e+00 7.325525e+00 7.399989e+00 7.353259e+00 7.366860e+00 7.464623e+00 7.375592e+00 7.329041e+00 7.441422e+00 7.180898e+00 7.434475e+00 7.190666e+00 7.445991e+00 7.415668e+00 7.542038e+00 7.208803e+00
6.970361e+00 6.942186e+00 6.993098e+00 6.959799e+00 6.868346e+00 6.968926e+00 6.998805e+00 6.876733e+00 6.877628e+00 6.936065e+00 7.032548e+00 6.874905e+00 6.866782e+00 7.008462e+00 7.016551e+00 7.032868e+00 6.846701e+00 6.940284e+00 7.019930e+00 6.985218e+00 6.840328e+00 7.043966e+00 6.462851e+00 6.939077e+00 7.013672e+00 6.932692e+00 6.985858e+00 6.811390e+00 7.064654e+00 6.826496e+00 6.920600e+00 6.955968e+00 6.886889e+00 6.811397e+00 6.908453e+00 7.025243e+00 6.809466e+00 6.824691e+00 6.894441e+00 6.997683e+00 6.883364e+00 6.947004e+00 6.954189e+00 7.006858e+00 6.819108e+00 6.877981e+00 6.938968e+00 7.011730e+00 6.937713e+00 6.891865e+00 6.983169e+00 7.039159e+00 6.853418e+00 7.052830e+00 6.875635e+00 7.048746e+00 6.985619e+00 6.848926e+00 6.779516e+00 6.864174e+00 6.937112e+00 6.838586e+00 6.811644e+00 6.519580e+00 6.828595e+00 6.901388e+00 7.050323e+00 6.819360e+00 6.899820e+00 6.438861e+00 7.072118e+00 6.939972e+00 6.920422e+00 6.909855e+00 6.817905e+00 6.925550e+00 6.841599e+00 6.940867e+00 6.895953e+00 6.884282e+00 6.850897e+00 6.907785e+00 6.566504e+00 6.963236e+00 7.006712e+00 7.040334e+00 6.940133e+00 6.929768e+00 6.907576e+00 6.800112e+00 6.875084e+00 6.735326e+00 6.897936e+00 6.977357e+00 6.827895e+00 6.892807e+00 6.881224e+00 6.778647e+00 6.951472e+00 7.006159e+00 6.870627e+00 7.049102e+00 6.838918e+00 7.064884e+00 6.848113e+00 6.894889e+00 6.481022e+00 6.985459e+00
3.354718e+00 3.354537e+00 3.339379e+00 3.430015e+00 3.337775e+00 3.440663e+00 3.517298e+00 3.321289e+00 3.325362e+00 3.384594e+00 3.543105e+00 3.330347e+00 3.426049e+00 3.519933e+00 3.504660e+00 3.541069e+00 3.342284e+00 3.440738e+00 3.534451e+00 3.357526e+00 3.333130e+00 3.539534e+00 3.344584e+00 3.331068e+00 3.474361e+00 3.463046e+00 3.481556e+00 3.313855e+00 3.553798e+00 3.313297e+00 3.442033e+00 3.420575e+00 3.432760e+00 3.324788e+00 3.355301e+00 3.533043e+00 3.349965e+00 3.319013e+00 3.326613e+00 3.363426e+00 3.351129e+00 3.409820e+00 3.351507e+00 3.550444e+00 3.327455e+00 3.346465e+00 3.408220e+00 3.536224e+00 3.448556e+00 3.345746e+00 3.349782e+00 3.497879e+00 3.351621e+00 3.574807e+00 3.335242e+00 3.522431e+00 3.502536e+00 3.325904e+00 3.301146e+00 3.440580e+00 3.514904e+00 3.323387e+00 3.318872e+00 3.277937e+00 3.329860e+00 3.343743e+00 3.550783e+00 3.303249e+00 3.330576e+00 3.405595e+00 3.573112e+00 3.358343e+00 3.343923e+00 3.332276e+00 3.317284e+00 3.455133e+00 3.320450e+00 3.517933e+00 3.340856e+00 3.336126e+00 3.328029e+00 3.327236e+00 3.389381e+00 3.363060e+00 3.542493e+00 3.526803e+00 3.411460e+00 3.371275e+00 3.335791e+00 3.322852e+00 3.317676e+00 3.321741e+00 3.321663e+00 3.398612e+00 3.370536e+00 3.405166e+00 3.388024e+00 3.315998e+00 3.346267e+00 3.381268e+00 3.312395e+00 3.539160e+00 3.320981e+00 3.515091e+00 3.315669e+00 3.328837e+00 3.373491e+00 3.528538e+00
