# Version 0.0
# Data /lustre/isaac24/proj/UTK0244/cbaillar/Bayes_HEP/Detroit_tune_Project/input/Data/Data__200__pp__STAR_2019_I1771348__d03-x01-y02.dat
# Observable: $ \langle p^{ch}_{T} \rangle$
# Subobservable: Leading jet $p_{T} [GeV/c]$
# Design Design_Rivet.dat
# design_point1 design_point2 design_point3 design_point4 design_point5 design_point6 design_point7 design_point8 design_point9 design_point10 design_point11 design_point12 design_point13 design_point14 design_point15 design_point16 design_point17 design_point18 design_point19 design_point20 design_point21 design_point22 design_point23 design_point24 design_point25 design_point26 design_point27 design_point28 design_point29 design_point30 design_point31 design_point32 design_point33 design_point34 design_point35 design_point36 design_point37 design_point38 design_point39 design_point40 design_point41 design_point42 design_point43 design_point44 design_point45 design_point46 design_point47 design_point48 design_point49 design_point50 design_point51 design_point52 design_point53 design_point54 design_point55 design_point56 design_point57 design_point58 design_point59 design_point60 design_point61 design_point62 design_point63 design_point64 design_point65 design_point66 design_point67 design_point68 design_point69 design_point70 design_point71 design_point72 design_point73 design_point74 design_point75 design_point76 design_point77 design_point78 design_point79 design_point80 design_point81 design_point82 design_point83 design_point84 design_point85 design_point86 design_point87 design_point88 design_point89 design_point90 design_point91 design_point92 design_point93 design_point94 design_point95 design_point96 design_point97 design_point98 design_point99 design_point100 design_point101 design_point102 design_point103 design_point104 design_point105 design_point106 design_point107 design_point108
7.296377e-01 7.057200e-01 7.728349e-01 6.634794e-01 7.163195e-01 6.678643e-01 6.602855e-01 7.699084e-01 7.445389e-01 6.771116e-01 6.571819e-01 7.382183e-01 6.667870e-01 6.753959e-01 6.839195e-01 6.770630e-01 7.150619e-01 6.512816e-01 6.712045e-01 7.325438e-01 7.310097e-01 6.535854e-01 6.404451e-01 7.638055e-01 6.662939e-01 6.729987e-01 6.881170e-01 7.550827e-01 6.781588e-01 7.670259e-01 6.638371e-01 7.074016e-01 6.219289e-01 7.375773e-01 7.150197e-01 6.527714e-01 6.820797e-01 7.757799e-01 7.636568e-01 7.406818e-01 7.158014e-01 6.716159e-01 7.304477e-01 6.741429e-01 7.419884e-01 7.248225e-01 6.789664e-01 6.796126e-01 7.006184e-01 7.223301e-01 7.265142e-01 6.948014e-01 6.898538e-01 6.800550e-01 7.295107e-01 6.733754e-01 6.710725e-01 7.528546e-01 7.663324e-01 6.659705e-01 6.883169e-01 7.387079e-01 7.622133e-01 6.298384e-01 7.277100e-01 7.258503e-01 6.784379e-01 7.502493e-01 7.677150e-01 6.386372e-01 6.861589e-01 6.913519e-01 7.260132e-01 7.603461e-01 7.710062e-01 6.672940e-01 7.738408e-01 6.597764e-01 7.419339e-01 7.420821e-01 7.572200e-01 7.633638e-01 6.476881e-01 6.913759e-01 6.638905e-01 6.770483e-01 6.705386e-01 6.657817e-01 7.311142e-01 7.217457e-01 7.752540e-01 7.054903e-01 7.490643e-01 6.773722e-01 6.593211e-01 6.672030e-01 6.720867e-01 7.535583e-01 7.546439e-01 6.901884e-01 7.660240e-01 6.770645e-01 7.427518e-01 6.580467e-01 7.744922e-01 7.490202e-01 6.460526e-01 6.847271e-01
8.307618e-01 7.931198e-01 8.845696e-01 7.174509e-01 8.160539e-01 7.167416e-01 6.873951e-01 8.803178e-01 8.474657e-01 7.561182e-01 6.858870e-01 8.421318e-01 7.072596e-01 7.046284e-01 7.184016e-01 7.051706e-01 8.139857e-01 6.791412e-01 6.988610e-01 8.445713e-01 8.363143e-01 6.820790e-01 6.662793e-01 8.795768e-01 7.077585e-01 7.061601e-01 7.216590e-01 8.560377e-01 7.092639e-01 8.821900e-01 7.065275e-01 7.526609e-01 6.456257e-01 8.355487e-01 8.069904e-01 6.804577e-01 7.567355e-01 8.895432e-01 8.802278e-01 8.504068e-01 8.081003e-01 7.396020e-01 8.409409e-01 7.026747e-01 8.598290e-01 8.423987e-01 7.116564e-01 7.102335e-01 7.399744e-01 8.172560e-01 8.461221e-01 7.358580e-01 7.799359e-01 7.101749e-01 8.298823e-01 7.092370e-01 7.075112e-01 8.633816e-01 8.773057e-01 7.095541e-01 7.199115e-01 8.551269e-01 8.726712e-01 6.570920e-01 8.367962e-01 8.356132e-01 7.096314e-01 8.751074e-01 8.802814e-01 6.645227e-01 7.159322e-01 7.855405e-01 8.424583e-01 8.803718e-01 8.867105e-01 7.044806e-01 8.845767e-01 6.881372e-01 8.446204e-01 8.584083e-01 8.814441e-01 8.710583e-01 6.750679e-01 7.576550e-01 6.918261e-01 7.100263e-01 7.327835e-01 7.479380e-01 8.540088e-01 8.268080e-01 9.011222e-01 8.016902e-01 8.543529e-01 7.484585e-01 7.190762e-01 7.296291e-01 7.431906e-01 8.668872e-01 8.711737e-01 7.756485e-01 8.622824e-01 7.085480e-01 8.518641e-01 6.863299e-01 9.023653e-01 8.610821e-01 6.728300e-01 7.189983e-01
9.358025e-01 9.014306e-01 1.005941e+00 7.786583e-01 9.275169e-01 7.711084e-01 7.138684e-01 1.000553e+00 9.497222e-01 8.343261e-01 7.138702e-01 9.557674e-01 7.554350e-01 7.299867e-01 7.498628e-01 7.325658e-01 9.031061e-01 7.049366e-01 7.278943e-01 9.582661e-01 9.263749e-01 7.093205e-01 6.996498e-01 9.729059e-01 7.509332e-01 7.341293e-01 7.575911e-01 9.819918e-01 7.374168e-01 9.596335e-01 7.616952e-01 7.900334e-01 6.710825e-01 9.453676e-01 9.361668e-01 7.100586e-01 8.401201e-01 9.889448e-01 9.860025e-01 9.284522e-01 9.198157e-01 8.119150e-01 9.467591e-01 7.321022e-01 9.619551e-01 9.376465e-01 7.454710e-01 7.424532e-01 7.742619e-01 9.007310e-01 9.383488e-01 7.638411e-01 8.732205e-01 7.346486e-01 9.219184e-01 7.469297e-01 7.431659e-01 9.731296e-01 9.865946e-01 7.638621e-01 7.500558e-01 9.704093e-01 9.844367e-01 6.942753e-01 9.475418e-01 9.305126e-01 7.381806e-01 9.777562e-01 1.016788e+00 6.920460e-01 7.438347e-01 8.882126e-01 9.525579e-01 9.843492e-01 9.840686e-01 7.456632e-01 1.017911e+00 7.172131e-01 9.676567e-01 9.614538e-01 9.847862e-01 9.631678e-01 7.041839e-01 8.322565e-01 7.231991e-01 7.476139e-01 8.103415e-01 8.488694e-01 9.802280e-01 9.317523e-01 1.015601e+00 9.190183e-01 9.774556e-01 8.486680e-01 7.999756e-01 8.045594e-01 8.188087e-01 9.498866e-01 9.786592e-01 8.803052e-01 9.951303e-01 7.385231e-01 9.580490e-01 7.115186e-01 9.949124e-01 9.571442e-01 7.041253e-01 7.499288e-01
1.048689e+00 1.086357e+00 1.158250e+00 8.851217e-01 1.098206e+00 8.849213e-01 7.527136e-01 1.157257e+00 1.112859e+00 9.548801e-01 7.715519e-01 1.100958e+00 8.356036e-01 7.743557e-01 7.989460e-01 7.695286e-01 1.035355e+00 7.590557e-01 7.722712e-01 1.072822e+00 1.109727e+00 7.615892e-01 7.735569e-01 1.114034e+00 8.288671e-01 7.761200e-01 8.236965e-01 1.115306e+00 7.782449e-01 1.144644e+00 8.647660e-01 8.552018e-01 7.235496e-01 1.078999e+00 1.066647e+00 7.728610e-01 9.618129e-01 1.136184e+00 1.100455e+00 1.068929e+00 1.043088e+00 9.307736e-01 1.054985e+00 7.762059e-01 1.090078e+00 1.051269e+00 7.990807e-01 7.871919e-01 8.250955e-01 1.078151e+00 1.116017e+00 8.153338e-01 1.060491e+00 7.826861e-01 1.075645e+00 8.093975e-01 8.067895e-01 1.103939e+00 1.125899e+00 8.477964e-01 7.938875e-01 1.127374e+00 1.106090e+00 7.710428e-01 1.084447e+00 1.046230e+00 7.801595e-01 1.125443e+00 1.122532e+00 7.467387e-01 7.844431e-01 1.026001e+00 1.124277e+00 1.172589e+00 1.120819e+00 8.243441e-01 1.130784e+00 7.731913e-01 1.128431e+00 1.141054e+00 1.133449e+00 1.097565e+00 7.622105e-01 9.425729e-01 7.699215e-01 8.061944e-01 9.170314e-01 9.758184e-01 1.043727e+00 1.046109e+00 1.110264e+00 1.018115e+00 1.104018e+00 9.330010e-01 8.959442e-01 9.310938e-01 9.785191e-01 1.086224e+00 1.112070e+00 1.004736e+00 1.103380e+00 7.839401e-01 1.068150e+00 7.516259e-01 1.142277e+00 1.121138e+00 7.579975e-01 7.938404e-01
1.232715e+00 1.258118e+00 1.450841e+00 1.074660e+00 1.293225e+00 1.077922e+00 9.339445e-01 1.393104e+00 1.403656e+00 1.198301e+00 8.879526e-01 1.306651e+00 1.054845e+00 8.798769e-01 9.402592e-01 9.216207e-01 1.284605e+00 9.432623e-01 9.244076e-01 1.293588e+00 1.312731e+00 9.428018e-01 9.331405e-01 1.217228e+00 9.931049e-01 9.502936e-01 9.674380e-01 1.306722e+00 8.922841e-01 1.306917e+00 1.104513e+00 9.429309e-01 9.068235e-01 1.225858e+00 1.323331e+00 9.237243e-01 1.196235e+00 1.354381e+00 1.461046e+00 1.284989e+00 1.327622e+00 1.176873e+00 1.389411e+00 9.115556e-01 1.275831e+00 1.267144e+00 1.003333e+00 9.398532e-01 9.491997e-01 1.245693e+00 1.406216e+00 9.175349e-01 1.339420e+00 9.142470e-01 1.261503e+00 9.729750e-01 9.768281e-01 1.386289e+00 1.394679e+00 1.056693e+00 9.218741e-01 1.362561e+00 1.404919e+00 9.767545e-01 1.313360e+00 1.268853e+00 8.759008e-01 1.395188e+00 1.250784e+00 8.256245e-01 9.061597e-01 1.255843e+00 1.331102e+00 1.470249e+00 1.380293e+00 1.023160e+00 1.386274e+00 9.322350e-01 1.318822e+00 1.309671e+00 1.393210e+00 1.440171e+00 9.455006e-01 1.226391e+00 8.823786e-01 9.593860e-01 1.174736e+00 1.165030e+00 1.437860e+00 1.244196e+00 1.330667e+00 1.231099e+00 1.279415e+00 1.238788e+00 1.083355e+00 1.056321e+00 1.221139e+00 1.457932e+00 1.397483e+00 1.168124e+00 1.257182e+00 9.178499e-01 1.140363e+00 8.976056e-01 1.399879e+00 1.251945e+00 9.835924e-01 9.276016e-01
1.352992e+00 1.336744e+00 2.018017e+00 1.410737e+00 1.597529e+00 1.359136e+00 1.107181e+00 1.573980e+00 1.632231e+00 1.151749e+00 1.032007e+00 1.944694e+00 1.374370e+00 1.142516e+00 1.148809e+00 1.140501e+00 1.644665e+00 1.112440e+00 1.111544e+00 1.821232e+00 1.831393e+00 1.094544e+00 7.390147e-01 1.567889e+00 1.195789e+00 1.207171e+00 1.195642e+00 1.220725e+00 1.133351e+00 1.635287e+00 1.289738e+00 1.117700e+00 1.034134e+00 1.492296e+00 1.456746e+00 1.265449e+00 1.552231e+00 1.741874e+00 1.673391e+00 1.473736e+00 1.616198e+00 1.312070e+00 1.510839e+00 1.237815e+00 1.435300e+00 1.145482e+00 1.176090e+00 1.239275e+00 1.240396e+00 1.650914e+00 1.460975e+00 1.091574e+00 1.642113e+00 1.102846e+00 1.384046e+00 1.308928e+00 1.115550e+00 1.585369e+00 1.570933e+00 1.276599e+00 1.100342e+00 1.647121e+00 1.567794e+00 1.051652e+00 1.568007e+00 1.412749e+00 1.129694e+00 1.168944e+00 1.987897e+00 8.357391e-01 1.120718e+00 1.612756e+00 1.857354e+00 1.527792e+00 1.430666e+00 1.443247e+00 1.978837e+00 1.126087e+00 1.345330e+00 1.429660e+00 2.018464e+00 1.515452e+00 1.115325e+00 2.008080e+00 1.042029e+00 1.263116e+00 1.470376e+00 1.238956e+00 1.573189e+00 1.549668e+00 1.733256e+00 1.308236e+00 1.747761e+00 1.604067e+00 1.344877e+00 1.516170e+00 1.668104e+00 1.792907e+00 1.717271e+00 1.470017e+00 2.022607e+00 1.080345e+00 1.468020e+00 1.080178e+00 1.501451e+00 1.541215e+00 1.035687e+00 1.102360e+00
