# Version 0.0
# Data /lustre/isaac24/proj/UTK0244/cbaillar/Bayes_HEP/Detroit_tune_Project/input/Data/Data__200__pp__STAR_2020_I1783875__d14-x01-y01.dat
# Observable: $1/N_{jets}$
# Subobservable: $z_{g}$
# Design Design_Rivet.dat
# design_point1 design_point2 design_point3 design_point4 design_point5 design_point6 design_point7 design_point8 design_point9 design_point10 design_point11 design_point12 design_point13 design_point14 design_point15 design_point16 design_point17 design_point18 design_point19 design_point20 design_point21 design_point22 design_point23 design_point24 design_point25 design_point26 design_point27 design_point28 design_point29 design_point30 design_point31 design_point32 design_point33 design_point34 design_point35 design_point36 design_point37 design_point38 design_point39 design_point40 design_point41 design_point42 design_point43 design_point44 design_point45 design_point46 design_point47 design_point48 design_point49 design_point50 design_point51 design_point52 design_point53 design_point54 design_point55 design_point56 design_point57 design_point58 design_point59 design_point60 design_point61 design_point62 design_point63 design_point64 design_point65 design_point66 design_point67 design_point68 design_point69 design_point70 design_point71 design_point72 design_point73 design_point74 design_point75 design_point76 design_point77 design_point78 design_point79 design_point80 design_point81 design_point82 design_point83 design_point84 design_point85 design_point86 design_point87 design_point88 design_point89 design_point90 design_point91 design_point92 design_point93 design_point94 design_point95 design_point96 design_point97 design_point98 design_point99 design_point100 design_point101 design_point102 design_point103 design_point104 design_point105 design_point106 design_point107 design_point108
3.557415e-03 3.556948e-03 3.560273e-03 3.552531e-03 3.552831e-03 3.552329e-03 3.550691e-03 3.549967e-03 3.549724e-03 3.556676e-03 3.553395e-03 3.561789e-03 3.588959e-03 3.550023e-03 3.552551e-03 3.551918e-03 3.547961e-03 3.547248e-03 3.607114e-03 5.033786e-03 5.021321e-03 5.092287e-03 1.047798e-01 5.028755e-03 5.021445e-03 5.065860e-03 5.024357e-03 3.568110e-03 3.554069e-03 3.551663e-03 3.549518e-03 3.554531e-03 3.544035e-03 3.577440e-03 3.553381e-03 4.768096e-03 3.634348e-03 3.549489e-03 3.592210e-03 3.557826e-03 3.550594e-03 3.554742e-03 3.554647e-03 3.546559e-03 3.544639e-03 3.551744e-03 5.023214e-03 5.019958e-03 5.017877e-03 5.019991e-03 5.031482e-03 5.117817e-03 5.130106e-03 5.024489e-03 3.556843e-03 5.029624e-03 5.027843e-03 5.016111e-03 5.006332e-03 5.088281e-03 5.024623e-03 5.016852e-03 5.079550e-03 1.824215e-01 5.014547e-03 5.028573e-03 5.027007e-03 5.016463e-03 5.028241e-03 1.370399e-01 5.045440e-03 5.025416e-03 3.556303e-03 5.072555e-03 5.015132e-03 5.013080e-03 5.011994e-03 5.013705e-03 5.068845e-03 5.036072e-03 5.020254e-03 2.512922e-03 2.081540e-02 5.028409e-03 5.019615e-03 5.024930e-03 5.025494e-03 5.025199e-03 5.024316e-03 5.089848e-03 2.900388e-03 3.658899e-03 3.551705e-03 3.556343e-03 5.128964e-03 5.021342e-03 5.018157e-03 5.010311e-03 5.073115e-03 3.558129e-03 5.018836e-03 5.019816e-03 5.042946e-03 5.031961e-03 5.076115e-03 5.025971e-03 3.810355e-02 5.092136e-03
3.360173e-03 3.364517e-03 3.365106e-03 3.359176e-03 3.357831e-03 3.357885e-03 3.350457e-03 3.356212e-03 3.356943e-03 3.358868e-03 3.357197e-03 3.363667e-03 3.393903e-03 3.353512e-03 3.357258e-03 3.355772e-03 3.353877e-03 3.352673e-03 3.410219e-03 4.760247e-03 4.741792e-03 4.808111e-03 9.860996e-02 4.752879e-03 4.752494e-03 4.783910e-03 4.749636e-03 3.373384e-03 3.363484e-03 3.362173e-03 3.357445e-03 3.360714e-03 3.348754e-03 3.381581e-03 3.355365e-03 4.499431e-03 3.431052e-03 3.356188e-03 3.393063e-03 3.364548e-03 3.357944e-03 3.358020e-03 3.360154e-03 3.354086e-03 3.350443e-03 3.358518e-03 4.742513e-03 4.742933e-03 4.746583e-03 4.746560e-03 4.759117e-03 4.837286e-03 4.842955e-03 4.743845e-03 3.362413e-03 4.754240e-03 4.749228e-03 4.745857e-03 4.737228e-03 4.815215e-03 4.752363e-03 4.742702e-03 4.807092e-03 1.853509e-01 4.742016e-03 4.760654e-03 4.752008e-03 4.741985e-03 4.753076e-03 1.281628e-01 4.776672e-03 4.752441e-03 3.364399e-03 4.793169e-03 4.741442e-03 4.745467e-03 4.749181e-03 4.737890e-03 4.798285e-03 4.765997e-03 4.742923e-03 2.376444e-03 1.976122e-02 4.755162e-03 4.743958e-03 4.755275e-03 4.754874e-03 4.750643e-03 4.752311e-03 4.810276e-03 2.740141e-03 3.455661e-03 3.360064e-03 3.363090e-03 4.840956e-03 4.747156e-03 4.744793e-03 4.734494e-03 4.794074e-03 3.365980e-03 4.749386e-03 4.744633e-03 4.774232e-03 4.753442e-03 4.803142e-03 4.750490e-03 3.610701e-02 4.812871e-03
3.211604e-03 3.207221e-03 3.211693e-03 3.210855e-03 3.202359e-03 3.208052e-03 3.203298e-03 3.202035e-03 3.202993e-03 3.205640e-03 3.209730e-03 3.215079e-03 3.240390e-03 3.206415e-03 3.207387e-03 3.211895e-03 3.205917e-03 3.206586e-03 3.257647e-03 4.542030e-03 4.529272e-03 4.596891e-03 9.454561e-02 4.543534e-03 4.542730e-03 4.570402e-03 4.535393e-03 3.218942e-03 3.207798e-03 3.207484e-03 3.203335e-03 3.209846e-03 3.199029e-03 3.230085e-03 3.204928e-03 4.310336e-03 3.275883e-03 3.201562e-03 3.237832e-03 3.215050e-03 3.207470e-03 3.207801e-03 3.211055e-03 3.203102e-03 3.200012e-03 3.206551e-03 4.531556e-03 4.539466e-03 4.533707e-03 4.540392e-03 4.539326e-03 4.612463e-03 4.625417e-03 4.540176e-03 3.209566e-03 4.542315e-03 4.543249e-03 4.532625e-03 4.515812e-03 4.598308e-03 4.534519e-03 4.525168e-03 4.590862e-03 1.637487e-01 4.528360e-03 4.540652e-03 4.533448e-03 4.532892e-03 4.533174e-03 1.217632e-01 4.563768e-03 4.541608e-03 3.206671e-03 4.581724e-03 4.523700e-03 4.525971e-03 4.528742e-03 4.521963e-03 4.577702e-03 4.544809e-03 4.532905e-03 2.271254e-03 1.890975e-02 4.541065e-03 4.531965e-03 4.538136e-03 4.540522e-03 4.537607e-03 4.543056e-03 4.597007e-03 2.621433e-03 3.303997e-03 3.207135e-03 3.211659e-03 4.626160e-03 4.530138e-03 4.527320e-03 4.518975e-03 4.574244e-03 3.217511e-03 4.531951e-03 4.539187e-03 4.556633e-03 4.545941e-03 4.580714e-03 4.532430e-03 3.473133e-02 4.597822e-03
3.081986e-03 3.078464e-03 3.082820e-03 3.081602e-03 3.076128e-03 3.079927e-03 3.079743e-03 3.072611e-03 3.073595e-03 3.082546e-03 3.082933e-03 3.080028e-03 3.112865e-03 3.077824e-03 3.081006e-03 3.077248e-03 3.073536e-03 3.074831e-03 3.127074e-03 4.357806e-03 4.342853e-03 4.420086e-03 9.154137e-02 4.353928e-03 4.365253e-03 4.394199e-03 4.353555e-03 3.088691e-03 3.085838e-03 3.081027e-03 3.078623e-03 3.078725e-03 3.069842e-03 3.095346e-03 3.076750e-03 4.144138e-03 3.141900e-03 3.070734e-03 3.108996e-03 3.082298e-03 3.075319e-03 3.082056e-03 3.079549e-03 3.078143e-03 3.065577e-03 3.073001e-03 4.350506e-03 4.366731e-03 4.351995e-03 4.351713e-03 4.357766e-03 4.432449e-03 4.442516e-03 4.358796e-03 3.080279e-03 4.360388e-03 4.363143e-03 4.342729e-03 4.333268e-03 4.411277e-03 4.360459e-03 4.343898e-03 4.401635e-03 1.673638e-01 4.341647e-03 4.352887e-03 4.363518e-03 4.345182e-03 4.351982e-03 1.205021e-01 4.384452e-03 4.349698e-03 3.077921e-03 4.389775e-03 4.345830e-03 4.350726e-03 4.340697e-03 4.345187e-03 4.391511e-03 4.360165e-03 4.343282e-03 2.176189e-03 1.814415e-02 4.355807e-03 4.357086e-03 4.360218e-03 4.355817e-03 4.351942e-03 4.353587e-03 4.408780e-03 2.510151e-03 3.166742e-03 3.075205e-03 3.083643e-03 4.440884e-03 4.350192e-03 4.343113e-03 4.330605e-03 4.389579e-03 3.082805e-03 4.350104e-03 4.361234e-03 4.372379e-03 4.360456e-03 4.391426e-03 4.346731e-03 3.359600e-02 4.420806e-03
2.973356e-03 2.974324e-03 2.976313e-03 2.976396e-03 2.971319e-03 2.979286e-03 2.977600e-03 2.969322e-03 2.967446e-03 2.975798e-03 2.980841e-03 2.974156e-03 3.011360e-03 2.976572e-03 2.976180e-03 2.981079e-03 2.972861e-03 2.971193e-03 3.024332e-03 4.210344e-03 4.193447e-03 4.271191e-03 8.742053e-02 4.205699e-03 4.216012e-03 4.243802e-03 4.209897e-03 2.982535e-03 2.984611e-03 2.969438e-03 2.971485e-03 2.976531e-03 2.968777e-03 2.987199e-03 2.971939e-03 4.007784e-03 3.037200e-03 2.971183e-03 3.002923e-03 2.976167e-03 2.970697e-03 2.974770e-03 2.976843e-03 2.977652e-03 2.965558e-03 2.970929e-03 4.211237e-03 4.214907e-03 4.204755e-03 4.200071e-03 4.208769e-03 4.283637e-03 4.290147e-03 4.214547e-03 2.981188e-03 4.220787e-03 4.216834e-03 4.192921e-03 4.188916e-03 4.257882e-03 4.221249e-03 4.195850e-03 4.253937e-03 1.558841e-01 4.197789e-03 4.203433e-03 4.216939e-03 4.196172e-03 4.204812e-03 1.181679e-01 4.244390e-03 4.210268e-03 2.975920e-03 4.240591e-03 4.192423e-03 4.202371e-03 4.196254e-03 4.201909e-03 4.241816e-03 4.209808e-03 4.199565e-03 2.103125e-03 1.766390e-02 4.207232e-03 4.212303e-03 4.220631e-03 4.209822e-03 4.204884e-03 4.204321e-03 4.257846e-03 2.426926e-03 3.060451e-03 2.975679e-03 2.978034e-03 4.292650e-03 4.206633e-03 4.200530e-03 4.189602e-03 4.240730e-03 2.977656e-03 4.197718e-03 4.218183e-03 4.220883e-03 4.220695e-03 4.246919e-03 4.198919e-03 3.224981e-02 4.272543e-03
2.900398e-03 2.899875e-03 2.901925e-03 2.902177e-03 2.893569e-03 2.901699e-03 2.903539e-03 2.894518e-03 2.892724e-03 2.896606e-03 2.903420e-03 2.901864e-03 2.930287e-03 2.899958e-03 2.904318e-03 2.906036e-03 2.893341e-03 2.897115e-03 2.945080e-03 4.101877e-03 4.086751e-03 4.156542e-03 8.563345e-02 4.098039e-03 4.113752e-03 4.137385e-03 4.104824e-03 2.906172e-03 2.909131e-03 2.895638e-03 2.899780e-03 2.899480e-03 2.896232e-03 2.911065e-03 2.894684e-03 3.911381e-03 2.958955e-03 2.889373e-03 2.927363e-03 2.902563e-03 2.895263e-03 2.901203e-03 2.896762e-03 2.900777e-03 2.886031e-03 2.892712e-03 4.095442e-03 4.106281e-03 4.102942e-03 4.097006e-03 4.098950e-03 4.174367e-03 4.173531e-03 4.109408e-03 2.900640e-03 4.109116e-03 4.111482e-03 4.090855e-03 4.084056e-03 4.156456e-03 4.110723e-03 4.085080e-03 4.141557e-03 1.519961e-01 4.084870e-03 4.098620e-03 4.110603e-03 4.089544e-03 4.100106e-03 1.160966e-01 4.134789e-03 4.094389e-03 2.900176e-03 4.129929e-03 4.080163e-03 4.099577e-03 4.089619e-03 4.093462e-03 4.139074e-03 4.100188e-03 4.092696e-03 2.048886e-03 1.723044e-02 4.105441e-03 4.104359e-03 4.105202e-03 4.101689e-03 4.100347e-03 4.100357e-03 4.151348e-03 2.360024e-03 2.979618e-03 2.897859e-03 2.903939e-03 4.182750e-03 4.098691e-03 4.099016e-03 4.078762e-03 4.129501e-03 2.905987e-03 4.088467e-03 4.107259e-03 4.110410e-03 4.110758e-03 4.134729e-03 4.095596e-03 3.167329e-02 4.164262e-03
2.847858e-03 2.843979e-03 2.851376e-03 2.850394e-03 2.844324e-03 2.845942e-03 2.845309e-03 2.844179e-03 2.838945e-03 2.844237e-03 2.849198e-03 2.847307e-03 2.877138e-03 2.851335e-03 2.846108e-03 2.849889e-03 2.840162e-03 2.845879e-03 2.889665e-03 4.029708e-03 4.017636e-03 4.085374e-03 8.398549e-02 4.024566e-03 4.033129e-03 4.061150e-03 4.031490e-03 2.856265e-03 2.855075e-03 2.847897e-03 2.845912e-03 2.844343e-03 2.843129e-03 2.859831e-03 2.847071e-03 3.834673e-03 2.906133e-03 2.838365e-03 2.868206e-03 2.848174e-03 2.843457e-03 2.845437e-03 2.844879e-03 2.848855e-03 2.839785e-03 2.842858e-03 4.026580e-03 4.029588e-03 4.019797e-03 4.018230e-03 4.030315e-03 4.098661e-03 4.099368e-03 4.035545e-03 2.851291e-03 4.037334e-03 4.037645e-03 4.017897e-03 4.011014e-03 4.078120e-03 4.039001e-03 4.016574e-03 4.065790e-03 1.455595e-01 4.017887e-03 4.027024e-03 4.036962e-03 4.018984e-03 4.020538e-03 1.116783e-01 4.061771e-03 4.027270e-03 2.846693e-03 4.055899e-03 4.014067e-03 4.026583e-03 4.016837e-03 4.022213e-03 4.057227e-03 4.030282e-03 4.014804e-03 2.012029e-03 1.696962e-02 4.025471e-03 4.026598e-03 4.028461e-03 4.027816e-03 4.021552e-03 4.021173e-03 4.073259e-03 2.319890e-03 2.925840e-03 2.841070e-03 2.848943e-03 4.106855e-03 4.020912e-03 4.022760e-03 4.006010e-03 4.058243e-03 2.852439e-03 4.016413e-03 4.032904e-03 4.044581e-03 4.034877e-03 4.064461e-03 4.020219e-03 3.098569e-02 4.087449e-03
2.809726e-03 2.812257e-03 2.811711e-03 2.810137e-03 2.806452e-03 2.806532e-03 2.808861e-03 2.802929e-03 2.802287e-03 2.809498e-03 2.813673e-03 2.810373e-03 2.837617e-03 2.810450e-03 2.813012e-03 2.809969e-03 2.803777e-03 2.804721e-03 2.852834e-03 3.976930e-03 3.957855e-03 4.031002e-03 8.355952e-02 3.966322e-03 3.978300e-03 3.999750e-03 3.977124e-03 2.817545e-03 2.814872e-03 2.804145e-03 2.808436e-03 2.810841e-03 2.800767e-03 2.821051e-03 2.807471e-03 3.780207e-03 2.865321e-03 2.799897e-03 2.833728e-03 2.810373e-03 2.803466e-03 2.807467e-03 2.809366e-03 2.808275e-03 2.799287e-03 2.801450e-03 3.972097e-03 3.976933e-03 3.971530e-03 3.963922e-03 3.977174e-03 4.043609e-03 4.047769e-03 3.978976e-03 2.806634e-03 3.981618e-03 3.978193e-03 3.960102e-03 3.949767e-03 4.024088e-03 3.978750e-03 3.958009e-03 4.006664e-03 1.471950e-01 3.959816e-03 3.970045e-03 3.974039e-03 3.959470e-03 3.965282e-03 1.119996e-01 4.003880e-03 3.967026e-03 2.807283e-03 4.000491e-03 3.960075e-03 3.968457e-03 3.957025e-03 3.966015e-03 4.002455e-03 3.974550e-03 3.968613e-03 1.982411e-03 1.669226e-02 3.970320e-03 3.974548e-03 3.984654e-03 3.968419e-03 3.972082e-03 3.966783e-03 4.019585e-03 2.289118e-03 2.886561e-03 2.802967e-03 2.810897e-03 4.045489e-03 3.964613e-03 3.961146e-03 3.951185e-03 3.998371e-03 2.811121e-03 3.968782e-03 3.977809e-03 3.983588e-03 3.980866e-03 4.007094e-03 3.966173e-03 3.077344e-02 4.030567e-03
