# Version 0.0
# Data /lustre/isaac24/proj/UTK0244/cbaillar/Bayes_HEP/Detroit_tune_Project/input/Data/Data__200__pp__STAR_2020_I1783875__d06-x01-y01.dat
# Observable: $1/N_{jets}$
# Subobservable: $z_{g}$
# Design Design_Rivet.dat
# design_point1 design_point2 design_point3 design_point4 design_point5 design_point6 design_point7 design_point8 design_point9 design_point10 design_point11 design_point12 design_point13 design_point14 design_point15 design_point16 design_point17 design_point18 design_point19 design_point20 design_point21 design_point22 design_point23 design_point24 design_point25 design_point26 design_point27 design_point28 design_point29 design_point30 design_point31 design_point32 design_point33 design_point34 design_point35 design_point36 design_point37 design_point38 design_point39 design_point40 design_point41 design_point42 design_point43 design_point44 design_point45 design_point46 design_point47 design_point48 design_point49 design_point50 design_point51 design_point52 design_point53 design_point54 design_point55 design_point56 design_point57 design_point58 design_point59 design_point60 design_point61 design_point62 design_point63 design_point64 design_point65 design_point66 design_point67 design_point68 design_point69 design_point70 design_point71 design_point72 design_point73 design_point74 design_point75 design_point76 design_point77 design_point78 design_point79 design_point80 design_point81 design_point82 design_point83 design_point84 design_point85 design_point86 design_point87 design_point88 design_point89 design_point90 design_point91 design_point92 design_point93 design_point94 design_point95 design_point96 design_point97 design_point98 design_point99 design_point100 design_point101 design_point102 design_point103 design_point104 design_point105 design_point106 design_point107 design_point108
5.484148e-03 5.482854e-03 5.488141e-03 5.477263e-03 5.479037e-03 5.479718e-03 5.472017e-03 5.481455e-03 5.482750e-03 5.478509e-03 5.480906e-03 5.494344e-03 5.527001e-03 5.469253e-03 5.462939e-03 5.467705e-03 5.480923e-03 5.476044e-03 5.540248e-03 7.762266e-03 7.748466e-03 7.807058e-03 1.862730e-01 7.759906e-03 7.740821e-03 7.788941e-03 7.736626e-03 5.504295e-03 5.476447e-03 5.486746e-03 5.476258e-03 5.473308e-03 5.467877e-03 5.510504e-03 5.479745e-03 6.569736e-03 5.580190e-03 5.473630e-03 5.532913e-03 5.488195e-03 5.478867e-03 5.480150e-03 5.485856e-03 5.470061e-03 5.472862e-03 5.485959e-03 7.743717e-03 7.738345e-03 7.740203e-03 7.738715e-03 7.758070e-03 7.853170e-03 7.878837e-03 7.740489e-03 5.488653e-03 7.743436e-03 7.742355e-03 7.747045e-03 7.746646e-03 7.833397e-03 7.744332e-03 7.743079e-03 7.835959e-03 3.018019e-01 7.741211e-03 7.758083e-03 7.743464e-03 7.684158e-03 7.758156e-03 2.419205e-01 7.771063e-03 7.751340e-03 5.481107e-03 7.791198e-03 7.746039e-03 7.731424e-03 7.759886e-03 7.739192e-03 7.812277e-03 7.765738e-03 7.750387e-03 3.879820e-03 2.916244e-02 7.755517e-03 7.740156e-03 7.739326e-03 7.748517e-03 7.752700e-03 7.758260e-03 7.847420e-03 4.474971e-03 5.624520e-03 5.481779e-03 5.484821e-03 7.882624e-03 7.748383e-03 7.737195e-03 7.741145e-03 7.817864e-03 5.486214e-03 7.750401e-03 7.736061e-03 7.786346e-03 7.753232e-03 7.823782e-03 7.753048e-03 6.445271e-02 7.816841e-03
4.391016e-03 4.395729e-03 4.394266e-03 4.396038e-03 4.391002e-03 4.394732e-03 4.384607e-03 4.392542e-03 4.388453e-03 4.395210e-03 4.392891e-03 4.397527e-03 4.431160e-03 4.381804e-03 4.390873e-03 4.383352e-03 4.388539e-03 4.390449e-03 4.443503e-03 6.216002e-03 6.209922e-03 6.251691e-03 1.534842e-01 6.218373e-03 6.210144e-03 6.236934e-03 6.205715e-03 4.410023e-03 4.386866e-03 4.398042e-03 4.387404e-03 4.388992e-03 4.374841e-03 4.411488e-03 4.393950e-03 5.276654e-03 4.474092e-03 4.388409e-03 4.432210e-03 4.392478e-03 4.386555e-03 4.386257e-03 4.390545e-03 4.391010e-03 4.386953e-03 4.388384e-03 6.194896e-03 6.196132e-03 6.209011e-03 6.205541e-03 6.206777e-03 6.297042e-03 6.304946e-03 6.207248e-03 4.397617e-03 6.212031e-03 6.210802e-03 6.210481e-03 6.200793e-03 6.275211e-03 6.212992e-03 6.203312e-03 6.275335e-03 2.465967e-01 6.201929e-03 6.205587e-03 6.211478e-03 6.152734e-03 6.211813e-03 1.997294e-01 6.238117e-03 6.211995e-03 4.392294e-03 6.236403e-03 6.208810e-03 6.206684e-03 6.213793e-03 6.207376e-03 6.255297e-03 6.218610e-03 6.204540e-03 3.104845e-03 2.349973e-02 6.204013e-03 6.212417e-03 6.209946e-03 6.213469e-03 6.215016e-03 6.218884e-03 6.284083e-03 3.585062e-03 4.502290e-03 4.389627e-03 4.392846e-03 6.309572e-03 6.206392e-03 6.206641e-03 6.201212e-03 6.257189e-03 4.393834e-03 6.210491e-03 6.199331e-03 6.237546e-03 6.200001e-03 6.268602e-03 6.212338e-03 5.260269e-02 6.276022e-03
3.684526e-03 3.682905e-03 3.693974e-03 3.673888e-03 3.685221e-03 3.672215e-03 3.662296e-03 3.682729e-03 3.683261e-03 3.682782e-03 3.671389e-03 3.692397e-03 3.701705e-03 3.662494e-03 3.668549e-03 3.659941e-03 3.683961e-03 3.669345e-03 3.713213e-03 5.213841e-03 5.211845e-03 5.224679e-03 1.284068e-01 5.214492e-03 5.194091e-03 5.216672e-03 5.190121e-03 3.699933e-03 3.663225e-03 3.692998e-03 3.671543e-03 3.674472e-03 3.660993e-03 3.707286e-03 3.681945e-03 4.423480e-03 3.742500e-03 3.686521e-03 3.716705e-03 3.683267e-03 3.679266e-03 3.674903e-03 3.688705e-03 3.664752e-03 3.682604e-03 3.687955e-03 5.187487e-03 5.178808e-03 5.193037e-03 5.211651e-03 5.211158e-03 5.259554e-03 5.283728e-03 5.194268e-03 3.687258e-03 5.184940e-03 5.186211e-03 5.209700e-03 5.205320e-03 5.244023e-03 5.188798e-03 5.214828e-03 5.264533e-03 2.167432e-01 5.209044e-03 5.212088e-03 5.185341e-03 5.168473e-03 5.212143e-03 1.629710e-01 5.204075e-03 5.205736e-03 3.686336e-03 5.235348e-03 5.215753e-03 5.181002e-03 5.224507e-03 5.183200e-03 5.250040e-03 5.225793e-03 5.212858e-03 2.609843e-03 1.973518e-02 5.205357e-03 5.185060e-03 5.184467e-03 5.206884e-03 5.200418e-03 5.211661e-03 5.267442e-03 3.006400e-03 3.767749e-03 3.684360e-03 3.679188e-03 5.277373e-03 5.201369e-03 5.194070e-03 5.204177e-03 5.250551e-03 3.680365e-03 5.214604e-03 5.179066e-03 5.237901e-03 5.184289e-03 5.257968e-03 5.215608e-03 4.415972e-02 5.235201e-03
3.222752e-03 3.219507e-03 3.233879e-03 3.203004e-03 3.219102e-03 3.194684e-03 3.187667e-03 3.224478e-03 3.226709e-03 3.213667e-03 3.188059e-03 3.230480e-03 3.215612e-03 3.182630e-03 3.188702e-03 3.178593e-03 3.217046e-03 3.197743e-03 3.221358e-03 4.562144e-03 4.554260e-03 4.545287e-03 1.122594e-01 4.557671e-03 4.514754e-03 4.529378e-03 4.514945e-03 3.235545e-03 3.184733e-03 3.231776e-03 3.193844e-03 3.203819e-03 3.182938e-03 3.237643e-03 3.216585e-03 3.853994e-03 3.262472e-03 3.228372e-03 3.254735e-03 3.226422e-03 3.223360e-03 3.207493e-03 3.225205e-03 3.179004e-03 3.218795e-03 3.219505e-03 4.525123e-03 4.501248e-03 4.522225e-03 4.554908e-03 4.561812e-03 4.580659e-03 4.615816e-03 4.506188e-03 3.222201e-03 4.511829e-03 4.509978e-03 4.561445e-03 4.555914e-03 4.562633e-03 4.501254e-03 4.551948e-03 4.602715e-03 1.784388e-01 4.553285e-03 4.567136e-03 4.514204e-03 4.522357e-03 4.565155e-03 1.414157e-01 4.516683e-03 4.553244e-03 3.221707e-03 4.582768e-03 4.559205e-03 4.510583e-03 4.560781e-03 4.504646e-03 4.593586e-03 4.565138e-03 4.560286e-03 2.281030e-03 1.729644e-02 4.549310e-03 4.510491e-03 4.506257e-03 4.534126e-03 4.546463e-03 4.559955e-03 4.599382e-03 2.632362e-03 3.290862e-03 3.226445e-03 3.217194e-03 4.599254e-03 4.529696e-03 4.533325e-03 4.554383e-03 4.589853e-03 3.216982e-03 4.561163e-03 4.505587e-03 4.578481e-03 4.511415e-03 4.604696e-03 4.558709e-03 3.831632e-02 4.551371e-03
2.916080e-03 2.914838e-03 2.923332e-03 2.884281e-03 2.915125e-03 2.887051e-03 2.870947e-03 2.928020e-03 2.919225e-03 2.899324e-03 2.874088e-03 2.924543e-03 2.902000e-03 2.865748e-03 2.866515e-03 2.864129e-03 2.913414e-03 2.886710e-03 2.898916e-03 4.130973e-03 4.128867e-03 4.088572e-03 9.884762e-02 4.133240e-03 4.072946e-03 4.082564e-03 4.072145e-03 2.935084e-03 2.869162e-03 2.924983e-03 2.883122e-03 2.898910e-03 2.874364e-03 2.931820e-03 2.921364e-03 3.471155e-03 2.953094e-03 2.923284e-03 2.947068e-03 2.920426e-03 2.918483e-03 2.893685e-03 2.920538e-03 2.865501e-03 2.916664e-03 2.921437e-03 4.098228e-03 4.052874e-03 4.078729e-03 4.127642e-03 4.131056e-03 4.123090e-03 4.177938e-03 4.054043e-03 2.920847e-03 4.056602e-03 4.062031e-03 4.131570e-03 4.133383e-03 4.116678e-03 4.052262e-03 4.125716e-03 4.168735e-03 1.631584e-01 4.120037e-03 4.128565e-03 4.056495e-03 4.098237e-03 4.137396e-03 1.328021e-01 4.065643e-03 4.120559e-03 2.921061e-03 4.153824e-03 4.134753e-03 4.064702e-03 4.138168e-03 4.052068e-03 4.163626e-03 4.140823e-03 4.133840e-03 2.069430e-03 1.554376e-02 4.118666e-03 4.057203e-03 4.050538e-03 4.091119e-03 4.114342e-03 4.126399e-03 4.178773e-03 2.386627e-03 2.975419e-03 2.919910e-03 2.904164e-03 4.153482e-03 4.095751e-03 4.097122e-03 4.122889e-03 4.159106e-03 2.916166e-03 4.134750e-03 4.054600e-03 4.148997e-03 4.061901e-03 4.177646e-03 4.127420e-03 3.486755e-02 4.091757e-03
2.725433e-03 2.717195e-03 2.733755e-03 2.688725e-03 2.720845e-03 2.686532e-03 2.667221e-03 2.732965e-03 2.725057e-03 2.703223e-03 2.664337e-03 2.725687e-03 2.701767e-03 2.661080e-03 2.663506e-03 2.655984e-03 2.715559e-03 2.683537e-03 2.689734e-03 3.849257e-03 3.846099e-03 3.794926e-03 9.345881e-02 3.854244e-03 3.790457e-03 3.805306e-03 3.781162e-03 2.740518e-03 2.660632e-03 2.729346e-03 2.678112e-03 2.693438e-03 2.670444e-03 2.732952e-03 2.717284e-03 3.225667e-03 2.752839e-03 2.728883e-03 2.750323e-03 2.724430e-03 2.712235e-03 2.696044e-03 2.720837e-03 2.657415e-03 2.717580e-03 2.719483e-03 3.807186e-03 3.764464e-03 3.795537e-03 3.850728e-03 3.857538e-03 3.835753e-03 3.891199e-03 3.754610e-03 2.723426e-03 3.778066e-03 3.778294e-03 3.859213e-03 3.845105e-03 3.822458e-03 3.762068e-03 3.848043e-03 3.895106e-03 1.453959e-01 3.848236e-03 3.845206e-03 3.761576e-03 3.817309e-03 3.861260e-03 1.177164e-01 3.760182e-03 3.830866e-03 2.716321e-03 3.873913e-03 3.858364e-03 3.776322e-03 3.862493e-03 3.765576e-03 3.879746e-03 3.866777e-03 3.857540e-03 1.933473e-03 1.452238e-02 3.837683e-03 3.763092e-03 3.773026e-03 3.814821e-03 3.828088e-03 3.844841e-03 3.882917e-03 2.229970e-03 2.780795e-03 2.724625e-03 2.703224e-03 3.869778e-03 3.807807e-03 3.816302e-03 3.848163e-03 3.885183e-03 2.710543e-03 3.861005e-03 3.759281e-03 3.874194e-03 3.780262e-03 3.887984e-03 3.854388e-03 3.243999e-02 3.799326e-03
2.596775e-03 2.599006e-03 2.612789e-03 2.568572e-03 2.596796e-03 2.561827e-03 2.545556e-03 2.606929e-03 2.608749e-03 2.584542e-03 2.538687e-03 2.609216e-03 2.575653e-03 2.537826e-03 2.544307e-03 2.535529e-03 2.597588e-03 2.566652e-03 2.566247e-03 3.679105e-03 3.681205e-03 3.624011e-03 8.625062e-02 3.692670e-03 3.607123e-03 3.622427e-03 3.609127e-03 2.623962e-03 2.537060e-03 2.612752e-03 2.554320e-03 2.572655e-03 2.553644e-03 2.618421e-03 2.598656e-03 3.084215e-03 2.627180e-03 2.611555e-03 2.633249e-03 2.603093e-03 2.598517e-03 2.578250e-03 2.609200e-03 2.534957e-03 2.607787e-03 2.600901e-03 3.635254e-03 3.585688e-03 3.619274e-03 3.679895e-03 3.681274e-03 3.655644e-03 3.719698e-03 3.578655e-03 2.606370e-03 3.597027e-03 3.604463e-03 3.690488e-03 3.684936e-03 3.652603e-03 3.589628e-03 3.682195e-03 3.724883e-03 1.566294e-01 3.680711e-03 3.677063e-03 3.588083e-03 3.652677e-03 3.687172e-03 1.143233e-01 3.590844e-03 3.667815e-03 2.601881e-03 3.711062e-03 3.689860e-03 3.602727e-03 3.691071e-03 3.595518e-03 3.711422e-03 3.690960e-03 3.689758e-03 1.842518e-03 1.371080e-02 3.667382e-03 3.587926e-03 3.588830e-03 3.636746e-03 3.664466e-03 3.677757e-03 3.716630e-03 2.133616e-03 2.656989e-03 2.606241e-03 2.587394e-03 3.697149e-03 3.635612e-03 3.646885e-03 3.679458e-03 3.719686e-03 2.594786e-03 3.688600e-03 3.581352e-03 3.693957e-03 3.595279e-03 3.723448e-03 3.690396e-03 3.071091e-02 3.621310e-03
2.542691e-03 2.532257e-03 2.553983e-03 2.504547e-03 2.540878e-03 2.508057e-03 2.480509e-03 2.554795e-03 2.551063e-03 2.528748e-03 2.480877e-03 2.551643e-03 2.512292e-03 2.479188e-03 2.474987e-03 2.475992e-03 2.537734e-03 2.502952e-03 2.502427e-03 3.601653e-03 3.600527e-03 3.530819e-03 8.699833e-02 3.611100e-03 3.530424e-03 3.534881e-03 3.530427e-03 2.561247e-03 2.477736e-03 2.557134e-03 2.495951e-03 2.519044e-03 2.496279e-03 2.561766e-03 2.541347e-03 3.009435e-03 2.573002e-03 2.551400e-03 2.572324e-03 2.551813e-03 2.539295e-03 2.518191e-03 2.544558e-03 2.472840e-03 2.539952e-03 2.543429e-03 3.550440e-03 3.494509e-03 3.535523e-03 3.595180e-03 3.608654e-03 3.574630e-03 3.646551e-03 3.493781e-03 2.546075e-03 3.512048e-03 3.513226e-03 3.606618e-03 3.610548e-03 3.561056e-03 3.495160e-03 3.606202e-03 3.639067e-03 1.351632e-01 3.599231e-03 3.601165e-03 3.503741e-03 3.570987e-03 3.610629e-03 1.134013e-01 3.502861e-03 3.589271e-03 2.546221e-03 3.622983e-03 3.607909e-03 3.511306e-03 3.615199e-03 3.509792e-03 3.629569e-03 3.612278e-03 3.606962e-03 1.805123e-03 1.340306e-02 3.583570e-03 3.503096e-03 3.516985e-03 3.552946e-03 3.582501e-03 3.597226e-03 3.639429e-03 2.084795e-03 2.601118e-03 2.546242e-03 2.523384e-03 3.617790e-03 3.549543e-03 3.561826e-03 3.590882e-03 3.629291e-03 2.531578e-03 3.607478e-03 3.501334e-03 3.618371e-03 3.514059e-03 3.643074e-03 3.603205e-03 3.030596e-02 3.536405e-03
