# Version 0.0
# Data /lustre/isaac24/proj/UTK0244/cbaillar/Bayes_HEP/Detroit_tune_Project/input/Data/Data__200__pp__STAR_2020_I1783875__d13-x01-y01.dat
# Observable: $1/N_{jets}$
# Subobservable: $R_{g}$
# Design Design_Rivet.dat
# design_point1 design_point2 design_point3 design_point4 design_point5 design_point6 design_point7 design_point8 design_point9 design_point10 design_point11 design_point12 design_point13 design_point14 design_point15 design_point16 design_point17 design_point18 design_point19 design_point20 design_point21 design_point22 design_point23 design_point24 design_point25 design_point26 design_point27 design_point28 design_point29 design_point30 design_point31 design_point32 design_point33 design_point34 design_point35 design_point36 design_point37 design_point38 design_point39 design_point40 design_point41 design_point42 design_point43 design_point44 design_point45 design_point46 design_point47 design_point48 design_point49 design_point50 design_point51 design_point52 design_point53 design_point54 design_point55 design_point56 design_point57 design_point58 design_point59 design_point60 design_point61 design_point62 design_point63 design_point64 design_point65 design_point66 design_point67 design_point68 design_point69 design_point70 design_point71 design_point72 design_point73 design_point74 design_point75 design_point76 design_point77 design_point78 design_point79 design_point80 design_point81 design_point82 design_point83 design_point84 design_point85 design_point86 design_point87 design_point88 design_point89 design_point90 design_point91 design_point92 design_point93 design_point94 design_point95 design_point96 design_point97 design_point98 design_point99 design_point100 design_point101 design_point102 design_point103 design_point104 design_point105 design_point106 design_point107 design_point108
1.349268e+00 1.343916e+00 1.349039e+00 1.297490e+00 1.380682e+00 1.291515e+00 1.231819e+00 1.389307e+00 1.386994e+00 1.326297e+00 1.210359e+00 1.377296e+00 1.316894e+00 1.231854e+00 1.232401e+00 1.214406e+00 1.383096e+00 1.285293e+00 1.216171e+00 1.335737e+00 1.389570e+00 1.214788e+00 1.611074e+00 1.362738e+00 1.256036e+00 1.276681e+00 1.257531e+00 1.414842e+00 1.205763e+00 1.406266e+00 1.299473e+00 1.305794e+00 1.302273e+00 1.398470e+00 1.362941e+00 1.222267e+00 1.392334e+00 1.407126e+00 1.381135e+00 1.330670e+00 1.372593e+00 1.313772e+00 1.354611e+00 1.217161e+00 1.404514e+00 1.377340e+00 1.309606e+00 1.220541e+00 1.292578e+00 1.373655e+00 1.342314e+00 1.240452e+00 1.376047e+00 1.188922e+00 1.377504e+00 1.222473e+00 1.247460e+00 1.393648e+00 1.431708e+00 1.312014e+00 1.244936e+00 1.396559e+00 1.411398e+00 1.655790e+00 1.396101e+00 1.363733e+00 1.201536e+00 1.416126e+00 1.370902e+00 1.638376e+00 1.184041e+00 1.342604e+00 1.360980e+00 1.373257e+00 1.411284e+00 1.285431e+00 1.408443e+00 1.245447e+00 1.371730e+00 1.373717e+00 1.392439e+00 1.369062e+00 1.485276e+00 1.337882e+00 1.216192e+00 1.221966e+00 1.307491e+00 1.339659e+00 1.365659e+00 1.411134e+00 1.394318e+00 1.436332e+00 1.376302e+00 1.313655e+00 1.359601e+00 1.327725e+00 1.348601e+00 1.426824e+00 1.353670e+00 1.315014e+00 1.394597e+00 1.208522e+00 1.401337e+00 1.221602e+00 1.399669e+00 1.377050e+00 1.566537e+00 1.232974e+00
5.052527e+00 5.046177e+00 5.092799e+00 4.883761e+00 5.100831e+00 4.862407e+00 4.690480e+00 5.144852e+00 5.125689e+00 4.985364e+00 4.650797e+00 5.122748e+00 4.863458e+00 4.681570e+00 4.713571e+00 4.646074e+00 5.103713e+00 4.838602e+00 4.640388e+00 5.066588e+00 5.138973e+00 4.664424e+00 5.264863e+00 5.108696e+00 4.791964e+00 4.783325e+00 4.789246e+00 5.164719e+00 4.629394e+00 5.164184e+00 4.866802e+00 4.908809e+00 4.841463e+00 5.141812e+00 5.066282e+00 4.664268e+00 5.073114e+00 5.168235e+00 5.131364e+00 5.051588e+00 5.078179e+00 4.938862e+00 5.074082e+00 4.632189e+00 5.151927e+00 5.094206e+00 4.916544e+00 4.665715e+00 4.845141e+00 5.090505e+00 5.056391e+00 4.735961e+00 5.078420e+00 4.594887e+00 5.114882e+00 4.707562e+00 4.731860e+00 5.139587e+00 5.205809e+00 4.874723e+00 4.690520e+00 5.145298e+00 5.162156e+00 5.213052e+00 5.143598e+00 5.090464e+00 4.634891e+00 5.185257e+00 5.127944e+00 5.258422e+00 4.581628e+00 5.043148e+00 5.083774e+00 5.124481e+00 5.166582e+00 4.820648e+00 5.162122e+00 4.699802e+00 5.104102e+00 5.118110e+00 5.146331e+00 5.130732e+00 5.078939e+00 5.019121e+00 4.659680e+00 4.684767e+00 4.940213e+00 5.026096e+00 5.093335e+00 5.137263e+00 5.141896e+00 5.152261e+00 5.128718e+00 4.964729e+00 4.995187e+00 4.955790e+00 4.996994e+00 5.178369e+00 5.088885e+00 4.984493e+00 5.152967e+00 4.638584e+00 5.136372e+00 4.686187e+00 5.157094e+00 5.114308e+00 5.196941e+00 4.668450e+00
5.072650e+00 5.046836e+00 5.116971e+00 4.961196e+00 5.018616e+00 4.955196e+00 4.864809e+00 5.045867e+00 5.049848e+00 5.006712e+00 4.876840e+00 5.034234e+00 4.859177e+00 4.868248e+00 4.890301e+00 4.859574e+00 4.992608e+00 4.906973e+00 4.846907e+00 5.092774e+00 5.005029e+00 4.883539e+00 4.405183e+00 5.082835e+00 4.951000e+00 4.869846e+00 4.922703e+00 4.999935e+00 4.879395e+00 5.018337e+00 4.921507e+00 4.981727e+00 4.862924e+00 4.993270e+00 5.042320e+00 4.869542e+00 4.943680e+00 5.029773e+00 5.060222e+00 5.100356e+00 5.023543e+00 4.987322e+00 5.082283e+00 4.841273e+00 4.995091e+00 5.027891e+00 4.960229e+00 4.860625e+00 4.918414e+00 5.032278e+00 5.088909e+00 4.925160e+00 4.989926e+00 4.842486e+00 5.025177e+00 4.931721e+00 4.882512e+00 5.019494e+00 4.979460e+00 4.877261e+00 4.817281e+00 5.004928e+00 4.998389e+00 4.547665e+00 5.006091e+00 5.043919e+00 4.868003e+00 5.016796e+00 5.060341e+00 4.339483e+00 4.849258e+00 5.034991e+00 5.052806e+00 5.062095e+00 5.014946e+00 4.894021e+00 5.021265e+00 4.816928e+00 5.054363e+00 5.049424e+00 5.025411e+00 5.063320e+00 4.513685e+00 5.045553e+00 4.844557e+00 4.903304e+00 4.985685e+00 5.031254e+00 5.049033e+00 4.976266e+00 5.053759e+00 4.902438e+00 5.049003e+00 5.033002e+00 4.908477e+00 4.950926e+00 4.960212e+00 4.969202e+00 5.086968e+00 5.061144e+00 5.042532e+00 4.870704e+00 5.008315e+00 4.914235e+00 5.028268e+00 5.054091e+00 4.408144e+00 4.848924e+00
3.309004e+00 3.300475e+00 3.321129e+00 3.326416e+00 3.269760e+00 3.326480e+00 3.339628e+00 3.255938e+00 3.258437e+00 3.311396e+00 3.357480e+00 3.269582e+00 3.274108e+00 3.348257e+00 3.352310e+00 3.362049e+00 3.258198e+00 3.304792e+00 3.352037e+00 3.317736e+00 3.255012e+00 3.367669e+00 2.800408e+00 3.291296e+00 3.357474e+00 3.307045e+00 3.341370e+00 3.224909e+00 3.374266e+00 3.242515e+00 3.312024e+00 3.316824e+00 3.287023e+00 3.239358e+00 3.290581e+00 3.348817e+00 3.245058e+00 3.241295e+00 3.266700e+00 3.332414e+00 3.279372e+00 3.322356e+00 3.301269e+00 3.347965e+00 3.236385e+00 3.278360e+00 3.309793e+00 3.354373e+00 3.315902e+00 3.278007e+00 3.312473e+00 3.357023e+00 3.263818e+00 3.372525e+00 3.266062e+00 3.377177e+00 3.345673e+00 3.257401e+00 3.203567e+00 3.292470e+00 3.321671e+00 3.252013e+00 3.233633e+00 2.804862e+00 3.242588e+00 3.280107e+00 3.374832e+00 3.223626e+00 3.280577e+00 2.829187e+00 3.379216e+00 3.307752e+00 3.295020e+00 3.280372e+00 3.237107e+00 3.308498e+00 3.249661e+00 3.321850e+00 3.285718e+00 3.268447e+00 3.256115e+00 3.283715e+00 3.001513e+00 3.304934e+00 3.352520e+00 3.375835e+00 3.317168e+00 3.300565e+00 3.281275e+00 3.220918e+00 3.258704e+00 3.194987e+00 3.261967e+00 3.336089e+00 3.247237e+00 3.305199e+00 3.280838e+00 3.208728e+00 3.303919e+00 3.333231e+00 3.253430e+00 3.366339e+00 3.239937e+00 3.362800e+00 3.243301e+00 3.276381e+00 2.890062e+00 3.341611e+00
2.148559e+00 2.155004e+00 2.127078e+00 2.229041e+00 2.124791e+00 2.242427e+00 2.321848e+00 2.110772e+00 2.107419e+00 2.185483e+00 2.334638e+00 2.119620e+00 2.235429e+00 2.321384e+00 2.309715e+00 2.339335e+00 2.129263e+00 2.254706e+00 2.343464e+00 2.145574e+00 2.114347e+00 2.326517e+00 2.074210e+00 2.120063e+00 2.271279e+00 2.272786e+00 2.275484e+00 2.103121e+00 2.340675e+00 2.095352e+00 2.238927e+00 2.211608e+00 2.252130e+00 2.106788e+00 2.136076e+00 2.331824e+00 2.132327e+00 2.092923e+00 2.112349e+00 2.149478e+00 2.137706e+00 2.202986e+00 2.135423e+00 2.339009e+00 2.106875e+00 2.130020e+00 2.211886e+00 2.327285e+00 2.244157e+00 2.127046e+00 2.145698e+00 2.289401e+00 2.139331e+00 2.360779e+00 2.119272e+00 2.306105e+00 2.298618e+00 2.112527e+00 2.082319e+00 2.232476e+00 2.312951e+00 2.109773e+00 2.100059e+00 2.001280e+00 2.111140e+00 2.133089e+00 2.345726e+00 2.089518e+00 2.116039e+00 1.995001e+00 2.366123e+00 2.163116e+00 2.135797e+00 2.115715e+00 2.090611e+00 2.260708e+00 2.098937e+00 2.314055e+00 2.117376e+00 2.116329e+00 2.105175e+00 2.117683e+00 2.126669e+00 2.164913e+00 2.333503e+00 2.314805e+00 2.205199e+00 2.161375e+00 2.132835e+00 2.110356e+00 2.105515e+00 2.105096e+00 2.114280e+00 2.192409e+00 2.179559e+00 2.193189e+00 2.176249e+00 2.094088e+00 2.132419e+00 2.185362e+00 2.100929e+00 2.341661e+00 2.108018e+00 2.318330e+00 2.102973e+00 2.115354e+00 2.066471e+00 2.321608e+00
1.539046e+00 1.568072e+00 1.510309e+00 1.665252e+00 1.549987e+00 1.676010e+00 1.796063e+00 1.520953e+00 1.531327e+00 1.600515e+00 1.811688e+00 1.535904e+00 1.722081e+00 1.798188e+00 1.775290e+00 1.818053e+00 1.558373e+00 1.718722e+00 1.818299e+00 1.533605e+00 1.540735e+00 1.797748e+00 1.753255e+00 1.522484e+00 1.712077e+00 1.755857e+00 1.726818e+00 1.536507e+00 1.814427e+00 1.525547e+00 1.689894e+00 1.651999e+00 1.739898e+00 1.547727e+00 1.555276e+00 1.803203e+00 1.594777e+00 1.518739e+00 1.520922e+00 1.534992e+00 1.554150e+00 1.630028e+00 1.538595e+00 1.828135e+00 1.540701e+00 1.542620e+00 1.658448e+00 1.812621e+00 1.701382e+00 1.549847e+00 1.536205e+00 1.750543e+00 1.572674e+00 1.843305e+00 1.546513e+00 1.756638e+00 1.767248e+00 1.528725e+00 1.527919e+00 1.706085e+00 1.812610e+00 1.537795e+00 1.533101e+00 1.791427e+00 1.539877e+00 1.545362e+00 1.815594e+00 1.520263e+00 1.521909e+00 1.774075e+00 1.844719e+00 1.569018e+00 1.541590e+00 1.520354e+00 1.521971e+00 1.722400e+00 1.516981e+00 1.812769e+00 1.531675e+00 1.534547e+00 1.531655e+00 1.521654e+00 1.794085e+00 1.574330e+00 1.815096e+00 1.778090e+00 1.637030e+00 1.577811e+00 1.539535e+00 1.558535e+00 1.516514e+00 1.574550e+00 1.533333e+00 1.599212e+00 1.645779e+00 1.638770e+00 1.617852e+00 1.539964e+00 1.520495e+00 1.579234e+00 1.520754e+00 1.817858e+00 1.541283e+00 1.784257e+00 1.525187e+00 1.529261e+00 1.802474e+00 1.805817e+00
9.508976e-01 9.603762e-01 9.203952e-01 1.037533e+00 9.667515e-01 1.046017e+00 1.132086e+00 9.502474e-01 9.563515e-01 9.953685e-01 1.137732e+00 9.567321e-01 1.100847e+00 1.131522e+00 1.113857e+00 1.141593e+00 9.811451e-01 1.079448e+00 1.154924e+00 9.378123e-01 9.657558e-01 1.132680e+00 1.332713e+00 9.359194e-01 1.060446e+00 1.113503e+00 1.082439e+00 9.627702e-01 1.139018e+00 9.547760e-01 1.063335e+00 1.027187e+00 1.095764e+00 9.765345e-01 9.601027e-01 1.139483e+00 1.009605e+00 9.562654e-01 9.492335e-01 9.323714e-01 9.691808e-01 1.010611e+00 9.391537e-01 1.166496e+00 9.695876e-01 9.641797e-01 1.036529e+00 1.140718e+00 1.072234e+00 9.628007e-01 9.428076e-01 1.092149e+00 9.843202e-01 1.169497e+00 9.638210e-01 1.093240e+00 1.111192e+00 9.628958e-01 9.698930e-01 1.088537e+00 1.163709e+00 9.636212e-01 9.677469e-01 1.246321e+00 9.683537e-01 9.598775e-01 1.143139e+00 9.585178e-01 9.459332e-01 1.367456e+00 1.167667e+00 9.607913e-01 9.529472e-01 9.426565e-01 9.639013e-01 1.092337e+00 9.542613e-01 1.155530e+00 9.556715e-01 9.573432e-01 9.563773e-01 9.411280e-01 1.263051e+00 9.726194e-01 1.149949e+00 1.110552e+00 1.015523e+00 9.753244e-01 9.544711e-01 9.824672e-01 9.454540e-01 1.019748e+00 9.522981e-01 9.808424e-01 1.044704e+00 1.029030e+00 1.013601e+00 9.790093e-01 9.420344e-01 9.671615e-01 9.496284e-01 1.137794e+00 9.703502e-01 1.104574e+00 9.563216e-01 9.508144e-01 1.302294e+00 1.152044e+00
3.871598e-01 3.894557e-01 3.737232e-01 4.142257e-01 3.976164e-01 4.163996e-01 4.429548e-01 3.899574e-01 3.928404e-01 4.017287e-01 4.411400e-01 3.923149e-01 4.448952e-01 4.394927e-01 4.322349e-01 4.405148e-01 4.046777e-01 4.266916e-01 4.482868e-01 3.812405e-01 3.998210e-01 4.361654e-01 5.750195e-01 3.857140e-01 4.157589e-01 4.382841e-01 4.239067e-01 4.034351e-01 4.375308e-01 4.013018e-01 4.225278e-01 4.101375e-01 4.320288e-01 4.047820e-01 3.953207e-01 4.401760e-01 4.196474e-01 3.935960e-01 3.866524e-01 3.766864e-01 3.953570e-01 4.069039e-01 3.831862e-01 4.496593e-01 4.034855e-01 3.947381e-01 4.113256e-01 4.390653e-01 4.273567e-01 3.942242e-01 3.831371e-01 4.268808e-01 4.062712e-01 4.509045e-01 3.966421e-01 4.252668e-01 4.339707e-01 3.953789e-01 4.074708e-01 4.346470e-01 4.572717e-01 3.988038e-01 4.039952e-01 5.348688e-01 4.008749e-01 3.931329e-01 4.393285e-01 3.978939e-01 3.858918e-01 6.056422e-01 4.488371e-01 3.897212e-01 3.862414e-01 3.880492e-01 4.001363e-01 4.330225e-01 3.977885e-01 4.550632e-01 3.886704e-01 3.910748e-01 3.957445e-01 3.840608e-01 5.530846e-01 3.907924e-01 4.470114e-01 4.313333e-01 4.049779e-01 3.962817e-01 3.904657e-01 4.122468e-01 3.920411e-01 4.272206e-01 3.921741e-01 3.923436e-01 4.297103e-01 4.120869e-01 4.162356e-01 4.112241e-01 3.803959e-01 3.862804e-01 3.931488e-01 4.386518e-01 4.028072e-01 4.260578e-01 3.974388e-01 3.904134e-01 5.759582e-01 4.499171e-01
2.148411e-02 2.226457e-02 1.991993e-02 2.214351e-02 2.254796e-02 2.274999e-02 2.320014e-02 2.249462e-02 2.245866e-02 2.210834e-02 2.364586e-02 2.298562e-02 2.507711e-02 2.307210e-02 2.300889e-02 2.338848e-02 2.274767e-02 2.383219e-02 2.419423e-02 2.072581e-02 2.318255e-02 2.275510e-02 4.109425e-02 2.128848e-02 2.224068e-02 2.388411e-02 2.297295e-02 2.322244e-02 2.306242e-02 2.327818e-02 2.453505e-02 2.248897e-02 2.442576e-02 2.366916e-02 2.209225e-02 2.340547e-02 2.496128e-02 2.294385e-02 2.238510e-02 2.048562e-02 2.236075e-02 2.276850e-02 2.118233e-02 2.404310e-02 2.363767e-02 2.271405e-02 2.277918e-02 2.334034e-02 2.310360e-02 2.258183e-02 2.151371e-02 2.285333e-02 2.313988e-02 2.371548e-02 2.189871e-02 2.258886e-02 2.405383e-02 2.231086e-02 2.413095e-02 2.449353e-02 2.448887e-02 2.320810e-02 2.338166e-02 4.094690e-02 2.324356e-02 2.196438e-02 2.260733e-02 2.315028e-02 2.212158e-02 4.332818e-02 2.324090e-02 2.176032e-02 2.237328e-02 2.144897e-02 2.388285e-02 2.412180e-02 2.260156e-02 2.533076e-02 2.219003e-02 2.274710e-02 2.263955e-02 2.116973e-02 3.421947e-02 2.163589e-02 2.383129e-02 2.262909e-02 2.232968e-02 2.201716e-02 2.238813e-02 2.398320e-02 2.193766e-02 2.580701e-02 2.230134e-02 2.119548e-02 2.502887e-02 2.340538e-02 2.341748e-02 2.381415e-02 2.122957e-02 2.124397e-02 2.328148e-02 2.303313e-02 2.335640e-02 2.208672e-02 2.332624e-02 2.244330e-02 4.118199e-02 2.361636e-02
