# Version 0.0
# Data /lustre/isaac24/proj/UTK0244/cbaillar/Bayes_HEP/Detroit_tune_Project/input/Data/Data__200__pp__STAR_2020_I1783875__d12-x01-y01.dat
# Observable: $1/N_{jets}$
# Subobservable: $R_{g}$
# Design Design_Rivet.dat
# design_point1 design_point2 design_point3 design_point4 design_point5 design_point6 design_point7 design_point8 design_point9 design_point10 design_point11 design_point12 design_point13 design_point14 design_point15 design_point16 design_point17 design_point18 design_point19 design_point20 design_point21 design_point22 design_point23 design_point24 design_point25 design_point26 design_point27 design_point28 design_point29 design_point30 design_point31 design_point32 design_point33 design_point34 design_point35 design_point36 design_point37 design_point38 design_point39 design_point40 design_point41 design_point42 design_point43 design_point44 design_point45 design_point46 design_point47 design_point48 design_point49 design_point50 design_point51 design_point52 design_point53 design_point54 design_point55 design_point56 design_point57 design_point58 design_point59 design_point60 design_point61 design_point62 design_point63 design_point64 design_point65 design_point66 design_point67 design_point68 design_point69 design_point70 design_point71 design_point72 design_point73 design_point74 design_point75 design_point76 design_point77 design_point78 design_point79 design_point80 design_point81 design_point82 design_point83 design_point84 design_point85 design_point86 design_point87 design_point88 design_point89 design_point90 design_point91 design_point92 design_point93 design_point94 design_point95 design_point96 design_point97 design_point98 design_point99 design_point100 design_point101 design_point102 design_point103 design_point104 design_point105 design_point106 design_point107 design_point108
1.597173e-03 1.588804e-03 1.616609e-03 1.520565e-03 1.591450e-03 1.518860e-03 1.475534e-03 1.609842e-03 1.605499e-03 1.562847e-03 1.458873e-03 1.616811e-03 1.575795e-03 1.468289e-03 1.469354e-03 1.458515e-03 1.580658e-03 1.519213e-03 1.547348e-03 2.266424e-03 2.256762e-03 2.086884e-03 3.893388e-02 2.277441e-03 2.123279e-03 2.191808e-03 2.115508e-03 1.654856e-03 1.461065e-03 1.626716e-03 1.508997e-03 1.540224e-03 1.512633e-03 1.660250e-03 1.590177e-03 1.555223e-03 1.771894e-03 1.612580e-03 1.700305e-03 1.601395e-03 1.587292e-03 1.545823e-03 1.601320e-03 1.447749e-03 1.597035e-03 1.594619e-03 2.180955e-03 2.056446e-03 2.131607e-03 2.249376e-03 2.268418e-03 2.292435e-03 2.497795e-03 2.035574e-03 1.611626e-03 2.089270e-03 2.095237e-03 2.267966e-03 2.272200e-03 2.267124e-03 2.074310e-03 2.263662e-03 2.437219e-03 6.591512e-02 2.263734e-03 2.264419e-03 2.062308e-03 2.269198e-03 2.277372e-03 5.429123e-02 2.074332e-03 2.238581e-03 1.597589e-03 2.378187e-03 2.276262e-03 2.107513e-03 2.277795e-03 2.059584e-03 2.380492e-03 2.299794e-03 2.278797e-03 1.141265e-03 6.664650e-03 2.237600e-03 2.061171e-03 2.074725e-03 2.181921e-03 2.234947e-03 2.260919e-03 2.440347e-03 1.313693e-03 1.897889e-03 1.602747e-03 1.559394e-03 2.429692e-03 2.176574e-03 2.190802e-03 2.255989e-03 2.367630e-03 1.574230e-03 2.276578e-03 2.060126e-03 2.342642e-03 2.109010e-03 2.420913e-03 2.273538e-03 1.358347e-02 2.180208e-03
3.347001e-03 3.329520e-03 3.390400e-03 3.209107e-03 3.337516e-03 3.197601e-03 3.113585e-03 3.373763e-03 3.367242e-03 3.283276e-03 3.093077e-03 3.389269e-03 3.336459e-03 3.099559e-03 3.110164e-03 3.084398e-03 3.323307e-03 3.193141e-03 3.285996e-03 4.748160e-03 4.732680e-03 4.416220e-03 8.096759e-02 4.774039e-03 4.482204e-03 4.626197e-03 4.460072e-03 3.469518e-03 3.087510e-03 3.408945e-03 3.182030e-03 3.241633e-03 3.172682e-03 3.480725e-03 3.340402e-03 3.299840e-03 3.729044e-03 3.377073e-03 3.569072e-03 3.364746e-03 3.334267e-03 3.252910e-03 3.360115e-03 3.062721e-03 3.352815e-03 3.344206e-03 4.575627e-03 4.354052e-03 4.500808e-03 4.731766e-03 4.746187e-03 4.830276e-03 5.245499e-03 4.312518e-03 3.386694e-03 4.423217e-03 4.431080e-03 4.753524e-03 4.759266e-03 4.797537e-03 4.395666e-03 4.742569e-03 5.112061e-03 1.477587e-01 4.742110e-03 4.747243e-03 4.363283e-03 4.762175e-03 4.768052e-03 1.118352e-01 4.406876e-03 4.700874e-03 3.352286e-03 4.979238e-03 4.763467e-03 4.444151e-03 4.771513e-03 4.364192e-03 4.993836e-03 4.817605e-03 4.758621e-03 2.388491e-03 1.414133e-02 4.690532e-03 4.362539e-03 4.387602e-03 4.591357e-03 4.677381e-03 4.741220e-03 5.123947e-03 2.756092e-03 3.990290e-03 3.364421e-03 3.286600e-03 5.114539e-03 4.577669e-03 4.609530e-03 4.738487e-03 4.963546e-03 3.303828e-03 4.768582e-03 4.352949e-03 4.907099e-03 4.433139e-03 5.081281e-03 4.753203e-03 2.903287e-02 4.631646e-03
4.038952e-03 4.018568e-03 4.067551e-03 3.924544e-03 4.027731e-03 3.914543e-03 3.835981e-03 4.053880e-03 4.048625e-03 3.982223e-03 3.832589e-03 4.089327e-03 4.124026e-03 3.823773e-03 3.835559e-03 3.810365e-03 4.014517e-03 3.900547e-03 4.095736e-03 5.719439e-03 5.703256e-03 5.456559e-03 1.008029e-01 5.739016e-03 5.500405e-03 5.695567e-03 5.475095e-03 4.178291e-03 3.824021e-03 4.102297e-03 3.902891e-03 3.944786e-03 3.870500e-03 4.199940e-03 4.027383e-03 4.082362e-03 4.549070e-03 4.053220e-03 4.304797e-03 4.053307e-03 4.020744e-03 3.956329e-03 4.043360e-03 3.802426e-03 4.032196e-03 4.029168e-03 5.563543e-03 5.387465e-03 5.505236e-03 5.702570e-03 5.724291e-03 5.964427e-03 6.373691e-03 5.360510e-03 4.075396e-03 5.455623e-03 5.466964e-03 5.717564e-03 5.724523e-03 5.912411e-03 5.452819e-03 5.710262e-03 6.172443e-03 2.010141e-01 5.705454e-03 5.725544e-03 5.404566e-03 5.718052e-03 5.735651e-03 1.395338e-01 5.487501e-03 5.678073e-03 4.040790e-03 5.997541e-03 5.722303e-03 5.461896e-03 5.726171e-03 5.399503e-03 6.026115e-03 5.800227e-03 5.719768e-03 2.868734e-03 1.755542e-02 5.672457e-03 5.402276e-03 5.417510e-03 5.591704e-03 5.666027e-03 5.711477e-03 6.203183e-03 3.315344e-03 4.867505e-03 4.045504e-03 3.988092e-03 6.265421e-03 5.584414e-03 5.603083e-03 5.699094e-03 5.977816e-03 4.003791e-03 5.730682e-03 5.390538e-03 5.911284e-03 5.443075e-03 6.116300e-03 5.722997e-03 3.546706e-02 5.765293e-03
3.773174e-03 3.763516e-03 3.785837e-03 3.730086e-03 3.766673e-03 3.722763e-03 3.684773e-03 3.772392e-03 3.769087e-03 3.748906e-03 3.695542e-03 3.816173e-03 3.952177e-03 3.678207e-03 3.692008e-03 3.677351e-03 3.758097e-03 3.713764e-03 3.956497e-03 5.344357e-03 5.316900e-03 5.250083e-03 9.864526e-02 5.337785e-03 5.249251e-03 5.453366e-03 5.238800e-03 3.897424e-03 3.685822e-03 3.818111e-03 3.712793e-03 3.734954e-03 3.693265e-03 3.927726e-03 3.767647e-03 3.919262e-03 4.275677e-03 3.771104e-03 4.008724e-03 3.780452e-03 3.765059e-03 3.743594e-03 3.770562e-03 3.678427e-03 3.760691e-03 3.769074e-03 5.257947e-03 5.196959e-03 5.246606e-03 5.325276e-03 5.337118e-03 5.703021e-03 5.983661e-03 5.194039e-03 3.809501e-03 5.230934e-03 5.255131e-03 5.331008e-03 5.327938e-03 5.653568e-03 5.267142e-03 5.327956e-03 5.756913e-03 1.974705e-01 5.324064e-03 5.348389e-03 5.209792e-03 5.323960e-03 5.341478e-03 1.405010e-01 5.318461e-03 5.322867e-03 3.769470e-03 5.575850e-03 5.331946e-03 5.231571e-03 5.333112e-03 5.209591e-03 5.619180e-03 5.412161e-03 5.331015e-03 2.668594e-03 1.694290e-02 5.317416e-03 5.218506e-03 5.217646e-03 5.292822e-03 5.312134e-03 5.329870e-03 5.802901e-03 3.081465e-03 4.568608e-03 3.771172e-03 3.754789e-03 5.948598e-03 5.283820e-03 5.289432e-03 5.318900e-03 5.571928e-03 3.760928e-03 5.331485e-03 5.197523e-03 5.522411e-03 5.216549e-03 5.700370e-03 5.328929e-03 3.447971e-02 5.572974e-03
3.348476e-03 3.352376e-03 3.347507e-03 3.374623e-03 3.348469e-03 3.374124e-03 3.386479e-03 3.339490e-03 3.339876e-03 3.359150e-03 3.394077e-03 3.382568e-03 3.597188e-03 3.380764e-03 3.381451e-03 3.386641e-03 3.347141e-03 3.373868e-03 3.636210e-03 4.738051e-03 4.725982e-03 4.819172e-03 9.304301e-02 4.728412e-03 4.777731e-03 4.984514e-03 4.771223e-03 3.451368e-03 3.389883e-03 3.374990e-03 3.374473e-03 3.360582e-03 3.369558e-03 3.480320e-03 3.348445e-03 3.591494e-03 3.806827e-03 3.336232e-03 3.540651e-03 3.348950e-03 3.348511e-03 3.365998e-03 3.348672e-03 3.388914e-03 3.335543e-03 3.344768e-03 4.742106e-03 4.780947e-03 4.763711e-03 4.735515e-03 4.736833e-03 5.187282e-03 5.318775e-03 4.797770e-03 3.381765e-03 4.788785e-03 4.809506e-03 4.724762e-03 4.718214e-03 5.129846e-03 4.856868e-03 4.725163e-03 5.083548e-03 1.787017e-01 4.724124e-03 4.755152e-03 4.795634e-03 4.706271e-03 4.724909e-03 1.342379e-01 4.918434e-03 4.746419e-03 3.345666e-03 4.919537e-03 4.719546e-03 4.767199e-03 4.716924e-03 4.787922e-03 4.976697e-03 4.795727e-03 4.721513e-03 2.364467e-03 1.557656e-02 4.743408e-03 4.796483e-03 4.785644e-03 4.763053e-03 4.743835e-03 4.729557e-03 5.148367e-03 2.724934e-03 4.040724e-03 3.338800e-03 3.363223e-03 5.345937e-03 4.759451e-03 4.748488e-03 4.720274e-03 4.928765e-03 3.365513e-03 4.719546e-03 4.788766e-03 4.899525e-03 4.786567e-03 5.030571e-03 4.726166e-03 3.252804e-02 5.118747e-03
3.074599e-03 3.084565e-03 3.054946e-03 3.160530e-03 3.078084e-03 3.166759e-03 3.234298e-03 3.051304e-03 3.059856e-03 3.118907e-03 3.243674e-03 3.101730e-03 3.388393e-03 3.235002e-03 3.218942e-03 3.250833e-03 3.077712e-03 3.187185e-03 3.474938e-03 4.340998e-03 4.332890e-03 4.606811e-03 9.210071e-02 4.325583e-03 4.512194e-03 4.736710e-03 4.514557e-03 3.153514e-03 3.245325e-03 3.086887e-03 3.174409e-03 3.143131e-03 3.201181e-03 3.183965e-03 3.080368e-03 3.421883e-03 3.491194e-03 3.048921e-03 3.227798e-03 3.069203e-03 3.082250e-03 3.135051e-03 3.067869e-03 3.255643e-03 3.058483e-03 3.072949e-03 4.450621e-03 4.585800e-03 4.489113e-03 4.346547e-03 4.341590e-03 4.891878e-03 4.863886e-03 4.620864e-03 3.105856e-03 4.545468e-03 4.573677e-03 4.322682e-03 4.316092e-03 4.822999e-03 4.656162e-03 4.328435e-03 4.633732e-03 1.728309e-01 4.332020e-03 4.365877e-03 4.588296e-03 4.303419e-03 4.323457e-03 1.347709e-01 4.723907e-03 4.373362e-03 3.070573e-03 4.488311e-03 4.311288e-03 4.517178e-03 4.305886e-03 4.583381e-03 4.535704e-03 4.390094e-03 4.323604e-03 2.160224e-03 1.491893e-02 4.371819e-03 4.589566e-03 4.563536e-03 4.441061e-03 4.380457e-03 4.335204e-03 4.706836e-03 2.490833e-03 3.675472e-03 3.063967e-03 3.119378e-03 4.952102e-03 4.435981e-03 4.421198e-03 4.322296e-03 4.496800e-03 3.107794e-03 4.320759e-03 4.587163e-03 4.479882e-03 4.573608e-03 4.581416e-03 4.324502e-03 3.205157e-02 4.888516e-03
2.580101e-03 2.592863e-03 2.556627e-03 2.681111e-03 2.579800e-03 2.688406e-03 2.777641e-03 2.558075e-03 2.564167e-03 2.629360e-03 2.785486e-03 2.594714e-03 2.881723e-03 2.782506e-03 2.759921e-03 2.798188e-03 2.589640e-03 2.713869e-03 2.978822e-03 3.642866e-03 3.639718e-03 3.947972e-03 8.318758e-02 3.619069e-03 3.844714e-03 4.041689e-03 3.857166e-03 2.640672e-03 2.791421e-03 2.587694e-03 2.697874e-03 2.664552e-03 2.728039e-03 2.666396e-03 2.585615e-03 2.925653e-03 2.914055e-03 2.553580e-03 2.691381e-03 2.573251e-03 2.587331e-03 2.652186e-03 2.575238e-03 2.806589e-03 2.566279e-03 2.576430e-03 3.781327e-03 3.944321e-03 3.823517e-03 3.642976e-03 3.642852e-03 4.161442e-03 4.057202e-03 3.984354e-03 2.601938e-03 3.891306e-03 3.920084e-03 3.621709e-03 3.618442e-03 4.086353e-03 4.007765e-03 3.633645e-03 3.868134e-03 1.627983e-01 3.630983e-03 3.658976e-03 3.955478e-03 3.602873e-03 3.618721e-03 1.192137e-01 4.073941e-03 3.672383e-03 2.573676e-03 3.744466e-03 3.610359e-03 3.859066e-03 3.611595e-03 3.937718e-03 3.794171e-03 3.672056e-03 3.621579e-03 1.810476e-03 1.284561e-02 3.681240e-03 3.949138e-03 3.914113e-03 3.754229e-03 3.684166e-03 3.640129e-03 3.928851e-03 2.085108e-03 3.048356e-03 2.569905e-03 2.629951e-03 4.153798e-03 3.756160e-03 3.727419e-03 3.626554e-03 3.760740e-03 2.611096e-03 3.614461e-03 3.951975e-03 3.753429e-03 3.920216e-03 3.822813e-03 3.629322e-03 2.837190e-02 4.183986e-03
1.691319e-03 1.699243e-03 1.680755e-03 1.748450e-03 1.693181e-03 1.756648e-03 1.801183e-03 1.678891e-03 1.683863e-03 1.718576e-03 1.809540e-03 1.708279e-03 1.871236e-03 1.808462e-03 1.801256e-03 1.816655e-03 1.699639e-03 1.767425e-03 1.928680e-03 2.385254e-03 2.386002e-03 2.569302e-03 5.576049e-02 2.383402e-03 2.499202e-03 2.624843e-03 2.514022e-03 1.730688e-03 1.816225e-03 1.700066e-03 1.757811e-03 1.743022e-03 1.766944e-03 1.750522e-03 1.695221e-03 1.893160e-03 1.899648e-03 1.680274e-03 1.761882e-03 1.689144e-03 1.697892e-03 1.731047e-03 1.688311e-03 1.824205e-03 1.689379e-03 1.690371e-03 2.470683e-03 2.559318e-03 2.499543e-03 2.398819e-03 2.389529e-03 2.698655e-03 2.640819e-03 2.593184e-03 1.707285e-03 2.528236e-03 2.546774e-03 2.378668e-03 2.377427e-03 2.654091e-03 2.606309e-03 2.393250e-03 2.534172e-03 1.102971e-01 2.382272e-03 2.400270e-03 2.566963e-03 2.372493e-03 2.378399e-03 8.062579e-02 2.645746e-03 2.405552e-03 1.687032e-03 2.457616e-03 2.376975e-03 2.510431e-03 2.375381e-03 2.559999e-03 2.482143e-03 2.416226e-03 2.382308e-03 1.189148e-03 8.399869e-03 2.411021e-03 2.562210e-03 2.543292e-03 2.449829e-03 2.409200e-03 2.382588e-03 2.572643e-03 1.372638e-03 1.979151e-03 1.685802e-03 1.718627e-03 2.697636e-03 2.450429e-03 2.437144e-03 2.383786e-03 2.458021e-03 1.709059e-03 2.381824e-03 2.566874e-03 2.459787e-03 2.535279e-03 2.505211e-03 2.382289e-03 1.933299e-02 2.708509e-03
3.663465e-04 3.640747e-04 3.640295e-04 3.706567e-04 3.684520e-04 3.691041e-04 3.780750e-04 3.685213e-04 3.672631e-04 3.664449e-04 3.750295e-04 3.689919e-04 3.821581e-04 3.725668e-04 3.762733e-04 3.774651e-04 3.655150e-04 3.746761e-04 3.957296e-04 5.171581e-04 5.135693e-04 5.301573e-04 1.197678e-02 5.147933e-04 5.210134e-04 5.448075e-04 5.263679e-04 3.752640e-04 3.773150e-04 3.718206e-04 3.706601e-04 3.685780e-04 3.701099e-04 3.790790e-04 3.683835e-04 3.929404e-04 3.968879e-04 3.659876e-04 3.765453e-04 3.670945e-04 3.673435e-04 3.695999e-04 3.659063e-04 3.782897e-04 3.617565e-04 3.652767e-04 5.282010e-04 5.301406e-04 5.296815e-04 5.105715e-04 5.174844e-04 5.584305e-04 5.628509e-04 5.359785e-04 3.656227e-04 5.301597e-04 5.292300e-04 5.162933e-04 5.157831e-04 5.423984e-04 5.341452e-04 5.172246e-04 5.461264e-04 3.126628e-02 5.229697e-04 5.233481e-04 5.305326e-04 5.137424e-04 5.146975e-04 2.112141e-02 5.389527e-04 5.178344e-04 3.671229e-04 5.347157e-04 5.181256e-04 5.287965e-04 5.167033e-04 5.357875e-04 5.370640e-04 5.275062e-04 5.174552e-04 2.604030e-04 1.741296e-03 5.175257e-04 5.335756e-04 5.307258e-04 5.200900e-04 5.149256e-04 5.130231e-04 5.480697e-04 2.989728e-04 4.118962e-04 3.630759e-04 3.695678e-04 5.647885e-04 5.236417e-04 5.207974e-04 5.133049e-04 5.284506e-04 3.657344e-04 5.188680e-04 5.309902e-04 5.298060e-04 5.312613e-04 5.459762e-04 5.179154e-04 3.980987e-03 5.550585e-04
