# Version 0.0
# Data /lustre/isaac24/proj/UTK0244/cbaillar/Bayes_HEP/Detroit_tune_Project/input/Data/Data__200__pp__STAR_2020_I1783875__d07-x01-y01.dat
# Observable: $1/N_{jets}$
# Subobservable: $z_{g}$
# Design Design_Rivet.dat
# design_point1 design_point2 design_point3 design_point4 design_point5 design_point6 design_point7 design_point8 design_point9 design_point10 design_point11 design_point12 design_point13 design_point14 design_point15 design_point16 design_point17 design_point18 design_point19 design_point20 design_point21 design_point22 design_point23 design_point24 design_point25 design_point26 design_point27 design_point28 design_point29 design_point30 design_point31 design_point32 design_point33 design_point34 design_point35 design_point36 design_point37 design_point38 design_point39 design_point40 design_point41 design_point42 design_point43 design_point44 design_point45 design_point46 design_point47 design_point48 design_point49 design_point50 design_point51 design_point52 design_point53 design_point54 design_point55 design_point56 design_point57 design_point58 design_point59 design_point60 design_point61 design_point62 design_point63 design_point64 design_point65 design_point66 design_point67 design_point68 design_point69 design_point70 design_point71 design_point72 design_point73 design_point74 design_point75 design_point76 design_point77 design_point78 design_point79 design_point80 design_point81 design_point82 design_point83 design_point84 design_point85 design_point86 design_point87 design_point88 design_point89 design_point90 design_point91 design_point92 design_point93 design_point94 design_point95 design_point96 design_point97 design_point98 design_point99 design_point100 design_point101 design_point102 design_point103 design_point104 design_point105 design_point106 design_point107 design_point108
6.174785e+00 6.177834e+00 6.149546e+00 6.262036e+00 6.173292e+00 6.267477e+00 6.331170e+00 6.147073e+00 6.154166e+00 6.213098e+00 6.344110e+00 6.167573e+00 6.306574e+00 6.330906e+00 6.321012e+00 6.347498e+00 6.180628e+00 6.263400e+00 6.362321e+00 6.157945e+00 6.160379e+00 6.332196e+00 6.197007e+00 6.150501e+00 6.292211e+00 6.312287e+00 6.288838e+00 6.155952e+00 6.333015e+00 6.150828e+00 6.285068e+00 6.237097e+00 6.284270e+00 6.163465e+00 6.178052e+00 6.336156e+00 6.210687e+00 6.141120e+00 6.155123e+00 6.161001e+00 6.169381e+00 6.233862e+00 6.158459e+00 6.351160e+00 6.157281e+00 6.171852e+00 6.242212e+00 6.333715e+00 6.274684e+00 6.171807e+00 6.165091e+00 6.308565e+00 6.200130e+00 6.360564e+00 6.169150e+00 6.320021e+00 6.313441e+00 6.150302e+00 6.146951e+00 6.299660e+00 6.347061e+00 6.153292e+00 6.152498e+00 6.190724e+00 6.169649e+00 6.166094e+00 6.340828e+00 6.146873e+00 6.153540e+00 6.102173e+00 6.368294e+00 6.188398e+00 6.159966e+00 6.146557e+00 6.150661e+00 6.298134e+00 6.149161e+00 6.332644e+00 6.161049e+00 6.154898e+00 6.148266e+00 6.155686e+00 6.321298e+00 6.188032e+00 6.339767e+00 6.334806e+00 6.235565e+00 6.190830e+00 6.167281e+00 6.181890e+00 6.150279e+00 6.196765e+00 6.156043e+00 6.217642e+00 6.252141e+00 6.239643e+00 6.221457e+00 6.159671e+00 6.156086e+00 6.206599e+00 6.149187e+00 6.341565e+00 6.157581e+00 6.311883e+00 6.147912e+00 6.157706e+00 6.205296e+00 6.354389e+00
3.771904e+00 3.778977e+00 3.761049e+00 3.803415e+00 3.766785e+00 3.809586e+00 3.828165e+00 3.761578e+00 3.770135e+00 3.782623e+00 3.835526e+00 3.763684e+00 3.828173e+00 3.835618e+00 3.832213e+00 3.836737e+00 3.775546e+00 3.809140e+00 3.841092e+00 3.770438e+00 3.773508e+00 3.833772e+00 3.756352e+00 3.762544e+00 3.810358e+00 3.827084e+00 3.819787e+00 3.759183e+00 3.833188e+00 3.757970e+00 3.814170e+00 3.796848e+00 3.809808e+00 3.773485e+00 3.765978e+00 3.836012e+00 3.781703e+00 3.760352e+00 3.756731e+00 3.769286e+00 3.775336e+00 3.794047e+00 3.768156e+00 3.839656e+00 3.764711e+00 3.763729e+00 3.791580e+00 3.845685e+00 3.814392e+00 3.771153e+00 3.761159e+00 3.818715e+00 3.767811e+00 3.853570e+00 3.769257e+00 3.828980e+00 3.834435e+00 3.763811e+00 3.762643e+00 3.821053e+00 3.849662e+00 3.769120e+00 3.772148e+00 3.877019e+00 3.768287e+00 3.770846e+00 3.841652e+00 3.764056e+00 3.765652e+00 3.804685e+00 3.847152e+00 3.774521e+00 3.774819e+00 3.756745e+00 3.763316e+00 3.823261e+00 3.753596e+00 3.836000e+00 3.761522e+00 3.765294e+00 3.762493e+00 3.758516e+00 3.821035e+00 3.776176e+00 3.833773e+00 3.834412e+00 3.800932e+00 3.775892e+00 3.769382e+00 3.772456e+00 3.757070e+00 3.772907e+00 3.767138e+00 3.784250e+00 3.802829e+00 3.798698e+00 3.790937e+00 3.766295e+00 3.761592e+00 3.780491e+00 3.757663e+00 3.840422e+00 3.774568e+00 3.820478e+00 3.762277e+00 3.760044e+00 3.850314e+00 3.850608e+00
2.579426e+00 2.575029e+00 2.584099e+00 2.585380e+00 2.580964e+00 2.576097e+00 2.580278e+00 2.579208e+00 2.574254e+00 2.585558e+00 2.584079e+00 2.583858e+00 2.577897e+00 2.586377e+00 2.583633e+00 2.582160e+00 2.583681e+00 2.585503e+00 2.579993e+00 2.582342e+00 2.577426e+00 2.579204e+00 2.702402e+00 2.576682e+00 2.580643e+00 2.580743e+00 2.588270e+00 2.587719e+00 2.588140e+00 2.584317e+00 2.579120e+00 2.584495e+00 2.577437e+00 2.577572e+00 2.576826e+00 2.579960e+00 2.583185e+00 2.585161e+00 2.581769e+00 2.575084e+00 2.583648e+00 2.585059e+00 2.582700e+00 2.584587e+00 2.588882e+00 2.586587e+00 2.580830e+00 2.585250e+00 2.583300e+00 2.578342e+00 2.580138e+00 2.584696e+00 2.576819e+00 2.586769e+00 2.576238e+00 2.582517e+00 2.584515e+00 2.581674e+00 2.579471e+00 2.583727e+00 2.586804e+00 2.586477e+00 2.576047e+00 2.376238e+00 2.570614e+00 2.588000e+00 2.581434e+00 2.580818e+00 2.577198e+00 2.695456e+00 2.589542e+00 2.582824e+00 2.579129e+00 2.584638e+00 2.578952e+00 2.579444e+00 2.584315e+00 2.590362e+00 2.582181e+00 2.578039e+00 2.588779e+00 2.577903e+00 2.597186e+00 2.580957e+00 2.587620e+00 2.585329e+00 2.582397e+00 2.583099e+00 2.579111e+00 2.576732e+00 2.583218e+00 2.581910e+00 2.581774e+00 2.584043e+00 2.578655e+00 2.579038e+00 2.583544e+00 2.581441e+00 2.583036e+00 2.572643e+00 2.582664e+00 2.586761e+00 2.579323e+00 2.580179e+00 2.583576e+00 2.581127e+00 2.608200e+00 2.585924e+00
1.942379e+00 1.943389e+00 1.943352e+00 1.924775e+00 1.940033e+00 1.927571e+00 1.915756e+00 1.946951e+00 1.946809e+00 1.933309e+00 1.910182e+00 1.942858e+00 1.917070e+00 1.911177e+00 1.914539e+00 1.914415e+00 1.937512e+00 1.924736e+00 1.907608e+00 1.946630e+00 1.944934e+00 1.913013e+00 1.964497e+00 1.948355e+00 1.926150e+00 1.919372e+00 1.921904e+00 1.944791e+00 1.912388e+00 1.943235e+00 1.925006e+00 1.933499e+00 1.920864e+00 1.942399e+00 1.939038e+00 1.911407e+00 1.929319e+00 1.946492e+00 1.944710e+00 1.942611e+00 1.943993e+00 1.930187e+00 1.943845e+00 1.915618e+00 1.941202e+00 1.942264e+00 1.927943e+00 1.914578e+00 1.921775e+00 1.943300e+00 1.943168e+00 1.918289e+00 1.940940e+00 1.906915e+00 1.943748e+00 1.916869e+00 1.917964e+00 1.946233e+00 1.947182e+00 1.917954e+00 1.909418e+00 1.943567e+00 1.944756e+00 2.146952e+00 1.940064e+00 1.945616e+00 1.918249e+00 1.946281e+00 1.948400e+00 1.950325e+00 1.909845e+00 1.939831e+00 1.946705e+00 1.946699e+00 1.944718e+00 1.919360e+00 1.945859e+00 1.916008e+00 1.941237e+00 1.951328e+00 1.944311e+00 1.943539e+00 1.908224e+00 1.939550e+00 1.914797e+00 1.915288e+00 1.926440e+00 1.937772e+00 1.941304e+00 1.938567e+00 1.945477e+00 1.934286e+00 1.945250e+00 1.932414e+00 1.925908e+00 1.929533e+00 1.938269e+00 1.948798e+00 1.945398e+00 1.935112e+00 1.947998e+00 1.910917e+00 1.943960e+00 1.919130e+00 1.946200e+00 1.947433e+00 1.940887e+00 1.907047e+00
1.577797e+00 1.580118e+00 1.586343e+00 1.555365e+00 1.579328e+00 1.553812e+00 1.540343e+00 1.586146e+00 1.583642e+00 1.569878e+00 1.533630e+00 1.579562e+00 1.545239e+00 1.539122e+00 1.539763e+00 1.534446e+00 1.575373e+00 1.550934e+00 1.534189e+00 1.579153e+00 1.579574e+00 1.537108e+00 1.535677e+00 1.583084e+00 1.549199e+00 1.541717e+00 1.547750e+00 1.584784e+00 1.535272e+00 1.585894e+00 1.551491e+00 1.560095e+00 1.551698e+00 1.576044e+00 1.576697e+00 1.539489e+00 1.567513e+00 1.582863e+00 1.582960e+00 1.580619e+00 1.575024e+00 1.564149e+00 1.578020e+00 1.530252e+00 1.578951e+00 1.578495e+00 1.562257e+00 1.532414e+00 1.547384e+00 1.578059e+00 1.583061e+00 1.541077e+00 1.571196e+00 1.526417e+00 1.579112e+00 1.542585e+00 1.545338e+00 1.583343e+00 1.584516e+00 1.544876e+00 1.528665e+00 1.579475e+00 1.581231e+00 1.438249e+00 1.582720e+00 1.574172e+00 1.531469e+00 1.584165e+00 1.582409e+00 1.422523e+00 1.525377e+00 1.574310e+00 1.579374e+00 1.584855e+00 1.581392e+00 1.546561e+00 1.584423e+00 1.537264e+00 1.579778e+00 1.581974e+00 1.584469e+00 1.586492e+00 1.552838e+00 1.573460e+00 1.535802e+00 1.534284e+00 1.560833e+00 1.573363e+00 1.578689e+00 1.577168e+00 1.584595e+00 1.575979e+00 1.579800e+00 1.565347e+00 1.558594e+00 1.561787e+00 1.562089e+00 1.578442e+00 1.582430e+00 1.569033e+00 1.586961e+00 1.534330e+00 1.578496e+00 1.545637e+00 1.584648e+00 1.581465e+00 1.577981e+00 1.531053e+00
1.361261e+00 1.360680e+00 1.368460e+00 1.342329e+00 1.366984e+00 1.339034e+00 1.322523e+00 1.373960e+00 1.370242e+00 1.353044e+00 1.316377e+00 1.367411e+00 1.325299e+00 1.316280e+00 1.323613e+00 1.314842e+00 1.362457e+00 1.337017e+00 1.309464e+00 1.369209e+00 1.370746e+00 1.322887e+00 1.329621e+00 1.371230e+00 1.331908e+00 1.321557e+00 1.328919e+00 1.365540e+00 1.320629e+00 1.369089e+00 1.329756e+00 1.344118e+00 1.335394e+00 1.369231e+00 1.365783e+00 1.318014e+00 1.353757e+00 1.372623e+00 1.365755e+00 1.370089e+00 1.361542e+00 1.344267e+00 1.370060e+00 1.312316e+00 1.368961e+00 1.366678e+00 1.348202e+00 1.317444e+00 1.336524e+00 1.366124e+00 1.366398e+00 1.327736e+00 1.358957e+00 1.309876e+00 1.367898e+00 1.320151e+00 1.323635e+00 1.369927e+00 1.375051e+00 1.326473e+00 1.314520e+00 1.370052e+00 1.369275e+00 1.479937e+00 1.366475e+00 1.365605e+00 1.315263e+00 1.371230e+00 1.367361e+00 1.487440e+00 1.308208e+00 1.359229e+00 1.366469e+00 1.374440e+00 1.373334e+00 1.328042e+00 1.372763e+00 1.312327e+00 1.369113e+00 1.370810e+00 1.369435e+00 1.371621e+00 1.315136e+00 1.362258e+00 1.315262e+00 1.319384e+00 1.348576e+00 1.360366e+00 1.369835e+00 1.358956e+00 1.373423e+00 1.354442e+00 1.367623e+00 1.355233e+00 1.342165e+00 1.342689e+00 1.352789e+00 1.366910e+00 1.371674e+00 1.356217e+00 1.371270e+00 1.316369e+00 1.363145e+00 1.324424e+00 1.373685e+00 1.370399e+00 1.304355e+00 1.308535e+00
1.244876e+00 1.241630e+00 1.252337e+00 1.215466e+00 1.244381e+00 1.217563e+00 1.198133e+00 1.252359e+00 1.249485e+00 1.235992e+00 1.195811e+00 1.247161e+00 1.206145e+00 1.197152e+00 1.202682e+00 1.196577e+00 1.244739e+00 1.218581e+00 1.188682e+00 1.246612e+00 1.245672e+00 1.197200e+00 1.204316e+00 1.254416e+00 1.207541e+00 1.204506e+00 1.210268e+00 1.249977e+00 1.196903e+00 1.250941e+00 1.210483e+00 1.224310e+00 1.212729e+00 1.249997e+00 1.248398e+00 1.195393e+00 1.236186e+00 1.251446e+00 1.253076e+00 1.248793e+00 1.245325e+00 1.224253e+00 1.248442e+00 1.190874e+00 1.249764e+00 1.244585e+00 1.224737e+00 1.191656e+00 1.214687e+00 1.247455e+00 1.248114e+00 1.202492e+00 1.244344e+00 1.187803e+00 1.244386e+00 1.199899e+00 1.195668e+00 1.250927e+00 1.248257e+00 1.205601e+00 1.192498e+00 1.248138e+00 1.247129e+00 1.156853e+00 1.249555e+00 1.245277e+00 1.192848e+00 1.251001e+00 1.253089e+00 1.261643e+00 1.185375e+00 1.239944e+00 1.245305e+00 1.252370e+00 1.249818e+00 1.207721e+00 1.253438e+00 1.196442e+00 1.249704e+00 1.247046e+00 1.247643e+00 1.251855e+00 1.203749e+00 1.238104e+00 1.194833e+00 1.197192e+00 1.222708e+00 1.241349e+00 1.245995e+00 1.244383e+00 1.251915e+00 1.240715e+00 1.247925e+00 1.234170e+00 1.219159e+00 1.229857e+00 1.225451e+00 1.247054e+00 1.247827e+00 1.240422e+00 1.247336e+00 1.191753e+00 1.248482e+00 1.201810e+00 1.247550e+00 1.246377e+00 1.216264e+00 1.190905e+00
1.188709e+00 1.185026e+00 1.196633e+00 1.161822e+00 1.191106e+00 1.160572e+00 1.140435e+00 1.194571e+00 1.192551e+00 1.173243e+00 1.138019e+00 1.190277e+00 1.147530e+00 1.140343e+00 1.139832e+00 1.131463e+00 1.181485e+00 1.160451e+00 1.133521e+00 1.189802e+00 1.190402e+00 1.140376e+00 1.161156e+00 1.193508e+00 1.153733e+00 1.145111e+00 1.149176e+00 1.192844e+00 1.137413e+00 1.198102e+00 1.156736e+00 1.168176e+00 1.158714e+00 1.189165e+00 1.191982e+00 1.138471e+00 1.177994e+00 1.200140e+00 1.198907e+00 1.194726e+00 1.188501e+00 1.171889e+00 1.191842e+00 1.134832e+00 1.191602e+00 1.188961e+00 1.170620e+00 1.137127e+00 1.159234e+00 1.186041e+00 1.193936e+00 1.150413e+00 1.179992e+00 1.128649e+00 1.191120e+00 1.145375e+00 1.139583e+00 1.194471e+00 1.195730e+00 1.150808e+00 1.130460e+00 1.191752e+00 1.196084e+00 1.208963e+00 1.193329e+00 1.187507e+00 1.136681e+00 1.196632e+00 1.193321e+00 1.117697e+00 1.126306e+00 1.184505e+00 1.190092e+00 1.191445e+00 1.197124e+00 1.150236e+00 1.196857e+00 1.135039e+00 1.194690e+00 1.191327e+00 1.196756e+00 1.195348e+00 1.130930e+00 1.185068e+00 1.136599e+00 1.137941e+00 1.171221e+00 1.181374e+00 1.189795e+00 1.189934e+00 1.196377e+00 1.180400e+00 1.195488e+00 1.172255e+00 1.165468e+00 1.167445e+00 1.171604e+00 1.192960e+00 1.191470e+00 1.183964e+00 1.197401e+00 1.137458e+00 1.196242e+00 1.149780e+00 1.193563e+00 1.195709e+00 1.155383e+00 1.129889e+00
