# Version 0.0
# Data /lustre/isaac24/proj/UTK0244/cbaillar/Bayes_HEP/Detroit_tune_Project/input/Data/Data__200__pp__STAR_2020_I1783875__d31-x01-y01.dat
# Observable: $1/N_{jets}$
# Subobservable: $z_{g}$
# Design Design_Rivet.dat
# design_point1 design_point2 design_point3 design_point4 design_point5 design_point6 design_point7 design_point8 design_point9 design_point10 design_point11 design_point12 design_point13 design_point14 design_point15 design_point16 design_point17 design_point18 design_point19 design_point20 design_point21 design_point22 design_point23 design_point24 design_point25 design_point26 design_point27 design_point28 design_point29 design_point30 design_point31 design_point32 design_point33 design_point34 design_point35 design_point36 design_point37 design_point38 design_point39 design_point40 design_point41 design_point42 design_point43 design_point44 design_point45 design_point46 design_point47 design_point48 design_point49 design_point50 design_point51 design_point52 design_point53 design_point54 design_point55 design_point56 design_point57 design_point58 design_point59 design_point60 design_point61 design_point62 design_point63 design_point64 design_point65 design_point66 design_point67 design_point68 design_point69 design_point70 design_point71 design_point72 design_point73 design_point74 design_point75 design_point76 design_point77 design_point78 design_point79 design_point80 design_point81 design_point82 design_point83 design_point84 design_point85 design_point86 design_point87 design_point88 design_point89 design_point90 design_point91 design_point92 design_point93 design_point94 design_point95 design_point96 design_point97 design_point98 design_point99 design_point100 design_point101 design_point102 design_point103 design_point104 design_point105 design_point106 design_point107 design_point108
6.573210e+00 6.600333e+00 6.538548e+00 6.767087e+00 6.575420e+00 6.775916e+00 6.953280e+00 6.536212e+00 6.549954e+00 6.672639e+00 6.969207e+00 6.558861e+00 6.836889e+00 6.968811e+00 6.938062e+00 6.992479e+00 6.581021e+00 6.824075e+00 6.996156e+00 6.563307e+00 6.559338e+00 6.960058e+00 6.726599e+00 6.529850e+00 6.847847e+00 6.901406e+00 6.863903e+00 6.540068e+00 6.989931e+00 6.532557e+00 6.806827e+00 6.740370e+00 6.859377e+00 6.565513e+00 6.583041e+00 6.953746e+00 6.615701e+00 6.517202e+00 6.531484e+00 6.572864e+00 6.576895e+00 6.708115e+00 6.566492e+00 7.010383e+00 6.561415e+00 6.575100e+00 6.760941e+00 6.983656e+00 6.825692e+00 6.565039e+00 6.566376e+00 6.879109e+00 6.595741e+00 7.036329e+00 6.571293e+00 6.909161e+00 6.921698e+00 6.551690e+00 6.528803e+00 6.815950e+00 6.987059e+00 6.555413e+00 6.525862e+00 6.850711e+00 6.556818e+00 6.567859e+00 6.998833e+00 6.520639e+00 6.538371e+00 6.695452e+00 7.034533e+00 6.607761e+00 6.568120e+00 6.527363e+00 6.529110e+00 6.856763e+00 6.528054e+00 6.965639e+00 6.544627e+00 6.556006e+00 6.535063e+00 6.535024e+00 6.831916e+00 6.627970e+00 6.980435e+00 6.945962e+00 6.709453e+00 6.621675e+00 6.567160e+00 6.575344e+00 6.521586e+00 6.581447e+00 6.548612e+00 6.662211e+00 6.719046e+00 6.704641e+00 6.683477e+00 6.546479e+00 6.541636e+00 6.631404e+00 6.531910e+00 7.002014e+00 6.559010e+00 6.932850e+00 6.528131e+00 6.544869e+00 6.789598e+00 6.976813e+00
3.758953e+00 3.757373e+00 3.740006e+00 3.774884e+00 3.753612e+00 3.786498e+00 3.809329e+00 3.752387e+00 3.754183e+00 3.765804e+00 3.807416e+00 3.751757e+00 3.793487e+00 3.808298e+00 3.802394e+00 3.813351e+00 3.756223e+00 3.791613e+00 3.809226e+00 3.751600e+00 3.768231e+00 3.806052e+00 3.757735e+00 3.748590e+00 3.792547e+00 3.799762e+00 3.799536e+00 3.746685e+00 3.807004e+00 3.752103e+00 3.784644e+00 3.779947e+00 3.781525e+00 3.755754e+00 3.755571e+00 3.813860e+00 3.764849e+00 3.740578e+00 3.749215e+00 3.751471e+00 3.755581e+00 3.772275e+00 3.753975e+00 3.813970e+00 3.747925e+00 3.746465e+00 3.778800e+00 3.818642e+00 3.792300e+00 3.761138e+00 3.752882e+00 3.807263e+00 3.759178e+00 3.814676e+00 3.746773e+00 3.797999e+00 3.809168e+00 3.750142e+00 3.745898e+00 3.790352e+00 3.810450e+00 3.749577e+00 3.748650e+00 3.746018e+00 3.749394e+00 3.753396e+00 3.807747e+00 3.737203e+00 3.752389e+00 3.778271e+00 3.824176e+00 3.758897e+00 3.758100e+00 3.754320e+00 3.751579e+00 3.793265e+00 3.752992e+00 3.812458e+00 3.751570e+00 3.748744e+00 3.751279e+00 3.748841e+00 3.801077e+00 3.755085e+00 3.809616e+00 3.801546e+00 3.784315e+00 3.756385e+00 3.754584e+00 3.753249e+00 3.748606e+00 3.760985e+00 3.752583e+00 3.769929e+00 3.769936e+00 3.776793e+00 3.767665e+00 3.749352e+00 3.750888e+00 3.767405e+00 3.751202e+00 3.815911e+00 3.758154e+00 3.796073e+00 3.747602e+00 3.751139e+00 3.775514e+00 3.808578e+00
2.498766e+00 2.498481e+00 2.508616e+00 2.476821e+00 2.505595e+00 2.479481e+00 2.449958e+00 2.501411e+00 2.501808e+00 2.490424e+00 2.454729e+00 2.507148e+00 2.469909e+00 2.453229e+00 2.460257e+00 2.450344e+00 2.503606e+00 2.469488e+00 2.446880e+00 2.501609e+00 2.502566e+00 2.448073e+00 2.576134e+00 2.506493e+00 2.464013e+00 2.455924e+00 2.463515e+00 2.507912e+00 2.455572e+00 2.506805e+00 2.473067e+00 2.478332e+00 2.459607e+00 2.502734e+00 2.498986e+00 2.457213e+00 2.494818e+00 2.508239e+00 2.502853e+00 2.496205e+00 2.502212e+00 2.486015e+00 2.498476e+00 2.449300e+00 2.504804e+00 2.499781e+00 2.477169e+00 2.445874e+00 2.468543e+00 2.503111e+00 2.499051e+00 2.466608e+00 2.499260e+00 2.448037e+00 2.501448e+00 2.467264e+00 2.455128e+00 2.501502e+00 2.509258e+00 2.470633e+00 2.455263e+00 2.504352e+00 2.510618e+00 2.425143e+00 2.502049e+00 2.497300e+00 2.450318e+00 2.512316e+00 2.508181e+00 2.450037e+00 2.442591e+00 2.500580e+00 2.499738e+00 2.510772e+00 2.505324e+00 2.469965e+00 2.510191e+00 2.450974e+00 2.500900e+00 2.501345e+00 2.509297e+00 2.505914e+00 2.470013e+00 2.495043e+00 2.447438e+00 2.458131e+00 2.485945e+00 2.490240e+00 2.502058e+00 2.496015e+00 2.513721e+00 2.496611e+00 2.509548e+00 2.495509e+00 2.475720e+00 2.490227e+00 2.488752e+00 2.504613e+00 2.505248e+00 2.488703e+00 2.499884e+00 2.443460e+00 2.498673e+00 2.456641e+00 2.508180e+00 2.505567e+00 2.490793e+00 2.453564e+00
1.860965e+00 1.857609e+00 1.872101e+00 1.827843e+00 1.861189e+00 1.828015e+00 1.793422e+00 1.873636e+00 1.870362e+00 1.845160e+00 1.786865e+00 1.864684e+00 1.816852e+00 1.785272e+00 1.790774e+00 1.784803e+00 1.862059e+00 1.813789e+00 1.782801e+00 1.869046e+00 1.863006e+00 1.789203e+00 1.812113e+00 1.872500e+00 1.814300e+00 1.805568e+00 1.809653e+00 1.867391e+00 1.784644e+00 1.869881e+00 1.823183e+00 1.835963e+00 1.810304e+00 1.863040e+00 1.860441e+00 1.789350e+00 1.858131e+00 1.880522e+00 1.873404e+00 1.871801e+00 1.864706e+00 1.837611e+00 1.864004e+00 1.783607e+00 1.866307e+00 1.862261e+00 1.829661e+00 1.783200e+00 1.816737e+00 1.864907e+00 1.864013e+00 1.799099e+00 1.861662e+00 1.777972e+00 1.865161e+00 1.802132e+00 1.801422e+00 1.864472e+00 1.877515e+00 1.815941e+00 1.787793e+00 1.869108e+00 1.874046e+00 1.779571e+00 1.865724e+00 1.868877e+00 1.786093e+00 1.877938e+00 1.869980e+00 1.884201e+00 1.777547e+00 1.851415e+00 1.864584e+00 1.871159e+00 1.877347e+00 1.810119e+00 1.871117e+00 1.784704e+00 1.866293e+00 1.868641e+00 1.870278e+00 1.869035e+00 1.814820e+00 1.854331e+00 1.789016e+00 1.797152e+00 1.835419e+00 1.853677e+00 1.864967e+00 1.865974e+00 1.875568e+00 1.862344e+00 1.869375e+00 1.843093e+00 1.831965e+00 1.833352e+00 1.842622e+00 1.868119e+00 1.869610e+00 1.856490e+00 1.866503e+00 1.780251e+00 1.864612e+00 1.796324e+00 1.874312e+00 1.868956e+00 1.824361e+00 1.790390e+00
1.515417e+00 1.505786e+00 1.512530e+00 1.476094e+00 1.506347e+00 1.469725e+00 1.439077e+00 1.523693e+00 1.514386e+00 1.492239e+00 1.431573e+00 1.513365e+00 1.460523e+00 1.431750e+00 1.440330e+00 1.429072e+00 1.512295e+00 1.459489e+00 1.433592e+00 1.512323e+00 1.508076e+00 1.438050e+00 1.465673e+00 1.519856e+00 1.456666e+00 1.447754e+00 1.453830e+00 1.521531e+00 1.425325e+00 1.521027e+00 1.464541e+00 1.475464e+00 1.458788e+00 1.512623e+00 1.509640e+00 1.436429e+00 1.497834e+00 1.524340e+00 1.518764e+00 1.509391e+00 1.512454e+00 1.487672e+00 1.508077e+00 1.427297e+00 1.515968e+00 1.513018e+00 1.473216e+00 1.429765e+00 1.460502e+00 1.510799e+00 1.517911e+00 1.446482e+00 1.501280e+00 1.415695e+00 1.514209e+00 1.443211e+00 1.443714e+00 1.517693e+00 1.521999e+00 1.462359e+00 1.429056e+00 1.512945e+00 1.523099e+00 1.495010e+00 1.518101e+00 1.507278e+00 1.431995e+00 1.523761e+00 1.519467e+00 1.486142e+00 1.417209e+00 1.507369e+00 1.510549e+00 1.520089e+00 1.520171e+00 1.454880e+00 1.519674e+00 1.440149e+00 1.521728e+00 1.516188e+00 1.518708e+00 1.518638e+00 1.461367e+00 1.501913e+00 1.431368e+00 1.440707e+00 1.482634e+00 1.509835e+00 1.512839e+00 1.515626e+00 1.516558e+00 1.510711e+00 1.515485e+00 1.489246e+00 1.485096e+00 1.482678e+00 1.492510e+00 1.518615e+00 1.516666e+00 1.504034e+00 1.521038e+00 1.427247e+00 1.514396e+00 1.441115e+00 1.525063e+00 1.521455e+00 1.479185e+00 1.431410e+00
1.312351e+00 1.305395e+00 1.317634e+00 1.268648e+00 1.313380e+00 1.268663e+00 1.232402e+00 1.313773e+00 1.310406e+00 1.288642e+00 1.230216e+00 1.307673e+00 1.249717e+00 1.234138e+00 1.236369e+00 1.223192e+00 1.308931e+00 1.261478e+00 1.224322e+00 1.314367e+00 1.310459e+00 1.234258e+00 1.290260e+00 1.319341e+00 1.254539e+00 1.241940e+00 1.253547e+00 1.311792e+00 1.226573e+00 1.317096e+00 1.262739e+00 1.274368e+00 1.251748e+00 1.311313e+00 1.306322e+00 1.234242e+00 1.301113e+00 1.318319e+00 1.314302e+00 1.309878e+00 1.300598e+00 1.282094e+00 1.315391e+00 1.219119e+00 1.311492e+00 1.314743e+00 1.270682e+00 1.229666e+00 1.258092e+00 1.312496e+00 1.309794e+00 1.250689e+00 1.304027e+00 1.218080e+00 1.309390e+00 1.239119e+00 1.239522e+00 1.312424e+00 1.312694e+00 1.261649e+00 1.226254e+00 1.308851e+00 1.314325e+00 1.261414e+00 1.314134e+00 1.312249e+00 1.223555e+00 1.320698e+00 1.307982e+00 1.311786e+00 1.214768e+00 1.304255e+00 1.309729e+00 1.318759e+00 1.318960e+00 1.250353e+00 1.311100e+00 1.226911e+00 1.314599e+00 1.312085e+00 1.314839e+00 1.316688e+00 1.259156e+00 1.301767e+00 1.230419e+00 1.234130e+00 1.279838e+00 1.301403e+00 1.313026e+00 1.313609e+00 1.317999e+00 1.310329e+00 1.314677e+00 1.290137e+00 1.283464e+00 1.280939e+00 1.288981e+00 1.315276e+00 1.316320e+00 1.292324e+00 1.318417e+00 1.224764e+00 1.304505e+00 1.238500e+00 1.320241e+00 1.309345e+00 1.271853e+00 1.225433e+00
1.193478e+00 1.187872e+00 1.209106e+00 1.158815e+00 1.190877e+00 1.153838e+00 1.121979e+00 1.201689e+00 1.201010e+00 1.177319e+00 1.122827e+00 1.198950e+00 1.142399e+00 1.120267e+00 1.127594e+00 1.113313e+00 1.194325e+00 1.146134e+00 1.116315e+00 1.195146e+00 1.198759e+00 1.122785e+00 1.134824e+00 1.201216e+00 1.143602e+00 1.133980e+00 1.137352e+00 1.205855e+00 1.116479e+00 1.202583e+00 1.151341e+00 1.165570e+00 1.146699e+00 1.199198e+00 1.190538e+00 1.114491e+00 1.187689e+00 1.208333e+00 1.207445e+00 1.194497e+00 1.197300e+00 1.169452e+00 1.196403e+00 1.109049e+00 1.196963e+00 1.195751e+00 1.161853e+00 1.115901e+00 1.147850e+00 1.193458e+00 1.196060e+00 1.137319e+00 1.191646e+00 1.107177e+00 1.193962e+00 1.127894e+00 1.122828e+00 1.204076e+00 1.203094e+00 1.148305e+00 1.116095e+00 1.199941e+00 1.204182e+00 1.125504e+00 1.199299e+00 1.199227e+00 1.110767e+00 1.207087e+00 1.206243e+00 1.161280e+00 1.106909e+00 1.187019e+00 1.198095e+00 1.198212e+00 1.197266e+00 1.140467e+00 1.205687e+00 1.121829e+00 1.202821e+00 1.201703e+00 1.201243e+00 1.201488e+00 1.146449e+00 1.184887e+00 1.116430e+00 1.123222e+00 1.165696e+00 1.183748e+00 1.195399e+00 1.192220e+00 1.207035e+00 1.193859e+00 1.196892e+00 1.179933e+00 1.170279e+00 1.170979e+00 1.172472e+00 1.201507e+00 1.199935e+00 1.184800e+00 1.206852e+00 1.110974e+00 1.203495e+00 1.126378e+00 1.202976e+00 1.202301e+00 1.137491e+00 1.114934e+00
1.138451e+00 1.140648e+00 1.152797e+00 1.108933e+00 1.145707e+00 1.099987e+00 1.068473e+00 1.147595e+00 1.149859e+00 1.124174e+00 1.066968e+00 1.150117e+00 1.095095e+00 1.066740e+00 1.071165e+00 1.063519e+00 1.134684e+00 1.096707e+00 1.061235e+00 1.145643e+00 1.142623e+00 1.071567e+00 1.103153e+00 1.153257e+00 1.088411e+00 1.079163e+00 1.083738e+00 1.151784e+00 1.063722e+00 1.149666e+00 1.096498e+00 1.109590e+00 1.093449e+00 1.142717e+00 1.147081e+00 1.068573e+00 1.135857e+00 1.152358e+00 1.154081e+00 1.145814e+00 1.143805e+00 1.113906e+00 1.147749e+00 1.059163e+00 1.146716e+00 1.145216e+00 1.108399e+00 1.062117e+00 1.093552e+00 1.139922e+00 1.144868e+00 1.078600e+00 1.140445e+00 1.054848e+00 1.149138e+00 1.080276e+00 1.072612e+00 1.150509e+00 1.152717e+00 1.098853e+00 1.059004e+00 1.151937e+00 1.152230e+00 1.193459e+00 1.146386e+00 1.145903e+00 1.060854e+00 1.151319e+00 1.149172e+00 1.102064e+00 1.053370e+00 1.136473e+00 1.142326e+00 1.148097e+00 1.149667e+00 1.088083e+00 1.152194e+00 1.067970e+00 1.149065e+00 1.146633e+00 1.150515e+00 1.155043e+00 1.086828e+00 1.132623e+00 1.063560e+00 1.067012e+00 1.114742e+00 1.135717e+00 1.139517e+00 1.141532e+00 1.148877e+00 1.142059e+00 1.143338e+00 1.125757e+00 1.121284e+00 1.118464e+00 1.118918e+00 1.147319e+00 1.150201e+00 1.129816e+00 1.155775e+00 1.064228e+00 1.149881e+00 1.077515e+00 1.147887e+00 1.146667e+00 1.106380e+00 1.068056e+00
