# Version 0.0
# Data /lustre/isaac24/proj/UTK0244/cbaillar/Bayes_HEP/Detroit_tune_Project/input/Data/Data__200__pp__STAR_2020_I1783875__d09-x01-y01.dat
# Observable: $1/N_{jets}$
# Subobservable: $R_{g}$
# Design Design_Rivet.dat
# design_point1 design_point2 design_point3 design_point4 design_point5 design_point6 design_point7 design_point8 design_point9 design_point10 design_point11 design_point12 design_point13 design_point14 design_point15 design_point16 design_point17 design_point18 design_point19 design_point20 design_point21 design_point22 design_point23 design_point24 design_point25 design_point26 design_point27 design_point28 design_point29 design_point30 design_point31 design_point32 design_point33 design_point34 design_point35 design_point36 design_point37 design_point38 design_point39 design_point40 design_point41 design_point42 design_point43 design_point44 design_point45 design_point46 design_point47 design_point48 design_point49 design_point50 design_point51 design_point52 design_point53 design_point54 design_point55 design_point56 design_point57 design_point58 design_point59 design_point60 design_point61 design_point62 design_point63 design_point64 design_point65 design_point66 design_point67 design_point68 design_point69 design_point70 design_point71 design_point72 design_point73 design_point74 design_point75 design_point76 design_point77 design_point78 design_point79 design_point80 design_point81 design_point82 design_point83 design_point84 design_point85 design_point86 design_point87 design_point88 design_point89 design_point90 design_point91 design_point92 design_point93 design_point94 design_point95 design_point96 design_point97 design_point98 design_point99 design_point100 design_point101 design_point102 design_point103 design_point104 design_point105 design_point106 design_point107 design_point108
1.798992e-01 1.761693e-01 1.841790e-01 1.613114e-01 1.800455e-01 1.592823e-01 1.503039e-01 1.852345e-01 1.830339e-01 1.702160e-01 1.449314e-01 1.800337e-01 1.537332e-01 1.460489e-01 1.493972e-01 1.451666e-01 1.779656e-01 1.596580e-01 1.428455e-01 1.825012e-01 1.805391e-01 1.466421e-01 1.427983e-01 1.840359e-01 1.562466e-01 1.527997e-01 1.553223e-01 1.848535e-01 1.470703e-01 1.838423e-01 1.571793e-01 1.641556e-01 1.568824e-01 1.792273e-01 1.786459e-01 1.392223e-01 1.750686e-01 1.845932e-01 1.867203e-01 1.812717e-01 1.757319e-01 1.639350e-01 1.808219e-01 1.422351e-01 1.819659e-01 1.789449e-01 1.652883e-01 1.454577e-01 1.570217e-01 1.805182e-01 1.804841e-01 1.549678e-01 1.783255e-01 1.425431e-01 1.800081e-01 1.494117e-01 1.474368e-01 1.834872e-01 1.842380e-01 1.553326e-01 1.438000e-01 1.821430e-01 1.826153e-01 1.800327e-01 1.805324e-01 1.798542e-01 1.447012e-01 1.773046e-01 1.834947e-01 1.857585e-01 1.399069e-01 1.758028e-01 1.814176e-01 1.806722e-01 1.857171e-01 1.525482e-01 1.857165e-01 1.457984e-01 1.825502e-01 1.826885e-01 1.836790e-01 1.846113e-01 1.430106e-01 1.756046e-01 1.465227e-01 1.470044e-01 1.641537e-01 1.755142e-01 1.801520e-01 1.795826e-01 1.851061e-01 1.770082e-01 1.810477e-01 1.708137e-01 1.662077e-01 1.646715e-01 1.661097e-01 1.832813e-01 1.837317e-01 1.734851e-01 1.827063e-01 1.432470e-01 1.820876e-01 1.508238e-01 1.848536e-01 1.833875e-01 1.437179e-01 1.452540e-01
6.874998e-01 6.745990e-01 7.124565e-01 6.139925e-01 6.864145e-01 6.082885e-01 5.662974e-01 7.080598e-01 7.014350e-01 6.541101e-01 5.589855e-01 6.961156e-01 5.858654e-01 5.614489e-01 5.651568e-01 5.530630e-01 6.759997e-01 6.107938e-01 5.501210e-01 6.936857e-01 6.931241e-01 5.625559e-01 5.409859e-01 7.042713e-01 5.909969e-01 5.810007e-01 5.904720e-01 7.002823e-01 5.518890e-01 7.067962e-01 5.989119e-01 6.310233e-01 5.916743e-01 6.930751e-01 6.843060e-01 5.391329e-01 6.675870e-01 7.088607e-01 7.077499e-01 6.964539e-01 6.810061e-01 6.336931e-01 6.935255e-01 5.484187e-01 6.979723e-01 6.859539e-01 6.303999e-01 5.540101e-01 6.037500e-01 6.846436e-01 6.926166e-01 5.953551e-01 6.768670e-01 5.375717e-01 6.899353e-01 5.709008e-01 5.644045e-01 7.004557e-01 7.061634e-01 5.975680e-01 5.492215e-01 6.950676e-01 7.043657e-01 5.237316e-01 6.934726e-01 6.853531e-01 5.563990e-01 6.877720e-01 7.039136e-01 5.779154e-01 5.375818e-01 6.724745e-01 6.910665e-01 6.962733e-01 7.074175e-01 5.808821e-01 7.076538e-01 5.568158e-01 7.000259e-01 6.991215e-01 7.050351e-01 7.045364e-01 5.438496e-01 6.728467e-01 5.547308e-01 5.615692e-01 6.274888e-01 6.683467e-01 6.929802e-01 6.899293e-01 7.091304e-01 6.851422e-01 7.017400e-01 6.504551e-01 6.312647e-01 6.277620e-01 6.413607e-01 6.985574e-01 6.995774e-01 6.608287e-01 7.069919e-01 5.475626e-01 6.968407e-01 5.722133e-01 7.079134e-01 6.999402e-01 5.350727e-01 5.545478e-01
1.531297e+00 1.516730e+00 1.571365e+00 1.387632e+00 1.533105e+00 1.378809e+00 1.291908e+00 1.569235e+00 1.563787e+00 1.459641e+00 1.276197e+00 1.547199e+00 1.337494e+00 1.273892e+00 1.296811e+00 1.260468e+00 1.515919e+00 1.366528e+00 1.265914e+00 1.547550e+00 1.542359e+00 1.281643e+00 1.279692e+00 1.566821e+00 1.339127e+00 1.318223e+00 1.336353e+00 1.560641e+00 1.269588e+00 1.570339e+00 1.357313e+00 1.429183e+00 1.331422e+00 1.546748e+00 1.526693e+00 1.231189e+00 1.497233e+00 1.577128e+00 1.568937e+00 1.546489e+00 1.520971e+00 1.425803e+00 1.549526e+00 1.252924e+00 1.548047e+00 1.544485e+00 1.414962e+00 1.261185e+00 1.368754e+00 1.536693e+00 1.539059e+00 1.345824e+00 1.512609e+00 1.236233e+00 1.539309e+00 1.305765e+00 1.296302e+00 1.556712e+00 1.573739e+00 1.358761e+00 1.255712e+00 1.549065e+00 1.563614e+00 1.178396e+00 1.550728e+00 1.535993e+00 1.269379e+00 1.531194e+00 1.563780e+00 1.336429e+00 1.236889e+00 1.498263e+00 1.540465e+00 1.544902e+00 1.572269e+00 1.325199e+00 1.573545e+00 1.274955e+00 1.557486e+00 1.551065e+00 1.559712e+00 1.563719e+00 1.216613e+00 1.501310e+00 1.271916e+00 1.283809e+00 1.423802e+00 1.495303e+00 1.534894e+00 1.540584e+00 1.573598e+00 1.527088e+00 1.551281e+00 1.463070e+00 1.423305e+00 1.418522e+00 1.440855e+00 1.551422e+00 1.563061e+00 1.480915e+00 1.568417e+00 1.257851e+00 1.548495e+00 1.291931e+00 1.573455e+00 1.557663e+00 1.248871e+00 1.263901e+00
2.477775e+00 2.447977e+00 2.527454e+00 2.297530e+00 2.473751e+00 2.294416e+00 2.161595e+00 2.521566e+00 2.511962e+00 2.393015e+00 2.153715e+00 2.497642e+00 2.237641e+00 2.147379e+00 2.180172e+00 2.131786e+00 2.458006e+00 2.274670e+00 2.150108e+00 2.491879e+00 2.496032e+00 2.164716e+00 2.210627e+00 2.520915e+00 2.236919e+00 2.194305e+00 2.245007e+00 2.507937e+00 2.139847e+00 2.522060e+00 2.275276e+00 2.347884e+00 2.207506e+00 2.493643e+00 2.467494e+00 2.111742e+00 2.425481e+00 2.526856e+00 2.524020e+00 2.494123e+00 2.464624e+00 2.353351e+00 2.498961e+00 2.131850e+00 2.494125e+00 2.481511e+00 2.318806e+00 2.137418e+00 2.279645e+00 2.481217e+00 2.488890e+00 2.250584e+00 2.453648e+00 2.109758e+00 2.482488e+00 2.196775e+00 2.185608e+00 2.508278e+00 2.519312e+00 2.261676e+00 2.131253e+00 2.497412e+00 2.523005e+00 2.094926e+00 2.496555e+00 2.479829e+00 2.150612e+00 2.473361e+00 2.515726e+00 1.960784e+00 2.104500e+00 2.443475e+00 2.482972e+00 2.500507e+00 2.529039e+00 2.226238e+00 2.522345e+00 2.156888e+00 2.507658e+00 2.497716e+00 2.514589e+00 2.518167e+00 2.084795e+00 2.441426e+00 2.146934e+00 2.174807e+00 2.343973e+00 2.424574e+00 2.490644e+00 2.486632e+00 2.522865e+00 2.471819e+00 2.504592e+00 2.393322e+00 2.341596e+00 2.343429e+00 2.373376e+00 2.505743e+00 2.508911e+00 2.418413e+00 2.521320e+00 2.132609e+00 2.496639e+00 2.171112e+00 2.532703e+00 2.508451e+00 2.155400e+00 2.155933e+00
3.268878e+00 3.253332e+00 3.303587e+00 3.148183e+00 3.269225e+00 3.136384e+00 3.023900e+00 3.301361e+00 3.291504e+00 3.208471e+00 3.037490e+00 3.281721e+00 3.103534e+00 3.013507e+00 3.048047e+00 3.000662e+00 3.255957e+00 3.105352e+00 3.022094e+00 3.272911e+00 3.275955e+00 3.036257e+00 3.012495e+00 3.295083e+00 3.103142e+00 3.047063e+00 3.091955e+00 3.295739e+00 3.012406e+00 3.296246e+00 3.122583e+00 3.175851e+00 3.061619e+00 3.279151e+00 3.263241e+00 2.989617e+00 3.236518e+00 3.306535e+00 3.295277e+00 3.288928e+00 3.262316e+00 3.182871e+00 3.279817e+00 3.000770e+00 3.285143e+00 3.272124e+00 3.139010e+00 3.013094e+00 3.121992e+00 3.268174e+00 3.279918e+00 3.104238e+00 3.256072e+00 2.992098e+00 3.272085e+00 3.060828e+00 3.051663e+00 3.287418e+00 3.300344e+00 3.121226e+00 3.017240e+00 3.283683e+00 3.292359e+00 3.027823e+00 3.278699e+00 3.272065e+00 3.025474e+00 3.263989e+00 3.299224e+00 2.977296e+00 2.991602e+00 3.243574e+00 3.277907e+00 3.286389e+00 3.299221e+00 3.090893e+00 3.301078e+00 3.032487e+00 3.290361e+00 3.283753e+00 3.295255e+00 3.295995e+00 2.993333e+00 3.252913e+00 3.021649e+00 3.041622e+00 3.183742e+00 3.229899e+00 3.276385e+00 3.266983e+00 3.308035e+00 3.261523e+00 3.282566e+00 3.213930e+00 3.177470e+00 3.178102e+00 3.195750e+00 3.287537e+00 3.291842e+00 3.233505e+00 3.288794e+00 3.009806e+00 3.282443e+00 3.023596e+00 3.300115e+00 3.282293e+00 3.026182e+00 3.032067e+00
4.179321e+00 4.187229e+00 4.159848e+00 4.232928e+00 4.171939e+00 4.231976e+00 4.260200e+00 4.158575e+00 4.164528e+00 4.204134e+00 4.270350e+00 4.174965e+00 4.246589e+00 4.262077e+00 4.257313e+00 4.267442e+00 4.189740e+00 4.237675e+00 4.271461e+00 4.170667e+00 4.169113e+00 4.268470e+00 4.187835e+00 4.168215e+00 4.257122e+00 4.253213e+00 4.240117e+00 4.171017e+00 4.265819e+00 4.160653e+00 4.239602e+00 4.213466e+00 4.255691e+00 4.173058e+00 4.182786e+00 4.270291e+00 4.195868e+00 4.150366e+00 4.165720e+00 4.170560e+00 4.190809e+00 4.226318e+00 4.162900e+00 4.269308e+00 4.168821e+00 4.178511e+00 4.219941e+00 4.268164e+00 4.240346e+00 4.177558e+00 4.171181e+00 4.245415e+00 4.188683e+00 4.272677e+00 4.178558e+00 4.265574e+00 4.271793e+00 4.167244e+00 4.160409e+00 4.242745e+00 4.261556e+00 4.174567e+00 4.157412e+00 4.206219e+00 4.166598e+00 4.185255e+00 4.259903e+00 4.184927e+00 4.169077e+00 4.303406e+00 4.273455e+00 4.196257e+00 4.172619e+00 4.171344e+00 4.168385e+00 4.250551e+00 4.153585e+00 4.265190e+00 4.172059e+00 4.167490e+00 4.165360e+00 4.165957e+00 4.237570e+00 4.188415e+00 4.268960e+00 4.258672e+00 4.225964e+00 4.192212e+00 4.179586e+00 4.180553e+00 4.156922e+00 4.186034e+00 4.169899e+00 4.212708e+00 4.226595e+00 4.230889e+00 4.215634e+00 4.166278e+00 4.168733e+00 4.200300e+00 4.170767e+00 4.267749e+00 4.168850e+00 4.263984e+00 4.159208e+00 4.163869e+00 4.231570e+00 4.262592e+00
4.517737e+00 4.556367e+00 4.434843e+00 4.789193e+00 4.522315e+00 4.803567e+00 5.008692e+00 4.444062e+00 4.464515e+00 4.645470e+00 5.011626e+00 4.483943e+00 4.886945e+00 5.034623e+00 4.968663e+00 5.060661e+00 4.550802e+00 4.843795e+00 5.033198e+00 4.496095e+00 4.490555e+00 5.004817e+00 4.940272e+00 4.445863e+00 4.876530e+00 4.960590e+00 4.882803e+00 4.462986e+00 5.044226e+00 4.444412e+00 4.844366e+00 4.713961e+00 4.949245e+00 4.485703e+00 4.524719e+00 5.092450e+00 4.585998e+00 4.441026e+00 4.444487e+00 4.483726e+00 4.530003e+00 4.704879e+00 4.487169e+00 5.062533e+00 4.486895e+00 4.502154e+00 4.762979e+00 5.044243e+00 4.817629e+00 4.511659e+00 4.499765e+00 4.870917e+00 4.551659e+00 5.090438e+00 4.504247e+00 4.946465e+00 4.968456e+00 4.467398e+00 4.445784e+00 4.841253e+00 5.049597e+00 4.480248e+00 4.454547e+00 5.122750e+00 4.491875e+00 4.506336e+00 5.027758e+00 4.516506e+00 4.449594e+00 5.010320e+00 5.091539e+00 4.570157e+00 4.502063e+00 4.481648e+00 4.436019e+00 4.911951e+00 4.451484e+00 5.012853e+00 4.467632e+00 4.484618e+00 4.460731e+00 4.451501e+00 5.101318e+00 4.565791e+00 5.025843e+00 4.991413e+00 4.717468e+00 4.597473e+00 4.495236e+00 4.505750e+00 4.436273e+00 4.526876e+00 4.475220e+00 4.642361e+00 4.725441e+00 4.715732e+00 4.682757e+00 4.474416e+00 4.466422e+00 4.604208e+00 4.454309e+00 5.053687e+00 4.485975e+00 5.007846e+00 4.439102e+00 4.474031e+00 5.013911e+00 5.016579e+00
2.867612e+00 2.899097e+00 2.815201e+00 3.077517e+00 2.871505e+00 3.096742e+00 3.243345e+00 2.819794e+00 2.827210e+00 2.973203e+00 3.254923e+00 2.846692e+00 3.159388e+00 3.268099e+00 3.243676e+00 3.289190e+00 2.885185e+00 3.108697e+00 3.271557e+00 2.855176e+00 2.862530e+00 3.244123e+00 3.309076e+00 2.824386e+00 3.149638e+00 3.198810e+00 3.166116e+00 2.827612e+00 3.279378e+00 2.825585e+00 3.114191e+00 3.033445e+00 3.151781e+00 2.859380e+00 2.882350e+00 3.326163e+00 2.929023e+00 2.813686e+00 2.817201e+00 2.848512e+00 2.882562e+00 3.018217e+00 2.855998e+00 3.298255e+00 2.847240e+00 2.863284e+00 3.055685e+00 3.286777e+00 3.120545e+00 2.868456e+00 2.858847e+00 3.145016e+00 2.892803e+00 3.328143e+00 2.863216e+00 3.213924e+00 3.223524e+00 2.836090e+00 2.818774e+00 3.133219e+00 3.299692e+00 2.845783e+00 2.831725e+00 3.371522e+00 2.849002e+00 2.864852e+00 3.275737e+00 2.873245e+00 2.824862e+00 3.338493e+00 3.334154e+00 2.908572e+00 2.860907e+00 2.847069e+00 2.811248e+00 3.172099e+00 2.814376e+00 3.261857e+00 2.834574e+00 2.841231e+00 2.825823e+00 2.825103e+00 3.345630e+00 2.911378e+00 3.273057e+00 3.250341e+00 3.022645e+00 2.922830e+00 2.859710e+00 2.862332e+00 2.816136e+00 2.876693e+00 2.840754e+00 2.964210e+00 3.019544e+00 3.032478e+00 2.994262e+00 2.842560e+00 2.829433e+00 2.939467e+00 2.816728e+00 3.296156e+00 2.848601e+00 3.224173e+00 2.813036e+00 2.840077e+00 3.308091e+00 3.278780e+00
1.125199e-01 1.131782e-01 1.080384e-01 1.242255e-01 1.119576e-01 1.246468e-01 1.356583e-01 1.105937e-01 1.096532e-01 1.184033e-01 1.360414e-01 1.106661e-01 1.275802e-01 1.359227e-01 1.336231e-01 1.383355e-01 1.137410e-01 1.265315e-01 1.374388e-01 1.113316e-01 1.107890e-01 1.340323e-01 1.537828e-01 1.084080e-01 1.281657e-01 1.332695e-01 1.306005e-01 1.095235e-01 1.359563e-01 1.085040e-01 1.267726e-01 1.213615e-01 1.303457e-01 1.101489e-01 1.122643e-01 1.404200e-01 1.135279e-01 1.086944e-01 1.082620e-01 1.097915e-01 1.127873e-01 1.205554e-01 1.120318e-01 1.383038e-01 1.092861e-01 1.125243e-01 1.235040e-01 1.369763e-01 1.273303e-01 1.123015e-01 1.109047e-01 1.286604e-01 1.140807e-01 1.388030e-01 1.124286e-01 1.327821e-01 1.332347e-01 1.098591e-01 1.093312e-01 1.266685e-01 1.376006e-01 1.111476e-01 1.086298e-01 8.183306e-02 1.117355e-01 1.121337e-01 1.354943e-01 1.125492e-01 1.094609e-01 1.135191e-01 1.408475e-01 1.157783e-01 1.109782e-01 1.120296e-01 1.078456e-01 1.294092e-01 1.083224e-01 1.364320e-01 1.098810e-01 1.123654e-01 1.090729e-01 1.093923e-01 1.513093e-01 1.142466e-01 1.355926e-01 1.347760e-01 1.206933e-01 1.169826e-01 1.116648e-01 1.101748e-01 1.084950e-01 1.128982e-01 1.114841e-01 1.168475e-01 1.202268e-01 1.202491e-01 1.181086e-01 1.093435e-01 1.099122e-01 1.154492e-01 1.099937e-01 1.375219e-01 1.100892e-01 1.352852e-01 1.085680e-01 1.094290e-01 1.396643e-01 1.379028e-01
