# Version 0.0
# Data /lustre/isaac24/proj/UTK0244/cbaillar/Bayes_HEP/Detroit_tune_Project/input/Data/Data__200__pp__STAR_2020_I1783875__d14-x01-y01.dat
# Observable: $1/N_{jets}$
# Subobservable: $z_{g}$
# Design Design_Rivet.dat
# design_point1 design_point2 design_point3 design_point4 design_point5 design_point6 design_point7 design_point8 design_point9 design_point10 design_point11 design_point12 design_point13 design_point14 design_point15 design_point16 design_point17 design_point18 design_point19 design_point20 design_point21 design_point22 design_point23 design_point24 design_point25 design_point26 design_point27 design_point28 design_point29 design_point30 design_point31 design_point32 design_point33 design_point34 design_point35 design_point36 design_point37 design_point38 design_point39 design_point40 design_point41 design_point42 design_point43 design_point44 design_point45 design_point46 design_point47 design_point48 design_point49 design_point50 design_point51 design_point52 design_point53 design_point54 design_point55 design_point56 design_point57 design_point58 design_point59 design_point60 design_point61 design_point62 design_point63 design_point64 design_point65 design_point66 design_point67 design_point68 design_point69 design_point70 design_point71 design_point72 design_point73 design_point74 design_point75 design_point76 design_point77 design_point78 design_point79 design_point80 design_point81 design_point82 design_point83 design_point84 design_point85 design_point86 design_point87 design_point88 design_point89 design_point90 design_point91 design_point92 design_point93 design_point94 design_point95 design_point96 design_point97 design_point98 design_point99 design_point100 design_point101 design_point102 design_point103 design_point104 design_point105 design_point106 design_point107 design_point108
3.201262e+00 3.202057e+00 3.200863e+00 3.194051e+00 3.202548e+00 3.196678e+00 3.198258e+00 3.200425e+00 3.201892e+00 3.203610e+00 3.195610e+00 3.205262e+00 3.195402e+00 3.194906e+00 3.196964e+00 3.194144e+00 3.197921e+00 3.195637e+00 3.197448e+00 3.200700e+00 3.207307e+00 3.196736e+00 3.183307e+00 3.201074e+00 3.185556e+00 3.199117e+00 3.196639e+00 3.201979e+00 3.190508e+00 3.196644e+00 3.196383e+00 3.199220e+00 3.196890e+00 3.205138e+00 3.202028e+00 3.192823e+00 3.207565e+00 3.203500e+00 3.205210e+00 3.197904e+00 3.198636e+00 3.200437e+00 3.198041e+00 3.191707e+00 3.201403e+00 3.202006e+00 3.199228e+00 3.190224e+00 3.194883e+00 3.197011e+00 3.199528e+00 3.201928e+00 3.205643e+00 3.194445e+00 3.198678e+00 3.194595e+00 3.193951e+00 3.198532e+00 3.199387e+00 3.195673e+00 3.191998e+00 3.202288e+00 3.196928e+00 3.041575e+00 3.198699e+00 3.199498e+00 3.195708e+00 3.199153e+00 3.203143e+00 3.132494e+00 3.183441e+00 3.198720e+00 3.201035e+00 3.203665e+00 3.202271e+00 3.192182e+00 3.195094e+00 3.198583e+00 3.196780e+00 3.201296e+00 3.201472e+00 3.198482e+00 3.150113e+00 3.198616e+00 3.194097e+00 3.192520e+00 3.196546e+00 3.199091e+00 3.197240e+00 3.199517e+00 3.202103e+00 3.202966e+00 3.198391e+00 3.196066e+00 3.203088e+00 3.199816e+00 3.198870e+00 3.205995e+00 3.205183e+00 3.195906e+00 3.197920e+00 3.188850e+00 3.195176e+00 3.195908e+00 3.200391e+00 3.204337e+00 3.132033e+00 3.193879e+00
2.856113e+00 2.864967e+00 2.859552e+00 2.855825e+00 2.860645e+00 2.856301e+00 2.847711e+00 2.860602e+00 2.863555e+00 2.857175e+00 2.852464e+00 2.858599e+00 2.857509e+00 2.850988e+00 2.855134e+00 2.851106e+00 2.857619e+00 2.854677e+00 2.857908e+00 2.862297e+00 2.860155e+00 2.849902e+00 2.819452e+00 2.859487e+00 2.853454e+00 2.852921e+00 2.856625e+00 2.862026e+00 2.857504e+00 2.864646e+00 2.859816e+00 2.859848e+00 2.854292e+00 2.863794e+00 2.855098e+00 2.843153e+00 2.858756e+00 2.864083e+00 2.859676e+00 2.859892e+00 2.860947e+00 2.856009e+00 2.857653e+00 2.854676e+00 2.860231e+00 2.863087e+00 2.851666e+00 2.847836e+00 2.858755e+00 2.858223e+00 2.862509e+00 2.860524e+00 2.856821e+00 2.847558e+00 2.858534e+00 2.854348e+00 2.849776e+00 2.863162e+00 2.864680e+00 2.861881e+00 2.855453e+00 2.861868e+00 2.863171e+00 3.140044e+00 2.860462e+00 2.867647e+00 2.855632e+00 2.858644e+00 2.862158e+00 2.739808e+00 2.853313e+00 2.860656e+00 2.864887e+00 2.860479e+00 2.862294e+00 2.860464e+00 2.868798e+00 2.856341e+00 2.864619e+00 2.867144e+00 2.857527e+00 2.860497e+00 2.839125e+00 2.860430e+00 2.852916e+00 2.859069e+00 2.861552e+00 2.859070e+00 2.860427e+00 2.857689e+00 2.858045e+00 2.857022e+00 2.862547e+00 2.858154e+00 2.853462e+00 2.859910e+00 2.859845e+00 2.862731e+00 2.862285e+00 2.860051e+00 2.863760e+00 2.848811e+00 2.863740e+00 2.851910e+00 2.865437e+00 2.862695e+00 2.812409e+00 2.853166e+00
2.609133e+00 2.603348e+00 2.604767e+00 2.609200e+00 2.601875e+00 2.607084e+00 2.603050e+00 2.603822e+00 2.606932e+00 2.602439e+00 2.607376e+00 2.611621e+00 2.604855e+00 2.606366e+00 2.605913e+00 2.611869e+00 2.611048e+00 2.611321e+00 2.607905e+00 2.605886e+00 2.609525e+00 2.605010e+00 2.591826e+00 2.613139e+00 2.607123e+00 2.603950e+00 2.604727e+00 2.605964e+00 2.599097e+00 2.607115e+00 2.603305e+00 2.608842e+00 2.604761e+00 2.612943e+00 2.604821e+00 2.609199e+00 2.606028e+00 2.606254e+00 2.604005e+00 2.611389e+00 2.610285e+00 2.606202e+00 2.609675e+00 2.603454e+00 2.609154e+00 2.609849e+00 2.603613e+00 2.608737e+00 2.608086e+00 2.615321e+00 2.604214e+00 2.600806e+00 2.605939e+00 2.608296e+00 2.604556e+00 2.605549e+00 2.607942e+00 2.611658e+00 2.603149e+00 2.609855e+00 2.599670e+00 2.605357e+00 2.611386e+00 2.450766e+00 2.608506e+00 2.608728e+00 2.598995e+00 2.612104e+00 2.603449e+00 2.473022e+00 2.604629e+00 2.612471e+00 2.602565e+00 2.613674e+00 2.605439e+00 2.601969e+00 2.608661e+00 2.601922e+00 2.607291e+00 2.607194e+00 2.610066e+00 2.612868e+00 2.599728e+00 2.608654e+00 2.603637e+00 2.603925e+00 2.609367e+00 2.608398e+00 2.614072e+00 2.609908e+00 2.615777e+00 2.611747e+00 2.607908e+00 2.606557e+00 2.605859e+00 2.604404e+00 2.603698e+00 2.608034e+00 2.605806e+00 2.613311e+00 2.607546e+00 2.607442e+00 2.608641e+00 2.608359e+00 2.606193e+00 2.605916e+00 2.602186e+00 2.603892e+00
2.402777e+00 2.398515e+00 2.399922e+00 2.403364e+00 2.400795e+00 2.402996e+00 2.406117e+00 2.397586e+00 2.400550e+00 2.406412e+00 2.405440e+00 2.396826e+00 2.403862e+00 2.401503e+00 2.404596e+00 2.397472e+00 2.399865e+00 2.401139e+00 2.403033e+00 2.398785e+00 2.399136e+00 2.408477e+00 2.429729e+00 2.399591e+00 2.407390e+00 2.407041e+00 2.400050e+00 2.399334e+00 2.405218e+00 2.405591e+00 2.404546e+00 2.400055e+00 2.398633e+00 2.399498e+00 2.400634e+00 2.411867e+00 2.397216e+00 2.397604e+00 2.400896e+00 2.400188e+00 2.399624e+00 2.405883e+00 2.400299e+00 2.404286e+00 2.394533e+00 2.396980e+00 2.399723e+00 2.413981e+00 2.403210e+00 2.402475e+00 2.400060e+00 2.401760e+00 2.403923e+00 2.404057e+00 2.398950e+00 2.401016e+00 2.405270e+00 2.397409e+00 2.396947e+00 2.401866e+00 2.403920e+00 2.400807e+00 2.400548e+00 2.560175e+00 2.397833e+00 2.397438e+00 2.407806e+00 2.400246e+00 2.399488e+00 2.422062e+00 2.403972e+00 2.396350e+00 2.397772e+00 2.399264e+00 2.404578e+00 2.404373e+00 2.396523e+00 2.402464e+00 2.399509e+00 2.399650e+00 2.396262e+00 2.398719e+00 2.393480e+00 2.400149e+00 2.406575e+00 2.403754e+00 2.401391e+00 2.399310e+00 2.400578e+00 2.400555e+00 2.398407e+00 2.399258e+00 2.397761e+00 2.402906e+00 2.401311e+00 2.401610e+00 2.396129e+00 2.395138e+00 2.399656e+00 2.399070e+00 2.402487e+00 2.407006e+00 2.401939e+00 2.399846e+00 2.395252e+00 2.396756e+00 2.434841e+00 2.407252e+00
2.236383e+00 2.238983e+00 2.236958e+00 2.242062e+00 2.239984e+00 2.248520e+00 2.249160e+00 2.239102e+00 2.237604e+00 2.242630e+00 2.248766e+00 2.234882e+00 2.249645e+00 2.246097e+00 2.243756e+00 2.249964e+00 2.245223e+00 2.242003e+00 2.247722e+00 2.239189e+00 2.236902e+00 2.248945e+00 2.215899e+00 2.238985e+00 2.245596e+00 2.245091e+00 2.244272e+00 2.237244e+00 2.250007e+00 2.234496e+00 2.240100e+00 2.243366e+00 2.243297e+00 2.234759e+00 2.239862e+00 2.255763e+00 2.240110e+00 2.244668e+00 2.239863e+00 2.237745e+00 2.239131e+00 2.241299e+00 2.242863e+00 2.249863e+00 2.240831e+00 2.240389e+00 2.248542e+00 2.249039e+00 2.243346e+00 2.237956e+00 2.238742e+00 2.243197e+00 2.241851e+00 2.247571e+00 2.247085e+00 2.249737e+00 2.246663e+00 2.234858e+00 2.239911e+00 2.237729e+00 2.252878e+00 2.239947e+00 2.242150e+00 2.221007e+00 2.241564e+00 2.235634e+00 2.248757e+00 2.238444e+00 2.239946e+00 2.329137e+00 2.252833e+00 2.245183e+00 2.241482e+00 2.238960e+00 2.237812e+00 2.243196e+00 2.239682e+00 2.246638e+00 2.238713e+00 2.237003e+00 2.240304e+00 2.240352e+00 2.268452e+00 2.239204e+00 2.249295e+00 2.252311e+00 2.243113e+00 2.239897e+00 2.238788e+00 2.239004e+00 2.242003e+00 2.240901e+00 2.245071e+00 2.241135e+00 2.243679e+00 2.245716e+00 2.241383e+00 2.241707e+00 2.239674e+00 2.238205e+00 2.237114e+00 2.251694e+00 2.238376e+00 2.248472e+00 2.240206e+00 2.236522e+00 2.243623e+00 2.248492e+00
2.127979e+00 2.128298e+00 2.126537e+00 2.131641e+00 2.124292e+00 2.132932e+00 2.138667e+00 2.127705e+00 2.126336e+00 2.124858e+00 2.133469e+00 2.127557e+00 2.130146e+00 2.131960e+00 2.136710e+00 2.138115e+00 2.126716e+00 2.131602e+00 2.131463e+00 2.125303e+00 2.124521e+00 2.129831e+00 2.126229e+00 2.125822e+00 2.137982e+00 2.133908e+00 2.133642e+00 2.124148e+00 2.137641e+00 2.124806e+00 2.133293e+00 2.128726e+00 2.135002e+00 2.122296e+00 2.124927e+00 2.148548e+00 2.126175e+00 2.122757e+00 2.128561e+00 2.128430e+00 2.126860e+00 2.131813e+00 2.123815e+00 2.135192e+00 2.122259e+00 2.123976e+00 2.126588e+00 2.134608e+00 2.136022e+00 2.129470e+00 2.123436e+00 2.130214e+00 2.121630e+00 2.136831e+00 2.127301e+00 2.132267e+00 2.135805e+00 2.127378e+00 2.129172e+00 2.132389e+00 2.136447e+00 2.123240e+00 2.125248e+00 2.111597e+00 2.122592e+00 2.125533e+00 2.136776e+00 2.126128e+00 2.129780e+00 2.248201e+00 2.137987e+00 2.123295e+00 2.128832e+00 2.123629e+00 2.119573e+00 2.134798e+00 2.127298e+00 2.132170e+00 2.131577e+00 2.122021e+00 2.127734e+00 2.126285e+00 2.158486e+00 2.132163e+00 2.135492e+00 2.130800e+00 2.129359e+00 2.129910e+00 2.129435e+00 2.128398e+00 2.120098e+00 2.124090e+00 2.129179e+00 2.131001e+00 2.130265e+00 2.131943e+00 2.134357e+00 2.124663e+00 2.123726e+00 2.131758e+00 2.122182e+00 2.134827e+00 2.122739e+00 2.132866e+00 2.123412e+00 2.127809e+00 2.164123e+00 2.135968e+00
2.051583e+00 2.047043e+00 2.053098e+00 2.056251e+00 2.052601e+00 2.051751e+00 2.053745e+00 2.054342e+00 2.048007e+00 2.048720e+00 2.054527e+00 2.048311e+00 2.053573e+00 2.061067e+00 2.051918e+00 2.056291e+00 2.049257e+00 2.056871e+00 2.052006e+00 2.051175e+00 2.053270e+00 2.057522e+00 2.045180e+00 2.050278e+00 2.055001e+00 2.055996e+00 2.058086e+00 2.051818e+00 2.058939e+00 2.055319e+00 2.054771e+00 2.048535e+00 2.057430e+00 2.048250e+00 2.055596e+00 2.065102e+00 2.050941e+00 2.048470e+00 2.043401e+00 2.049411e+00 2.051428e+00 2.050649e+00 2.048417e+00 2.059441e+00 2.054790e+00 2.051395e+00 2.055675e+00 2.055617e+00 2.050327e+00 2.048368e+00 2.052921e+00 2.053648e+00 2.046899e+00 2.060706e+00 2.055531e+00 2.058421e+00 2.059781e+00 2.052174e+00 2.053694e+00 2.052769e+00 2.062546e+00 2.052625e+00 2.048200e+00 1.936543e+00 2.053551e+00 2.051922e+00 2.060901e+00 2.053394e+00 2.047919e+00 2.080336e+00 2.063144e+00 2.054251e+00 2.051040e+00 2.048179e+00 2.051457e+00 2.059452e+00 2.052254e+00 2.058591e+00 2.048110e+00 2.050279e+00 2.047515e+00 2.050476e+00 2.093633e+00 2.049908e+00 2.055341e+00 2.051879e+00 2.053349e+00 2.048838e+00 2.047986e+00 2.049080e+00 2.048603e+00 2.048106e+00 2.046547e+00 2.051049e+00 2.053660e+00 2.051798e+00 2.055683e+00 2.049545e+00 2.051065e+00 2.053921e+00 2.048040e+00 2.058232e+00 2.055292e+00 2.054850e+00 2.051853e+00 2.050207e+00 2.071179e+00 2.057896e+00
1.997009e+00 2.001632e+00 1.996374e+00 1.998579e+00 1.998304e+00 1.995321e+00 2.001467e+00 1.995186e+00 1.995458e+00 1.998978e+00 2.003611e+00 1.995515e+00 1.997543e+00 2.002383e+00 2.004474e+00 1.999087e+00 1.997089e+00 1.997808e+00 2.000029e+00 1.997796e+00 1.992620e+00 2.003120e+00 2.024487e+00 1.991364e+00 1.999506e+00 1.994295e+00 2.002953e+00 1.996566e+00 2.001362e+00 1.992655e+00 2.001010e+00 2.000563e+00 1.996576e+00 1.993075e+00 1.998813e+00 2.006856e+00 1.993743e+00 1.993320e+00 1.994570e+00 1.995373e+00 1.994129e+00 1.996285e+00 1.997595e+00 2.001187e+00 1.996603e+00 1.992071e+00 2.000422e+00 2.002247e+00 2.001385e+00 1.993372e+00 1.999140e+00 1.998849e+00 1.995694e+00 2.003339e+00 1.991648e+00 2.002000e+00 1.999569e+00 1.993560e+00 1.991454e+00 1.998735e+00 2.001469e+00 1.993202e+00 1.989061e+00 1.980306e+00 1.994619e+00 1.994267e+00 1.997157e+00 1.993029e+00 1.992015e+00 2.092326e+00 2.004753e+00 1.993252e+00 1.994644e+00 1.992600e+00 1.996642e+00 2.000423e+00 1.991590e+00 2.001469e+00 1.993184e+00 1.993967e+00 2.000671e+00 1.990552e+00 2.025755e+00 1.994123e+00 2.002547e+00 2.007497e+00 1.993235e+00 1.998741e+00 1.992958e+00 1.995433e+00 1.994616e+00 1.993485e+00 1.992021e+00 1.996633e+00 1.992746e+00 1.994745e+00 1.993195e+00 1.993830e+00 1.990992e+00 1.994848e+00 1.999753e+00 2.002380e+00 1.993771e+00 2.000206e+00 1.994339e+00 1.995455e+00 2.042902e+00 2.001017e+00
