# Version 0.0
# Data /lustre/isaac24/proj/UTK0244/cbaillar/Bayes_HEP/Detroit_tune_Project/input/Data/Data__200__pp__STAR_2019_I1771348__d01-x01-y02.dat
# Observable: $ \langle \frac{dN_{ch}}{d\eta d\phi} \rangle$
# Subobservable: Leading jet $p_{T} [GeV/c]$
# Design Design_Rivet.dat
# design_point1 design_point2 design_point3 design_point4 design_point5 design_point6 design_point7 design_point8 design_point9 design_point10 design_point11 design_point12 design_point13 design_point14 design_point15 design_point16 design_point17 design_point18 design_point19 design_point20 design_point21 design_point22 design_point23 design_point24 design_point25 design_point26 design_point27 design_point28 design_point29 design_point30 design_point31 design_point32 design_point33 design_point34 design_point35 design_point36 design_point37 design_point38 design_point39 design_point40 design_point41 design_point42 design_point43 design_point44 design_point45 design_point46 design_point47 design_point48 design_point49 design_point50 design_point51 design_point52 design_point53 design_point54 design_point55 design_point56 design_point57 design_point58 design_point59 design_point60 design_point61 design_point62 design_point63 design_point64 design_point65 design_point66 design_point67 design_point68 design_point69 design_point70 design_point71 design_point72 design_point73 design_point74 design_point75 design_point76 design_point77 design_point78 design_point79 design_point80 design_point81 design_point82 design_point83 design_point84 design_point85 design_point86 design_point87 design_point88 design_point89 design_point90 design_point91 design_point92 design_point93 design_point94 design_point95 design_point96 design_point97 design_point98 design_point99 design_point100 design_point101 design_point102 design_point103 design_point104 design_point105 design_point106 design_point107 design_point108
7.875581e-01 8.741113e-01 6.634175e-01 1.234059e+00 8.131283e-01 1.295652e+00 1.829164e+00 6.801495e-01 7.178901e-01 1.028113e+00 1.736245e+00 7.447757e-01 1.399244e+00 1.835820e+00 1.693138e+00 1.833918e+00 8.412245e-01 1.825843e+00 1.783721e+00 7.596867e-01 7.618955e-01 1.749709e+00 1.686422e+00 6.904709e-01 1.446528e+00 1.811323e+00 1.561132e+00 7.042648e-01 1.804678e+00 6.817639e-01 1.315693e+00 1.438879e+00 1.990807e+00 7.590989e-01 8.507086e-01 1.726046e+00 1.054514e+00 6.612652e-01 6.899681e-01 7.452061e-01 8.179530e-01 1.102059e+00 7.528707e-01 1.800497e+00 7.367525e-01 7.728245e-01 1.700337e+00 1.717803e+00 1.575131e+00 8.098821e-01 7.723876e-01 1.702585e+00 9.022464e-01 1.808155e+00 7.745853e-01 1.539812e+00 1.565671e+00 7.104808e-01 6.805954e-01 1.357153e+00 1.770713e+00 7.412801e-01 6.931641e-01 1.680779e+00 7.556967e-01 7.848951e-01 1.799497e+00 7.230209e-01 6.910973e-01 1.696474e+00 1.792933e+00 9.139885e-01 7.741546e-01 6.879557e-01 6.681490e-01 1.468769e+00 6.694164e-01 1.756320e+00 7.387585e-01 7.555709e-01 6.917978e-01 6.907254e-01 1.723120e+00 1.116289e+00 1.761924e+00 1.611746e+00 1.100702e+00 1.017198e+00 7.624969e-01 8.151958e-01 6.741732e-01 8.815394e-01 7.265181e-01 1.016481e+00 1.186523e+00 1.120929e+00 1.065149e+00 7.201059e-01 7.188937e-01 9.272783e-01 6.930573e-01 1.745915e+00 7.559160e-01 1.890024e+00 6.619583e-01 7.188121e-01 1.707809e+00 1.721376e+00
9.282880e-01 1.020651e+00 8.277053e-01 1.390644e+00 9.538936e-01 1.461313e+00 2.033857e+00 8.292145e-01 8.703303e-01 1.185247e+00 1.939149e+00 8.846327e-01 1.568316e+00 2.053898e+00 1.913670e+00 2.048054e+00 9.732764e-01 2.053555e+00 1.991971e+00 8.956416e-01 9.198203e-01 1.945906e+00 1.870423e+00 8.415761e-01 1.625553e+00 2.064671e+00 1.782629e+00 8.511471e-01 2.028364e+00 8.273408e-01 1.490054e+00 1.783773e+00 2.220137e+00 9.109109e-01 9.998515e-01 1.919027e+00 1.187115e+00 8.105562e-01 8.281183e-01 8.955371e-01 9.828207e-01 1.251828e+00 8.974859e-01 2.005496e+00 8.740305e-01 9.363921e-01 1.944205e+00 1.921058e+00 1.851892e+00 9.496769e-01 9.038444e-01 2.002564e+00 1.045766e+00 2.014398e+00 9.118110e-01 1.727354e+00 1.757828e+00 8.662648e-01 8.144578e-01 1.537250e+00 1.983926e+00 8.956980e-01 8.501346e-01 1.875035e+00 9.089819e-01 9.289669e-01 2.017258e+00 8.633769e-01 8.411006e-01 1.884175e+00 2.004698e+00 1.053041e+00 9.189769e-01 8.492818e-01 8.199301e-01 1.657199e+00 8.223084e-01 1.958799e+00 8.822425e-01 9.126701e-01 8.518224e-01 8.366216e-01 1.911788e+00 1.266159e+00 1.965761e+00 1.813282e+00 1.249942e+00 1.155348e+00 9.093879e-01 9.611795e-01 8.297199e-01 1.028360e+00 8.727310e-01 1.163016e+00 1.333373e+00 1.285436e+00 1.223030e+00 8.940266e-01 8.553916e-01 1.060414e+00 8.332972e-01 1.952151e+00 9.002700e-01 2.114214e+00 8.057043e-01 8.725741e-01 1.898224e+00 1.952441e+00
1.060826e+00 1.161603e+00 9.347105e-01 1.516996e+00 1.080359e+00 1.591567e+00 2.198275e+00 9.660237e-01 1.004067e+00 1.305961e+00 2.083667e+00 1.021195e+00 1.722135e+00 2.214732e+00 2.071989e+00 2.215125e+00 1.113107e+00 2.210585e+00 2.133005e+00 1.038416e+00 1.048355e+00 2.092364e+00 2.018465e+00 9.857717e-01 1.748565e+00 2.251766e+00 1.935605e+00 1.012742e+00 2.195333e+00 9.701729e-01 1.614804e+00 1.999208e+00 2.385573e+00 1.036054e+00 1.134302e+00 2.073381e+00 1.318551e+00 9.624212e-01 9.680772e-01 1.015020e+00 1.085214e+00 1.386719e+00 1.033665e+00 2.162032e+00 1.008799e+00 1.050793e+00 2.124023e+00 2.076496e+00 2.062161e+00 1.067381e+00 1.045562e+00 2.206842e+00 1.198362e+00 2.170395e+00 1.052685e+00 1.891144e+00 1.906714e+00 9.771023e-01 9.772742e-01 1.651094e+00 2.158140e+00 1.030046e+00 9.950665e-01 1.996318e+00 1.041760e+00 1.081762e+00 2.184696e+00 9.768153e-01 9.693767e-01 2.058741e+00 2.164036e+00 1.170579e+00 1.040409e+00 9.290708e-01 9.690698e-01 1.783989e+00 9.456063e-01 2.104903e+00 1.030204e+00 1.026530e+00 9.796101e-01 9.733989e-01 2.082409e+00 1.397009e+00 2.114775e+00 1.968613e+00 1.387829e+00 1.267333e+00 1.042953e+00 1.071937e+00 9.734978e-01 1.149721e+00 1.028121e+00 1.298940e+00 1.486426e+00 1.392209e+00 1.351175e+00 1.023576e+00 1.027637e+00 1.197560e+00 9.895993e-01 2.106010e+00 1.015086e+00 2.279087e+00 9.453701e-01 9.900438e-01 2.036668e+00 2.142483e+00
1.259977e+00 1.281616e+00 1.086945e+00 1.664561e+00 1.198931e+00 1.737727e+00 2.328254e+00 1.076342e+00 1.155682e+00 1.413517e+00 2.211276e+00 1.138226e+00 1.847360e+00 2.367785e+00 2.219831e+00 2.367646e+00 1.283520e+00 2.359576e+00 2.283971e+00 1.174454e+00 1.213785e+00 2.251026e+00 2.098332e+00 1.167866e+00 1.908266e+00 2.401427e+00 2.059356e+00 1.113341e+00 2.351110e+00 1.172680e+00 1.724435e+00 2.136693e+00 2.510747e+00 1.195440e+00 1.275557e+00 2.168031e+00 1.423297e+00 1.145066e+00 1.147967e+00 1.205481e+00 1.282177e+00 1.516210e+00 1.213449e+00 2.313749e+00 1.149279e+00 1.246660e+00 2.244664e+00 2.212043e+00 2.174306e+00 1.237462e+00 1.199150e+00 2.350684e+00 1.267823e+00 2.328654e+00 1.220623e+00 2.015892e+00 2.060278e+00 1.089427e+00 1.136265e+00 1.789886e+00 2.283982e+00 1.222105e+00 1.135423e+00 2.147145e+00 1.204659e+00 1.236522e+00 2.357483e+00 1.155409e+00 1.131533e+00 2.126070e+00 2.316387e+00 1.283272e+00 1.229092e+00 1.161181e+00 1.096725e+00 1.913828e+00 1.128507e+00 2.230692e+00 1.171632e+00 1.213886e+00 1.140097e+00 1.094504e+00 2.168290e+00 1.455570e+00 2.258376e+00 2.107739e+00 1.517570e+00 1.411665e+00 1.239377e+00 1.223553e+00 1.103108e+00 1.301053e+00 1.204948e+00 1.395595e+00 1.546496e+00 1.564012e+00 1.509759e+00 1.175768e+00 1.186815e+00 1.359439e+00 1.128883e+00 2.251169e+00 1.191916e+00 2.444837e+00 1.131126e+00 1.131786e+00 2.136040e+00 2.292545e+00
1.476864e+00 1.504837e+00 1.295976e+00 1.831218e+00 1.513432e+00 1.975394e+00 2.525848e+00 1.365549e+00 1.409040e+00 1.565565e+00 2.375621e+00 1.416992e+00 2.054874e+00 2.496504e+00 2.401407e+00 2.474090e+00 1.430077e+00 2.416797e+00 2.419922e+00 1.584112e+00 1.406816e+00 2.530564e+00 2.667217e+00 1.473154e+00 2.029761e+00 2.449680e+00 2.275204e+00 1.352817e+00 2.512798e+00 1.417091e+00 1.987195e+00 2.184879e+00 2.752537e+00 1.491462e+00 1.383474e+00 2.413607e+00 1.595167e+00 1.304890e+00 1.298526e+00 1.299048e+00 1.393889e+00 1.813385e+00 1.404181e+00 2.631740e+00 1.449600e+00 1.628686e+00 2.268503e+00 2.447848e+00 2.283454e+00 1.499329e+00 1.260624e+00 2.425772e+00 1.536982e+00 2.526639e+00 1.383002e+00 2.262662e+00 2.275969e+00 1.411635e+00 1.451171e+00 1.925200e+00 2.418603e+00 1.429800e+00 1.443246e+00 2.359778e+00 1.473713e+00 1.574758e+00 2.561859e+00 1.502610e+00 1.321762e+00 2.347535e+00 2.524230e+00 1.762517e+00 1.414490e+00 1.423329e+00 1.429855e+00 2.035885e+00 1.446557e+00 2.374759e+00 1.417778e+00 1.479690e+00 1.321870e+00 1.193662e+00 2.607693e+00 1.695185e+00 2.497823e+00 2.331026e+00 1.719148e+00 1.591549e+00 1.397104e+00 1.409756e+00 1.307060e+00 1.551761e+00 1.387772e+00 1.552781e+00 1.781311e+00 1.637849e+00 1.563165e+00 1.328392e+00 1.501259e+00 1.498926e+00 1.335409e+00 2.429815e+00 1.454097e+00 2.697916e+00 1.468723e+00 1.306007e+00 2.412721e+00 2.563875e+00
1.929754e+00 1.868341e+00 1.659759e+00 1.839644e+00 1.601497e+00 1.909859e+00 2.478270e+00 1.563697e+00 1.477157e+00 1.893944e+00 2.401367e+00 1.516653e+00 2.193354e+00 2.810079e+00 2.139750e+00 2.742511e+00 1.542579e+00 3.001208e+00 2.912535e+00 1.614955e+00 1.966700e+00 2.220211e+00 2.466902e+00 1.773441e+00 2.252042e+00 2.604992e+00 2.142624e+00 1.889965e+00 2.578310e+00 1.532913e+00 1.991924e+00 2.528393e+00 3.133363e+00 1.796177e+00 1.790493e+00 2.607692e+00 1.880018e+00 1.395666e+00 1.348136e+00 1.517656e+00 1.960119e+00 2.103119e+00 1.591549e+00 2.440376e+00 2.148592e+00 1.626365e+00 2.264107e+00 2.290339e+00 2.506691e+00 1.909859e+00 1.782535e+00 2.732160e+00 1.643581e+00 2.737962e+00 2.007523e+00 2.225602e+00 2.572149e+00 1.723025e+00 1.757939e+00 2.224552e+00 2.639320e+00 1.486652e+00 2.044146e+00 3.023944e+00 1.737442e+00 1.714533e+00 2.667835e+00 1.584315e+00 1.372711e+00 4.058451e+00 2.755802e+00 1.835256e+00 1.724179e+00 1.954622e+00 1.853687e+00 2.077856e+00 1.285482e+00 2.697676e+00 1.733951e+00 1.608303e+00 1.619970e+00 1.671127e+00 2.474136e+00 1.703681e+00 2.789400e+00 2.632878e+00 1.952490e+00 2.108803e+00 1.943964e+00 1.392606e+00 1.619970e+00 1.824598e+00 1.330081e+00 1.757939e+00 1.784809e+00 1.614286e+00 1.989437e+00 1.074296e+00 1.352817e+00 1.654075e+00 1.299765e+00 2.798475e+00 2.088909e+00 2.886492e+00 1.671127e+00 1.581602e+00 2.582651e+00 2.667575e+00
