# Version 0.0
# Data /lustre/isaac24/proj/UTK0244/cbaillar/Bayes_HEP/Detroit_tune_Project/input/Data/Data__200__pp__STAR_2020_I1783875__d04-x01-y01.dat
# Observable: $1/N_{jets}$
# Subobservable: $z_{g}$
# Design Design_Rivet.dat
# design_point1 design_point2 design_point3 design_point4 design_point5 design_point6 design_point7 design_point8 design_point9 design_point10 design_point11 design_point12 design_point13 design_point14 design_point15 design_point16 design_point17 design_point18 design_point19 design_point20 design_point21 design_point22 design_point23 design_point24 design_point25 design_point26 design_point27 design_point28 design_point29 design_point30 design_point31 design_point32 design_point33 design_point34 design_point35 design_point36 design_point37 design_point38 design_point39 design_point40 design_point41 design_point42 design_point43 design_point44 design_point45 design_point46 design_point47 design_point48 design_point49 design_point50 design_point51 design_point52 design_point53 design_point54 design_point55 design_point56 design_point57 design_point58 design_point59 design_point60 design_point61 design_point62 design_point63 design_point64 design_point65 design_point66 design_point67 design_point68 design_point69 design_point70 design_point71 design_point72 design_point73 design_point74 design_point75 design_point76 design_point77 design_point78 design_point79 design_point80 design_point81 design_point82 design_point83 design_point84 design_point85 design_point86 design_point87 design_point88 design_point89 design_point90 design_point91 design_point92 design_point93 design_point94 design_point95 design_point96 design_point97 design_point98 design_point99 design_point100 design_point101 design_point102 design_point103 design_point104 design_point105 design_point106 design_point107 design_point108
4.697849e-03 4.692474e-03 4.699420e-03 4.699337e-03 4.692127e-03 4.695745e-03 4.701994e-03 4.690021e-03 4.693202e-03 4.695333e-03 4.696236e-03 4.696360e-03 4.721775e-03 4.704956e-03 4.698528e-03 4.706404e-03 4.691241e-03 4.698848e-03 4.732602e-03 6.643950e-03 6.628385e-03 6.744906e-03 1.569859e-01 6.637961e-03 6.649216e-03 6.675505e-03 6.638289e-03 4.700723e-03 4.700181e-03 4.691250e-03 4.695804e-03 4.700381e-03 4.705137e-03 4.706124e-03 4.693229e-03 6.913587e-03 4.743747e-03 4.687924e-03 4.715722e-03 4.693836e-03 4.687579e-03 4.698041e-03 4.697545e-03 4.694939e-03 4.683680e-03 4.687240e-03 6.650397e-03 6.646303e-03 6.642445e-03 6.638985e-03 6.641560e-03 6.704362e-03 6.704003e-03 6.639584e-03 4.695773e-03 6.650431e-03 6.642216e-03 6.632386e-03 6.626098e-03 6.691453e-03 6.645633e-03 6.626668e-03 6.672159e-03 2.719026e-01 6.634021e-03 6.641312e-03 6.647358e-03 6.638013e-03 6.640898e-03 2.157332e-01 6.663192e-03 6.642792e-03 4.697524e-03 6.700175e-03 6.628125e-03 6.633493e-03 6.630943e-03 6.628078e-03 6.668040e-03 6.644404e-03 6.633981e-03 3.322747e-03 3.198699e-02 6.638659e-03 6.638323e-03 6.648680e-03 6.642434e-03 6.635831e-03 6.634984e-03 6.687221e-03 3.833114e-03 4.760807e-03 4.692321e-03 4.693539e-03 6.706223e-03 6.634687e-03 6.628423e-03 6.623438e-03 6.668305e-03 4.699545e-03 6.633299e-03 6.653483e-03 6.658513e-03 6.657533e-03 6.678088e-03 6.634998e-03 5.764991e-02 6.690383e-03
4.055683e-03 4.066263e-03 4.060938e-03 4.072147e-03 4.054646e-03 4.073313e-03 4.081275e-03 4.046461e-03 4.051992e-03 4.065826e-03 4.082225e-03 4.058629e-03 4.095755e-03 4.082079e-03 4.084933e-03 4.083965e-03 4.055495e-03 4.065795e-03 4.115609e-03 5.741741e-03 5.731274e-03 5.861297e-03 1.362585e-01 5.741863e-03 5.768310e-03 5.793165e-03 5.773144e-03 4.058568e-03 4.091901e-03 4.049634e-03 4.073741e-03 4.069705e-03 4.068902e-03 4.067743e-03 4.057418e-03 6.028908e-03 4.099948e-03 4.051835e-03 4.071210e-03 4.057225e-03 4.056492e-03 4.066954e-03 4.058670e-03 4.088622e-03 4.048555e-03 4.055130e-03 5.753729e-03 5.776372e-03 5.761919e-03 5.729692e-03 5.739651e-03 5.813403e-03 5.792527e-03 5.790514e-03 4.055960e-03 5.777786e-03 5.776391e-03 5.732160e-03 5.721713e-03 5.800724e-03 5.788106e-03 5.732175e-03 5.768192e-03 2.416501e-01 5.730123e-03 5.736740e-03 5.790857e-03 5.731081e-03 5.731509e-03 1.887445e-01 5.801752e-03 5.736226e-03 4.056510e-03 5.786368e-03 5.722021e-03 5.761028e-03 5.721229e-03 5.763769e-03 5.754919e-03 5.736977e-03 5.722443e-03 2.863422e-03 2.793546e-02 5.744612e-03 5.774781e-03 5.773469e-03 5.753660e-03 5.747493e-03 5.736503e-03 5.771780e-03 3.307534e-03 4.109212e-03 4.056533e-03 4.061078e-03 5.804692e-03 5.746351e-03 5.746991e-03 5.723874e-03 5.752940e-03 4.059523e-03 5.728240e-03 5.786528e-03 5.745711e-03 5.772376e-03 5.752010e-03 5.731236e-03 5.019282e-02 5.819195e-03
3.583276e-03 3.587662e-03 3.576043e-03 3.602797e-03 3.576822e-03 3.602462e-03 3.614048e-03 3.572248e-03 3.576557e-03 3.588865e-03 3.616988e-03 3.582940e-03 3.625257e-03 3.620476e-03 3.619564e-03 3.626922e-03 3.581770e-03 3.601640e-03 3.648008e-03 5.071011e-03 5.060386e-03 5.196004e-03 1.210787e-01 5.060671e-03 5.115679e-03 5.130072e-03 5.109720e-03 3.579820e-03 3.623099e-03 3.572322e-03 3.604010e-03 3.601653e-03 3.599415e-03 3.588785e-03 3.580397e-03 5.352825e-03 3.622698e-03 3.576587e-03 3.592112e-03 3.583921e-03 3.582127e-03 3.596245e-03 3.582262e-03 3.622996e-03 3.574965e-03 3.577998e-03 5.089452e-03 5.126796e-03 5.095837e-03 5.058055e-03 5.062795e-03 5.138637e-03 5.114437e-03 5.127312e-03 3.588082e-03 5.121723e-03 5.120765e-03 5.057064e-03 5.043940e-03 5.130683e-03 5.130105e-03 5.054388e-03 5.083826e-03 2.057251e-01 5.057523e-03 5.065265e-03 5.122045e-03 5.065325e-03 5.055232e-03 1.656017e-01 5.149582e-03 5.063732e-03 3.587823e-03 5.115417e-03 5.048185e-03 5.103098e-03 5.047696e-03 5.108042e-03 5.075991e-03 5.063436e-03 5.057253e-03 2.529796e-03 2.490624e-02 5.072165e-03 5.117121e-03 5.125331e-03 5.086304e-03 5.061503e-03 5.066290e-03 5.090803e-03 2.920859e-03 3.630897e-03 3.577938e-03 3.592407e-03 5.134277e-03 5.087848e-03 5.076222e-03 5.050686e-03 5.082439e-03 3.590403e-03 5.054947e-03 5.130910e-03 5.072307e-03 5.118035e-03 5.080251e-03 5.056881e-03 4.432210e-02 5.158753e-03
3.240926e-03 3.240450e-03 3.241680e-03 3.264822e-03 3.241236e-03 3.265757e-03 3.275504e-03 3.233647e-03 3.239334e-03 3.248075e-03 3.281552e-03 3.243024e-03 3.289886e-03 3.288322e-03 3.279314e-03 3.285843e-03 3.238334e-03 3.256710e-03 3.305091e-03 4.586080e-03 4.579108e-03 4.717756e-03 1.124904e-01 4.584108e-03 4.624484e-03 4.649330e-03 4.633481e-03 3.245913e-03 3.289298e-03 3.236542e-03 3.262326e-03 3.262681e-03 3.258127e-03 3.248721e-03 3.241312e-03 4.862205e-03 3.275131e-03 3.233413e-03 3.250389e-03 3.245762e-03 3.244031e-03 3.260974e-03 3.245279e-03 3.282661e-03 3.236711e-03 3.237778e-03 4.608457e-03 4.650211e-03 4.622566e-03 4.581623e-03 4.586481e-03 4.671894e-03 4.627506e-03 4.658967e-03 3.244482e-03 4.647708e-03 4.645031e-03 4.574494e-03 4.566324e-03 4.651916e-03 4.647247e-03 4.576514e-03 4.596461e-03 1.957163e-01 4.570071e-03 4.584275e-03 4.649029e-03 4.581087e-03 4.579153e-03 1.495498e-01 4.669736e-03 4.592767e-03 3.242834e-03 4.615535e-03 4.573615e-03 4.626269e-03 4.572796e-03 4.629640e-03 4.603057e-03 4.589061e-03 4.572406e-03 2.289349e-03 2.253177e-02 4.591349e-03 4.640878e-03 4.647066e-03 4.607905e-03 4.590960e-03 4.586488e-03 4.613951e-03 2.640744e-03 3.282073e-03 3.234971e-03 3.256601e-03 4.641575e-03 4.605237e-03 4.596874e-03 4.572442e-03 4.599865e-03 3.249208e-03 4.574227e-03 4.652946e-03 4.588607e-03 4.633910e-03 4.595286e-03 4.580212e-03 4.088937e-02 4.683498e-03
3.002737e-03 3.012009e-03 3.006243e-03 3.021155e-03 3.005853e-03 3.032662e-03 3.042835e-03 2.999144e-03 2.997669e-03 3.018021e-03 3.047132e-03 3.000760e-03 3.050213e-03 3.039564e-03 3.046697e-03 3.040061e-03 3.008936e-03 3.025779e-03 3.066896e-03 4.250273e-03 4.246247e-03 4.367050e-03 9.984708e-02 4.244070e-03 4.292642e-03 4.312907e-03 4.298924e-03 3.008939e-03 3.042047e-03 2.999968e-03 3.025895e-03 3.024276e-03 3.019268e-03 3.007223e-03 3.009827e-03 4.508031e-03 3.040852e-03 3.004169e-03 3.018319e-03 3.004545e-03 3.010224e-03 3.019667e-03 3.003590e-03 3.046287e-03 2.998157e-03 3.005864e-03 4.267982e-03 4.317396e-03 4.284473e-03 4.253936e-03 4.255497e-03 4.330913e-03 4.300889e-03 4.318114e-03 3.007039e-03 4.306582e-03 4.311043e-03 4.247095e-03 4.234648e-03 4.317061e-03 4.311650e-03 4.241812e-03 4.266945e-03 1.815145e-01 4.244406e-03 4.247002e-03 4.307786e-03 4.251345e-03 4.244530e-03 1.422502e-01 4.325020e-03 4.257251e-03 3.005662e-03 4.282677e-03 4.242139e-03 4.287297e-03 4.242433e-03 4.297939e-03 4.267167e-03 4.251638e-03 4.250651e-03 2.123095e-03 2.104418e-02 4.265094e-03 4.301797e-03 4.313184e-03 4.269368e-03 4.258937e-03 4.244795e-03 4.271757e-03 2.451879e-03 3.042166e-03 3.004754e-03 3.020658e-03 4.305840e-03 4.272861e-03 4.261112e-03 4.239708e-03 4.266795e-03 3.016632e-03 4.245222e-03 4.310414e-03 4.254408e-03 4.289945e-03 4.264410e-03 4.244442e-03 3.776077e-02 4.344122e-03
2.845866e-03 2.850339e-03 2.847690e-03 2.861258e-03 2.846953e-03 2.863611e-03 2.878606e-03 2.840175e-03 2.842302e-03 2.857491e-03 2.876318e-03 2.852480e-03 2.887949e-03 2.877220e-03 2.878719e-03 2.888582e-03 2.847846e-03 2.864565e-03 2.905295e-03 4.029814e-03 4.020159e-03 4.128255e-03 1.014951e-01 4.021063e-03 4.062207e-03 4.077639e-03 4.067639e-03 2.845637e-03 2.882485e-03 2.844378e-03 2.870753e-03 2.861470e-03 2.859930e-03 2.852842e-03 2.844794e-03 4.273867e-03 2.878052e-03 2.841083e-03 2.857503e-03 2.849273e-03 2.846286e-03 2.861015e-03 2.845736e-03 2.877762e-03 2.841585e-03 2.842670e-03 4.045134e-03 4.078223e-03 4.057977e-03 4.026423e-03 4.032778e-03 4.095353e-03 4.062890e-03 4.083075e-03 2.850854e-03 4.076769e-03 4.074560e-03 4.022066e-03 4.009291e-03 4.084366e-03 4.091690e-03 4.022122e-03 4.042326e-03 1.700868e-01 4.023111e-03 4.028189e-03 4.081422e-03 4.021156e-03 4.022084e-03 1.345553e-01 4.096480e-03 4.032173e-03 2.849806e-03 4.061459e-03 4.013766e-03 4.062966e-03 4.016826e-03 4.068527e-03 4.044993e-03 4.025023e-03 4.025140e-03 2.009255e-03 2.012634e-02 4.034391e-03 4.076390e-03 4.074424e-03 4.047928e-03 4.040880e-03 4.026439e-03 4.048643e-03 2.316544e-03 2.885963e-03 2.841135e-03 2.854378e-03 4.080470e-03 4.043300e-03 4.038510e-03 4.014933e-03 4.041754e-03 2.858020e-03 4.017918e-03 4.078213e-03 4.028485e-03 4.064965e-03 4.033312e-03 4.024312e-03 3.636106e-02 4.107896e-03
2.748698e-03 2.751102e-03 2.748732e-03 2.762621e-03 2.744147e-03 2.767228e-03 2.773385e-03 2.748357e-03 2.742825e-03 2.753229e-03 2.773756e-03 2.752540e-03 2.784497e-03 2.777706e-03 2.775496e-03 2.785086e-03 2.749008e-03 2.760768e-03 2.796801e-03 3.892330e-03 3.887260e-03 3.985305e-03 9.591789e-02 3.884608e-03 3.925991e-03 3.928670e-03 3.921932e-03 2.752311e-03 2.776250e-03 2.750944e-03 2.766408e-03 2.763796e-03 2.756462e-03 2.755161e-03 2.751088e-03 4.129354e-03 2.781143e-03 2.741346e-03 2.754113e-03 2.750371e-03 2.749899e-03 2.759006e-03 2.750944e-03 2.783070e-03 2.746394e-03 2.747705e-03 3.903760e-03 3.927306e-03 3.912845e-03 3.883421e-03 3.885840e-03 3.952379e-03 3.922690e-03 3.938252e-03 2.748945e-03 3.932383e-03 3.928917e-03 3.883009e-03 3.880828e-03 3.943243e-03 3.944683e-03 3.884565e-03 3.903690e-03 1.508928e-01 3.883544e-03 3.891387e-03 3.935922e-03 3.879567e-03 3.885065e-03 1.303337e-01 3.955772e-03 3.886232e-03 2.749688e-03 3.919607e-03 3.877536e-03 3.912784e-03 3.878881e-03 3.915930e-03 3.902570e-03 3.884022e-03 3.883423e-03 1.940038e-03 1.928358e-02 3.888283e-03 3.933092e-03 3.930855e-03 3.906182e-03 3.892804e-03 3.888297e-03 3.906130e-03 2.240390e-03 2.784048e-03 2.744509e-03 2.756749e-03 3.937296e-03 3.898301e-03 3.890473e-03 3.874742e-03 3.893983e-03 2.759114e-03 3.882415e-03 3.936421e-03 3.899977e-03 3.928861e-03 3.898355e-03 3.877503e-03 3.455727e-02 3.959773e-03
2.699906e-03 2.700858e-03 2.697006e-03 2.709762e-03 2.697754e-03 2.709966e-03 2.720535e-03 2.695163e-03 2.695024e-03 2.701316e-03 2.718915e-03 2.698396e-03 2.731661e-03 2.724214e-03 2.726048e-03 2.725727e-03 2.695596e-03 2.707788e-03 2.742739e-03 3.813959e-03 3.810406e-03 3.904610e-03 9.288224e-02 3.810136e-03 3.841836e-03 3.850881e-03 3.843050e-03 2.700793e-03 2.727993e-03 2.693858e-03 2.714203e-03 2.710585e-03 2.702489e-03 2.705956e-03 2.700823e-03 4.048949e-03 2.726485e-03 2.691295e-03 2.706696e-03 2.696639e-03 2.698710e-03 2.704770e-03 2.694404e-03 2.723333e-03 2.697052e-03 2.695078e-03 3.835325e-03 3.851571e-03 3.838350e-03 3.812716e-03 3.816672e-03 3.877129e-03 3.849590e-03 3.861257e-03 2.699116e-03 3.852958e-03 3.852323e-03 3.804339e-03 3.799351e-03 3.864964e-03 3.857929e-03 3.809920e-03 3.828944e-03 1.620212e-01 3.807626e-03 3.821513e-03 3.855937e-03 3.809662e-03 3.809517e-03 1.309451e-01 3.871773e-03 3.805347e-03 2.693935e-03 3.844032e-03 3.800212e-03 3.837323e-03 3.811905e-03 3.837980e-03 3.832756e-03 3.813990e-03 3.807786e-03 1.902570e-03 1.884020e-02 3.816272e-03 3.848822e-03 3.857333e-03 3.824012e-03 3.817631e-03 3.817244e-03 3.849792e-03 2.196927e-03 2.734071e-03 2.695797e-03 2.707238e-03 3.866309e-03 3.829645e-03 3.819996e-03 3.805388e-03 3.826926e-03 2.707041e-03 3.811518e-03 3.855230e-03 3.816660e-03 3.835803e-03 3.831865e-03 3.812940e-03 3.426921e-02 3.880338e-03
