# Version 0.0
# Data /lustre/isaac24/proj/UTK0244/cbaillar/Bayes_HEP/Detroit_tune_Project/input/Data/Data__200__pp__STAR_2020_I1783875__d23-x01-y01.dat
# Observable: $1/N_{jets}$
# Subobservable: $R_{g}$
# Design Design_Rivet.dat
# design_point1 design_point2 design_point3 design_point4 design_point5 design_point6 design_point7 design_point8 design_point9 design_point10 design_point11 design_point12 design_point13 design_point14 design_point15 design_point16 design_point17 design_point18 design_point19 design_point20 design_point21 design_point22 design_point23 design_point24 design_point25 design_point26 design_point27 design_point28 design_point29 design_point30 design_point31 design_point32 design_point33 design_point34 design_point35 design_point36 design_point37 design_point38 design_point39 design_point40 design_point41 design_point42 design_point43 design_point44 design_point45 design_point46 design_point47 design_point48 design_point49 design_point50 design_point51 design_point52 design_point53 design_point54 design_point55 design_point56 design_point57 design_point58 design_point59 design_point60 design_point61 design_point62 design_point63 design_point64 design_point65 design_point66 design_point67 design_point68 design_point69 design_point70 design_point71 design_point72 design_point73 design_point74 design_point75 design_point76 design_point77 design_point78 design_point79 design_point80 design_point81 design_point82 design_point83 design_point84 design_point85 design_point86 design_point87 design_point88 design_point89 design_point90 design_point91 design_point92 design_point93 design_point94 design_point95 design_point96 design_point97 design_point98 design_point99 design_point100 design_point101 design_point102 design_point103 design_point104 design_point105 design_point106 design_point107 design_point108
1.246635e+00 1.244458e+00 1.256023e+00 1.212460e+00 1.243140e+00 1.211758e+00 1.196838e+00 1.253050e+00 1.249545e+00 1.230251e+00 1.179248e+00 1.246678e+00 1.191484e+00 1.197577e+00 1.192553e+00 1.193343e+00 1.236887e+00 1.219816e+00 1.176056e+00 1.251172e+00 1.246919e+00 1.189010e+00 1.050713e+00 1.252391e+00 1.206141e+00 1.201105e+00 1.203543e+00 1.246546e+00 1.188830e+00 1.245847e+00 1.207313e+00 1.226527e+00 1.220917e+00 1.241515e+00 1.244801e+00 1.180529e+00 1.225345e+00 1.250374e+00 1.246732e+00 1.247685e+00 1.242060e+00 1.224295e+00 1.252695e+00 1.179878e+00 1.244531e+00 1.246869e+00 1.231149e+00 1.185755e+00 1.210398e+00 1.243222e+00 1.255015e+00 1.203250e+00 1.235056e+00 1.173506e+00 1.241751e+00 1.190708e+00 1.189682e+00 1.246157e+00 1.245522e+00 1.193846e+00 1.175296e+00 1.247492e+00 1.243494e+00 9.636586e-01 1.247392e+00 1.245826e+00 1.186810e+00 1.247783e+00 1.253139e+00 8.884355e-01 1.173141e+00 1.240879e+00 1.248336e+00 1.250373e+00 1.250705e+00 1.197991e+00 1.249156e+00 1.175626e+00 1.248403e+00 1.245388e+00 1.253646e+00 1.255585e+00 1.121424e+00 1.242176e+00 1.181541e+00 1.192417e+00 1.221595e+00 1.242328e+00 1.247281e+00 1.237168e+00 1.251810e+00 1.224833e+00 1.248484e+00 1.230727e+00 1.215754e+00 1.219197e+00 1.224569e+00 1.243323e+00 1.249742e+00 1.239363e+00 1.252610e+00 1.189846e+00 1.244398e+00 1.213255e+00 1.246642e+00 1.251935e+00 1.072011e+00 1.176582e+00
5.392643e+00 5.380458e+00 5.430959e+00 5.280767e+00 5.375307e+00 5.276049e+00 5.226473e+00 5.409495e+00 5.399052e+00 5.341677e+00 5.184704e+00 5.383208e+00 5.202403e+00 5.220041e+00 5.220426e+00 5.204429e+00 5.373307e+00 5.283990e+00 5.156601e+00 5.403666e+00 5.381402e+00 5.207066e+00 4.571012e+00 5.414224e+00 5.265024e+00 5.238019e+00 5.246454e+00 5.388130e+00 5.197065e+00 5.392277e+00 5.260705e+00 5.306757e+00 5.289751e+00 5.374476e+00 5.384921e+00 5.200173e+00 5.325026e+00 5.404626e+00 5.399093e+00 5.405572e+00 5.379707e+00 5.318322e+00 5.403990e+00 5.163897e+00 5.387490e+00 5.385694e+00 5.320713e+00 5.196162e+00 5.263558e+00 5.385543e+00 5.397665e+00 5.234829e+00 5.349708e+00 5.164603e+00 5.391043e+00 5.231866e+00 5.215001e+00 5.393806e+00 5.388112e+00 5.220060e+00 5.165074e+00 5.389253e+00 5.385192e+00 3.944467e+00 5.387970e+00 5.385130e+00 5.192806e+00 5.404707e+00 5.402539e+00 4.392099e+00 5.161429e+00 5.372225e+00 5.392619e+00 5.410612e+00 5.391475e+00 5.234788e+00 5.405160e+00 5.176176e+00 5.394486e+00 5.390456e+00 5.398605e+00 5.418333e+00 4.965157e+00 5.370739e+00 5.187270e+00 5.211548e+00 5.307564e+00 5.358759e+00 5.389024e+00 5.355989e+00 5.398468e+00 5.321705e+00 5.403184e+00 5.347125e+00 5.282341e+00 5.299300e+00 5.321090e+00 5.379141e+00 5.405586e+00 5.363385e+00 5.405897e+00 5.191032e+00 5.377616e+00 5.258841e+00 5.397982e+00 5.394837e+00 4.749876e+00 5.162894e+00
7.696261e+00 7.692255e+00 7.683584e+00 7.699723e+00 7.692224e+00 7.707742e+00 7.699390e+00 7.690039e+00 7.697515e+00 7.696437e+00 7.723121e+00 7.694615e+00 7.722768e+00 7.708195e+00 7.704859e+00 7.705012e+00 7.686895e+00 7.695775e+00 7.734140e+00 7.690189e+00 7.700938e+00 7.706398e+00 7.587370e+00 7.691950e+00 7.705782e+00 7.709243e+00 7.707086e+00 7.687566e+00 7.715737e+00 7.692601e+00 7.710015e+00 7.697639e+00 7.679978e+00 7.698210e+00 7.694629e+00 7.722475e+00 7.716011e+00 7.688966e+00 7.702149e+00 7.701415e+00 7.694799e+00 7.701530e+00 7.689807e+00 7.715615e+00 7.689526e+00 7.687041e+00 7.698526e+00 7.717436e+00 7.700242e+00 7.694228e+00 7.695040e+00 7.718824e+00 7.712746e+00 7.716209e+00 7.685667e+00 7.714797e+00 7.714696e+00 7.688705e+00 7.683445e+00 7.725824e+00 7.713885e+00 7.684531e+00 7.698039e+00 8.084933e+00 7.685903e+00 7.694457e+00 7.716296e+00 7.684739e+00 7.694253e+00 7.285542e+00 7.722091e+00 7.695638e+00 7.697507e+00 7.695374e+00 7.688734e+00 7.697146e+00 7.680910e+00 7.710987e+00 7.698334e+00 7.690427e+00 7.682988e+00 7.686934e+00 7.677190e+00 7.694983e+00 7.703631e+00 7.708814e+00 7.707384e+00 7.704684e+00 7.690316e+00 7.704388e+00 7.696066e+00 7.726227e+00 7.693727e+00 7.696651e+00 7.708602e+00 7.699349e+00 7.692541e+00 7.681314e+00 7.697680e+00 7.702198e+00 7.689212e+00 7.714388e+00 7.689658e+00 7.699401e+00 7.695198e+00 7.694094e+00 7.570640e+00 7.727043e+00
5.346699e+00 5.366908e+00 5.314015e+00 5.492395e+00 5.372933e+00 5.489149e+00 5.562279e+00 5.331221e+00 5.338307e+00 5.415866e+00 5.599548e+00 5.360340e+00 5.566859e+00 5.560894e+00 5.571275e+00 5.584028e+00 5.385733e+00 5.484837e+00 5.618322e+00 5.338345e+00 5.354366e+00 5.583113e+00 6.452818e+00 5.324709e+00 5.506381e+00 5.536584e+00 5.528963e+00 5.361192e+00 5.583547e+00 5.351848e+00 5.506989e+00 5.454659e+00 5.492438e+00 5.367660e+00 5.359286e+00 5.581988e+00 5.411637e+00 5.340456e+00 5.334262e+00 5.329877e+00 5.367478e+00 5.439778e+00 5.336651e+00 5.627110e+00 5.361166e+00 5.364478e+00 5.434412e+00 5.586622e+00 5.511948e+00 5.359680e+00 5.334631e+00 5.527100e+00 5.381651e+00 5.634318e+00 5.363415e+00 5.549281e+00 5.564030e+00 5.353184e+00 5.366311e+00 5.542542e+00 5.631200e+00 5.361182e+00 5.356201e+00 6.696611e+00 5.359730e+00 5.357688e+00 5.591920e+00 5.345308e+00 5.332777e+00 7.062969e+00 5.628226e+00 5.374792e+00 5.345535e+00 5.323461e+00 5.352354e+00 5.552443e+00 5.348665e+00 5.621972e+00 5.341209e+00 5.355328e+00 5.348536e+00 5.323650e+00 5.913099e+00 5.375580e+00 5.613901e+00 5.575371e+00 5.446436e+00 5.375826e+00 5.355327e+00 5.382307e+00 5.336868e+00 5.407333e+00 5.337430e+00 5.407685e+00 5.474512e+00 5.465775e+00 5.443553e+00 5.378052e+00 5.328707e+00 5.378872e+00 5.335672e+00 5.592027e+00 5.370314e+00 5.513636e+00 5.342954e+00 5.341460e+00 6.281062e+00 5.618463e+00
5.719866e-02 5.638225e-02 5.571468e-02 5.832301e-02 5.701910e-02 5.908832e-02 6.006232e-02 5.675016e-02 5.667566e-02 5.735892e-02 5.955241e-02 5.674324e-02 6.009033e-02 6.000262e-02 5.935189e-02 5.982304e-02 5.735511e-02 5.826815e-02 5.920242e-02 5.678134e-02 5.756958e-02 5.987266e-02 9.295120e-02 5.549925e-02 5.905113e-02 5.840908e-02 5.917044e-02 5.670359e-02 5.957857e-02 5.762305e-02 5.924395e-02 5.809703e-02 5.949777e-02 5.720417e-02 5.656022e-02 5.948057e-02 5.768427e-02 5.670867e-02 5.599834e-02 5.697605e-02 5.725786e-02 5.743974e-02 5.708706e-02 6.038286e-02 5.701495e-02 5.786026e-02 5.845187e-02 6.053517e-02 5.921889e-02 5.753899e-02 5.665610e-02 5.810551e-02 5.708835e-02 6.059592e-02 5.668533e-02 5.880962e-02 5.959701e-02 5.734986e-02 5.781337e-02 5.858093e-02 6.093907e-02 5.729922e-02 5.661169e-02 1.224990e-01 5.802590e-02 5.728291e-02 5.969787e-02 5.752912e-02 5.802728e-02 1.020124e-01 6.111299e-02 5.729937e-02 5.691184e-02 5.584655e-02 5.708779e-02 5.928117e-02 5.680518e-02 6.032263e-02 5.591742e-02 5.734898e-02 5.702576e-02 5.633120e-02 6.974468e-02 5.648848e-02 6.052004e-02 5.945000e-02 5.886387e-02 5.753075e-02 5.714786e-02 5.791680e-02 5.701606e-02 5.581949e-02 5.713434e-02 5.701460e-02 5.753269e-02 5.824530e-02 5.877389e-02 5.822673e-02 5.657568e-02 5.716615e-02 5.691138e-02 5.979155e-02 5.830062e-02 5.951859e-02 5.738745e-02 5.705847e-02 8.395849e-02 5.960894e-02
