# Version 0.0
# Data /lustre/isaac24/proj/UTK0244/cbaillar/Bayes_HEP/Detroit_tune_Project/input/Data/Data__200__pp__STAR_2020_I1783875__d23-x01-y01.dat
# Observable: $1/N_{jets}$
# Subobservable: $R_{g}$
# Design Design_Rivet.dat
# design_point1 design_point2 design_point3 design_point4 design_point5 design_point6 design_point7 design_point8 design_point9 design_point10 design_point11 design_point12 design_point13 design_point14 design_point15 design_point16 design_point17 design_point18 design_point19 design_point20 design_point21 design_point22 design_point23 design_point24 design_point25 design_point26 design_point27 design_point28 design_point29 design_point30 design_point31 design_point32 design_point33 design_point34 design_point35 design_point36 design_point37 design_point38 design_point39 design_point40 design_point41 design_point42 design_point43 design_point44 design_point45 design_point46 design_point47 design_point48 design_point49 design_point50 design_point51 design_point52 design_point53 design_point54 design_point55 design_point56 design_point57 design_point58 design_point59 design_point60 design_point61 design_point62 design_point63 design_point64 design_point65 design_point66 design_point67 design_point68 design_point69 design_point70 design_point71 design_point72 design_point73 design_point74 design_point75 design_point76 design_point77 design_point78 design_point79 design_point80 design_point81 design_point82 design_point83 design_point84 design_point85 design_point86 design_point87 design_point88 design_point89 design_point90 design_point91 design_point92 design_point93 design_point94 design_point95 design_point96 design_point97 design_point98 design_point99 design_point100 design_point101 design_point102 design_point103 design_point104 design_point105 design_point106 design_point107 design_point108
2.209439e-03 2.204106e-03 2.223456e-03 2.171747e-03 2.197839e-03 2.171243e-03 2.158839e-03 2.208608e-03 2.204750e-03 2.189789e-03 2.144043e-03 2.239165e-03 2.359074e-03 2.157313e-03 2.153740e-03 2.156636e-03 2.189524e-03 2.178100e-03 2.393350e-03 3.134456e-03 3.108392e-03 3.054433e-03 4.376072e-02 3.132158e-03 3.067363e-03 3.266129e-03 3.058778e-03 2.298861e-03 2.156103e-03 2.234815e-03 2.162081e-03 2.185108e-03 2.173066e-03 2.320864e-03 2.203695e-03 2.290941e-03 2.629859e-03 2.203176e-03 2.392378e-03 2.214876e-03 2.199755e-03 2.183945e-03 2.215221e-03 2.139994e-03 2.192351e-03 2.202722e-03 3.096042e-03 3.033376e-03 3.062502e-03 3.111343e-03 3.138841e-03 3.482768e-03 3.665041e-03 3.024127e-03 2.232567e-03 3.049201e-03 3.065172e-03 3.110522e-03 3.102488e-03 3.391150e-03 3.084171e-03 3.110918e-03 3.446190e-03 8.871196e-02 3.108959e-03 3.135040e-03 3.043161e-03 3.107853e-03 3.128393e-03 5.740809e-02 3.142921e-03 3.114177e-03 2.208724e-03 3.311696e-03 3.111909e-03 3.041115e-03 3.112103e-03 3.011323e-03 3.349008e-03 3.176581e-03 3.120653e-03 1.566465e-03 9.361305e-03 3.116935e-03 3.031491e-03 3.048390e-03 3.085520e-03 3.113374e-03 3.118388e-03 3.491121e-03 1.802756e-03 2.895117e-03 2.205234e-03 2.194468e-03 3.651631e-03 3.073175e-03 3.078668e-03 3.093490e-03 3.311793e-03 2.205230e-03 3.121447e-03 3.044075e-03 3.262987e-03 3.085087e-03 3.402674e-03 3.123568e-03 1.609365e-02 3.360497e-03
4.595293e-03 4.583024e-03 4.623471e-03 4.532358e-03 4.570225e-03 4.530592e-03 4.511354e-03 4.588946e-03 4.582919e-03 4.562936e-03 4.495652e-03 4.652962e-03 4.929461e-03 4.504000e-03 4.506167e-03 4.503816e-03 4.563577e-03 4.533271e-03 5.011573e-03 6.514002e-03 6.457501e-03 6.391964e-03 9.127432e-02 6.512411e-03 6.408647e-03 6.820659e-03 6.386313e-03 4.779445e-03 4.508049e-03 4.649384e-03 4.513194e-03 4.545158e-03 4.523218e-03 4.828829e-03 4.583436e-03 4.808223e-03 5.482316e-03 4.580492e-03 4.978559e-03 4.610179e-03 4.578071e-03 4.551829e-03 4.600994e-03 4.476955e-03 4.561423e-03 4.577941e-03 6.436302e-03 6.349948e-03 6.386341e-03 6.475725e-03 6.509505e-03 7.264370e-03 7.627821e-03 6.344187e-03 4.651828e-03 6.391632e-03 6.417512e-03 6.471344e-03 6.452866e-03 7.091049e-03 6.465516e-03 6.465975e-03 7.171630e-03 1.794794e-01 6.461392e-03 6.517972e-03 6.365545e-03 6.468105e-03 6.495620e-03 1.276428e-01 6.592396e-03 6.479710e-03 4.590666e-03 6.888965e-03 6.461052e-03 6.357050e-03 6.473662e-03 6.318695e-03 6.961676e-03 6.608766e-03 6.475879e-03 3.254096e-03 1.969780e-02 6.481167e-03 6.351867e-03 6.372938e-03 6.431501e-03 6.466142e-03 6.481911e-03 7.263909e-03 3.743716e-03 6.034664e-03 4.587627e-03 4.574131e-03 7.611620e-03 6.407073e-03 6.417584e-03 6.434477e-03 6.887701e-03 4.587480e-03 6.484578e-03 6.358239e-03 6.783134e-03 6.422976e-03 7.080519e-03 6.484091e-03 3.387631e-02 7.039454e-03
5.489747e-03 5.479858e-03 5.499356e-03 5.472847e-03 5.467162e-03 5.476009e-03 5.475587e-03 5.471404e-03 5.472159e-03 5.477098e-03 5.486900e-03 5.562915e-03 6.005980e-03 5.473156e-03 5.474401e-03 5.480004e-03 5.458333e-03 5.470877e-03 6.137595e-03 7.770914e-03 7.724823e-03 7.776130e-03 1.175948e-01 7.762326e-03 7.753084e-03 8.274631e-03 7.740381e-03 5.708906e-03 5.492856e-03 5.553233e-03 5.463736e-03 5.474105e-03 5.450167e-03 5.779212e-03 5.478925e-03 5.859412e-03 6.599327e-03 5.463404e-03 5.946332e-03 5.502781e-03 5.475224e-03 5.477559e-03 5.488481e-03 5.472417e-03 5.449502e-03 5.469264e-03 7.742039e-03 7.738652e-03 7.724398e-03 7.740271e-03 7.772316e-03 8.821091e-03 9.158830e-03 7.754602e-03 5.554283e-03 7.761501e-03 7.805466e-03 7.726334e-03 7.705703e-03 8.626710e-03 7.901351e-03 7.721086e-03 8.574470e-03 2.569560e-01 7.717222e-03 7.791181e-03 7.759593e-03 7.712685e-03 7.751842e-03 1.643960e-01 8.063540e-03 7.755339e-03 5.484675e-03 8.215720e-03 7.715729e-03 7.708519e-03 7.717062e-03 7.712193e-03 8.316434e-03 7.893740e-03 7.725436e-03 3.875912e-03 2.449360e-02 7.757825e-03 7.740689e-03 7.750863e-03 7.750293e-03 7.753371e-03 7.743193e-03 8.712035e-03 4.469943e-03 7.271289e-03 5.474337e-03 5.487812e-03 9.195000e-03 7.722846e-03 7.716248e-03 7.689082e-03 8.219262e-03 5.497458e-03 7.733726e-03 7.751053e-03 8.111273e-03 7.771767e-03 8.453942e-03 7.743526e-03 4.276822e-02 8.611902e-03
4.575677e-03 4.577249e-03 4.573422e-03 4.622283e-03 4.569215e-03 4.621182e-03 4.654027e-03 4.555625e-03 4.557064e-03 4.594514e-03 4.672045e-03 4.643070e-03 5.099206e-03 4.648724e-03 4.655127e-03 4.665175e-03 4.568850e-03 4.618624e-03 5.231131e-03 6.474510e-03 6.441259e-03 6.618750e-03 1.084469e-01 6.458350e-03 6.553891e-03 7.012352e-03 6.556003e-03 4.767482e-03 4.672665e-03 4.631921e-03 4.617631e-03 4.608061e-03 4.609061e-03 4.825766e-03 4.572513e-03 4.981615e-03 5.526721e-03 4.553219e-03 4.948578e-03 4.577787e-03 4.572865e-03 4.603511e-03 4.572237e-03 4.673440e-03 4.550265e-03 4.568915e-03 6.504709e-03 6.584206e-03 6.535292e-03 6.460156e-03 6.471383e-03 7.464407e-03 7.650560e-03 6.626408e-03 4.639893e-03 6.582666e-03 6.628789e-03 6.446930e-03 6.439798e-03 7.306800e-03 6.750956e-03 6.449112e-03 7.152300e-03 2.338558e-01 6.444437e-03 6.501342e-03 6.605642e-03 6.432464e-03 6.453546e-03 1.618654e-01 6.884051e-03 6.481259e-03 4.570581e-03 6.833258e-03 6.437569e-03 6.547088e-03 6.439740e-03 6.585174e-03 6.927214e-03 6.587196e-03 6.445779e-03 3.225538e-03 2.149606e-02 6.484087e-03 6.607913e-03 6.591635e-03 6.515097e-03 6.476432e-03 6.461614e-03 7.281733e-03 3.722295e-03 6.083020e-03 4.559627e-03 4.599960e-03 7.748838e-03 6.506932e-03 6.491013e-03 6.433825e-03 6.838546e-03 4.594098e-03 6.442323e-03 6.599251e-03 6.778528e-03 6.576735e-03 7.044336e-03 6.451935e-03 3.895574e-02 7.343467e-03
4.732660e-04 4.691521e-04 4.682898e-04 4.763166e-04 4.707020e-04 4.794588e-04 4.836192e-04 4.700219e-04 4.695499e-04 4.728311e-04 4.818149e-04 4.777119e-04 5.297850e-04 4.828882e-04 4.804758e-04 4.828679e-04 4.714879e-04 4.760432e-04 5.369848e-04 6.677386e-04 6.679028e-04 6.854126e-04 1.301577e-02 6.593518e-04 6.787037e-04 7.202495e-04 6.782185e-04 4.903020e-04 4.826748e-04 4.806261e-04 4.789432e-04 4.755665e-04 4.797116e-04 4.981815e-04 4.697395e-04 5.142369e-04 5.706002e-04 4.691958e-04 5.070267e-04 4.733072e-04 4.723031e-04 4.730475e-04 4.728934e-04 4.841174e-04 4.692469e-04 4.745036e-04 6.746069e-04 6.853819e-04 6.773959e-04 6.693522e-04 6.669117e-04 7.653417e-04 7.879691e-04 6.871938e-04 4.770046e-04 6.776535e-04 6.860436e-04 6.672875e-04 6.684186e-04 7.511919e-04 7.022839e-04 6.667209e-04 7.353097e-04 3.162910e-02 6.705396e-04 6.722439e-04 6.825177e-04 6.673211e-04 6.731903e-04 1.945300e-02 7.173400e-04 6.691961e-04 4.716037e-04 6.998886e-04 6.648461e-04 6.764947e-04 6.636508e-04 6.821234e-04 7.087814e-04 6.816641e-04 6.655696e-04 3.317966e-04 2.334571e-03 6.646853e-04 6.860907e-04 6.806631e-04 6.773126e-04 6.699820e-04 6.674949e-04 7.553581e-04 3.847389e-04 6.180458e-04 4.717498e-04 4.723256e-04 7.943672e-04 6.717086e-04 6.744713e-04 6.694497e-04 7.046408e-04 4.736135e-04 6.653458e-04 6.823858e-04 7.062723e-04 6.833097e-04 7.300588e-04 6.668376e-04 4.503884e-03 7.563940e-04
