# Version 0.0
# Data /lustre/isaac24/proj/UTK0244/cbaillar/Bayes_HEP/Detroit_tune_Project/input/Data/Data__200__pp__STAR_2020_I1783875__d27-x01-y01.dat
# Observable: $1/N_{jets}$
# Subobservable: $z_{g}$
# Design Design_Rivet.dat
# design_point1 design_point2 design_point3 design_point4 design_point5 design_point6 design_point7 design_point8 design_point9 design_point10 design_point11 design_point12 design_point13 design_point14 design_point15 design_point16 design_point17 design_point18 design_point19 design_point20 design_point21 design_point22 design_point23 design_point24 design_point25 design_point26 design_point27 design_point28 design_point29 design_point30 design_point31 design_point32 design_point33 design_point34 design_point35 design_point36 design_point37 design_point38 design_point39 design_point40 design_point41 design_point42 design_point43 design_point44 design_point45 design_point46 design_point47 design_point48 design_point49 design_point50 design_point51 design_point52 design_point53 design_point54 design_point55 design_point56 design_point57 design_point58 design_point59 design_point60 design_point61 design_point62 design_point63 design_point64 design_point65 design_point66 design_point67 design_point68 design_point69 design_point70 design_point71 design_point72 design_point73 design_point74 design_point75 design_point76 design_point77 design_point78 design_point79 design_point80 design_point81 design_point82 design_point83 design_point84 design_point85 design_point86 design_point87 design_point88 design_point89 design_point90 design_point91 design_point92 design_point93 design_point94 design_point95 design_point96 design_point97 design_point98 design_point99 design_point100 design_point101 design_point102 design_point103 design_point104 design_point105 design_point106 design_point107 design_point108
4.891543e-03 4.882396e-03 4.904036e-03 4.861105e-03 4.878010e-03 4.863536e-03 4.852566e-03 4.884593e-03 4.881423e-03 4.880137e-03 4.853199e-03 4.904774e-03 4.986924e-03 4.843737e-03 4.844314e-03 4.849856e-03 4.871643e-03 4.857278e-03 5.027706e-03 6.920867e-03 6.891922e-03 6.910143e-03 1.313265e-01 6.917941e-03 6.878558e-03 7.002074e-03 6.859688e-03 4.945198e-03 4.850183e-03 4.906960e-03 4.855219e-03 4.868747e-03 4.847637e-03 4.960706e-03 4.878092e-03 5.343886e-03 5.144855e-03 4.878491e-03 5.012208e-03 4.896983e-03 4.887050e-03 4.863984e-03 4.892685e-03 4.838890e-03 4.877194e-03 4.883578e-03 6.886646e-03 6.850626e-03 6.866335e-03 6.900145e-03 6.924804e-03 7.152480e-03 7.252856e-03 6.853874e-03 4.903231e-03 6.864419e-03 6.876497e-03 6.896222e-03 6.893031e-03 7.090994e-03 6.887755e-03 6.897467e-03 7.128889e-03 2.392681e-01 6.893335e-03 6.915349e-03 6.861918e-03 6.878111e-03 6.923765e-03 1.742239e-01 6.941548e-03 6.905459e-03 4.886173e-03 7.031034e-03 6.898197e-03 6.847986e-03 6.908908e-03 6.836246e-03 7.066237e-03 6.948403e-03 6.904083e-03 3.460166e-03 2.266904e-02 6.911723e-03 6.854884e-03 6.861091e-03 6.885814e-03 6.899652e-03 6.910226e-03 7.155345e-03 3.989342e-03 5.268259e-03 4.885532e-03 4.883712e-03 7.237446e-03 6.872822e-03 6.872244e-03 6.880744e-03 7.056255e-03 4.892222e-03 6.905540e-03 6.851257e-03 7.005494e-03 6.870602e-03 7.099064e-03 6.907619e-03 4.776820e-02 7.080522e-03
4.348871e-03 4.344173e-03 4.357804e-03 4.329543e-03 4.334248e-03 4.324821e-03 4.318024e-03 4.339790e-03 4.342778e-03 4.336412e-03 4.318806e-03 4.358738e-03 4.440605e-03 4.311978e-03 4.319137e-03 4.315217e-03 4.332917e-03 4.325775e-03 4.472730e-03 6.148605e-03 6.136520e-03 6.157120e-03 1.191416e-01 6.161019e-03 6.118731e-03 6.227219e-03 6.109743e-03 4.398621e-03 4.323463e-03 4.356793e-03 4.324485e-03 4.333607e-03 4.315894e-03 4.410950e-03 4.340681e-03 4.747823e-03 4.572481e-03 4.337302e-03 4.455183e-03 4.351124e-03 4.334615e-03 4.331400e-03 4.351715e-03 4.308718e-03 4.328034e-03 4.335919e-03 6.122280e-03 6.100205e-03 6.120400e-03 6.135687e-03 6.147967e-03 6.365191e-03 6.431020e-03 6.103095e-03 4.358360e-03 6.122312e-03 6.126104e-03 6.129011e-03 6.119057e-03 6.317522e-03 6.136005e-03 6.128408e-03 6.329140e-03 2.148394e-01 6.124402e-03 6.151502e-03 6.115127e-03 6.113064e-03 6.141709e-03 1.589095e-01 6.184670e-03 6.146868e-03 4.346672e-03 6.250513e-03 6.132238e-03 6.101787e-03 6.135725e-03 6.099205e-03 6.281473e-03 6.174404e-03 6.137222e-03 3.073940e-03 2.017172e-02 6.135624e-03 6.102648e-03 6.112196e-03 6.126150e-03 6.133528e-03 6.146427e-03 6.355869e-03 3.547157e-03 4.678175e-03 4.344621e-03 4.344320e-03 6.431381e-03 6.118024e-03 6.119419e-03 6.116223e-03 6.257228e-03 4.342603e-03 6.146940e-03 6.108572e-03 6.222585e-03 6.112206e-03 6.314813e-03 6.146232e-03 4.350327e-02 6.312119e-03
3.908237e-03 3.904518e-03 3.915901e-03 3.894188e-03 3.895900e-03 3.890707e-03 3.884692e-03 3.896338e-03 3.897018e-03 3.897027e-03 3.884857e-03 3.924492e-03 3.993854e-03 3.883500e-03 3.875125e-03 3.878022e-03 3.896010e-03 3.889154e-03 4.015825e-03 5.522484e-03 5.501165e-03 5.535617e-03 1.107461e-01 5.518079e-03 5.499594e-03 5.600806e-03 5.498219e-03 3.949082e-03 3.886364e-03 3.915004e-03 3.883924e-03 3.890868e-03 3.872788e-03 3.959978e-03 3.899383e-03 4.272028e-03 4.103469e-03 3.895115e-03 3.995416e-03 3.908230e-03 3.900253e-03 3.893613e-03 3.902968e-03 3.877585e-03 3.890741e-03 3.895911e-03 5.500735e-03 5.482907e-03 5.493414e-03 5.509531e-03 5.524053e-03 5.711820e-03 5.780957e-03 5.499107e-03 3.915987e-03 5.495186e-03 5.506378e-03 5.511108e-03 5.496016e-03 5.666611e-03 5.510940e-03 5.505306e-03 5.681183e-03 1.929812e-01 5.501376e-03 5.522116e-03 5.496610e-03 5.488146e-03 5.525240e-03 1.458150e-01 5.564191e-03 5.518544e-03 3.898985e-03 5.615851e-03 5.509075e-03 5.483904e-03 5.512558e-03 5.474534e-03 5.634788e-03 5.544373e-03 5.522399e-03 2.762129e-03 1.830418e-02 5.512399e-03 5.490848e-03 5.494761e-03 5.507281e-03 5.517935e-03 5.516740e-03 5.691221e-03 3.184112e-03 4.189987e-03 3.898342e-03 3.906318e-03 5.774563e-03 5.499492e-03 5.502158e-03 5.492640e-03 5.629807e-03 3.900081e-03 5.515118e-03 5.483156e-03 5.595756e-03 5.497440e-03 5.664664e-03 5.518005e-03 3.912453e-02 5.664358e-03
3.572353e-03 3.577028e-03 3.579015e-03 3.561690e-03 3.570681e-03 3.558513e-03 3.553905e-03 3.564060e-03 3.567733e-03 3.564426e-03 3.553610e-03 3.587791e-03 3.650751e-03 3.551113e-03 3.556272e-03 3.556132e-03 3.561820e-03 3.558922e-03 3.680113e-03 5.064614e-03 5.037424e-03 5.068782e-03 9.938970e-02 5.055692e-03 5.035001e-03 5.128616e-03 5.032363e-03 3.607461e-03 3.563156e-03 3.591637e-03 3.555186e-03 3.563269e-03 3.547948e-03 3.626005e-03 3.574836e-03 3.905475e-03 3.747069e-03 3.565361e-03 3.654410e-03 3.580524e-03 3.571783e-03 3.565075e-03 3.576528e-03 3.549395e-03 3.559792e-03 3.567299e-03 5.039491e-03 5.021476e-03 5.028167e-03 5.047041e-03 5.058590e-03 5.225103e-03 5.285206e-03 5.033237e-03 3.583101e-03 5.034262e-03 5.038598e-03 5.047545e-03 5.042930e-03 5.193135e-03 5.052482e-03 5.034968e-03 5.193286e-03 1.872504e-01 5.039409e-03 5.056464e-03 5.028993e-03 5.028068e-03 5.050645e-03 1.302242e-01 5.084738e-03 5.057727e-03 3.569256e-03 5.140754e-03 5.037071e-03 5.024244e-03 5.036669e-03 5.018792e-03 5.157029e-03 5.075291e-03 5.037907e-03 2.525477e-03 1.674570e-02 5.048593e-03 5.024828e-03 5.027924e-03 5.035368e-03 5.037307e-03 5.051147e-03 5.215300e-03 2.913107e-03 3.820707e-03 3.573835e-03 3.572298e-03 5.280164e-03 5.038928e-03 5.024429e-03 5.032251e-03 5.143264e-03 3.570906e-03 5.049749e-03 5.029830e-03 5.122856e-03 5.043680e-03 5.177098e-03 5.046014e-03 3.615287e-02 5.186174e-03
3.345967e-03 3.337200e-03 3.343062e-03 3.325144e-03 3.332546e-03 3.327598e-03 3.321491e-03 3.340688e-03 3.332505e-03 3.330909e-03 3.324116e-03 3.358088e-03 3.409277e-03 3.321761e-03 3.322191e-03 3.319415e-03 3.332150e-03 3.327287e-03 3.433822e-03 4.730205e-03 4.724298e-03 4.735715e-03 9.458634e-02 4.725330e-03 4.713749e-03 4.787366e-03 4.703895e-03 3.379238e-03 3.328704e-03 3.353363e-03 3.324000e-03 3.329397e-03 3.323963e-03 3.388924e-03 3.336667e-03 3.654687e-03 3.505548e-03 3.333307e-03 3.421775e-03 3.344679e-03 3.334201e-03 3.331897e-03 3.344247e-03 3.321115e-03 3.333192e-03 3.339264e-03 4.709173e-03 4.698563e-03 4.698828e-03 4.718183e-03 4.732905e-03 4.889288e-03 4.935242e-03 4.696534e-03 3.350296e-03 4.703531e-03 4.717470e-03 4.722547e-03 4.713615e-03 4.847730e-03 4.719330e-03 4.715682e-03 4.857976e-03 1.763541e-01 4.715873e-03 4.730935e-03 4.699808e-03 4.692580e-03 4.725250e-03 1.250890e-01 4.751687e-03 4.726314e-03 3.339699e-03 4.803372e-03 4.716037e-03 4.696378e-03 4.715962e-03 4.695367e-03 4.824001e-03 4.748802e-03 4.718401e-03 2.366538e-03 1.560517e-02 4.727852e-03 4.697763e-03 4.697732e-03 4.719587e-03 4.719556e-03 4.719935e-03 4.879025e-03 2.727976e-03 3.579898e-03 3.341692e-03 3.338855e-03 4.937922e-03 4.705107e-03 4.701296e-03 4.702567e-03 4.808725e-03 3.340931e-03 4.720274e-03 4.697711e-03 4.785867e-03 4.713990e-03 4.847545e-03 4.723741e-03 3.394203e-02 4.838633e-03
3.190992e-03 3.183860e-03 3.189285e-03 3.174481e-03 3.187674e-03 3.173027e-03 3.165325e-03 3.180883e-03 3.181327e-03 3.179244e-03 3.170458e-03 3.192943e-03 3.252831e-03 3.167427e-03 3.160845e-03 3.167490e-03 3.171395e-03 3.168953e-03 3.271339e-03 4.502845e-03 4.494266e-03 4.511107e-03 8.877912e-02 4.505197e-03 4.487855e-03 4.560672e-03 4.480353e-03 3.223556e-03 3.166048e-03 3.199091e-03 3.167513e-03 3.174088e-03 3.160291e-03 3.230786e-03 3.187437e-03 3.483038e-03 3.334204e-03 3.177189e-03 3.258310e-03 3.187144e-03 3.178371e-03 3.174719e-03 3.184966e-03 3.162611e-03 3.173218e-03 3.179887e-03 4.492347e-03 4.466911e-03 4.486181e-03 4.493562e-03 4.507100e-03 4.650242e-03 4.695760e-03 4.472740e-03 3.195828e-03 4.477187e-03 4.485395e-03 4.498189e-03 4.484990e-03 4.615314e-03 4.491674e-03 4.494460e-03 4.628867e-03 1.541794e-01 4.497068e-03 4.509656e-03 4.478721e-03 4.480579e-03 4.499210e-03 1.178142e-01 4.525640e-03 4.498281e-03 3.182535e-03 4.576757e-03 4.492686e-03 4.466596e-03 4.500056e-03 4.460000e-03 4.588113e-03 4.532407e-03 4.498083e-03 2.255921e-03 1.502620e-02 4.496611e-03 4.474804e-03 4.477366e-03 4.493804e-03 4.495034e-03 4.497331e-03 4.642394e-03 2.597284e-03 3.405556e-03 3.177974e-03 3.182894e-03 4.705132e-03 4.488158e-03 4.487283e-03 4.485704e-03 4.588898e-03 3.183139e-03 4.500449e-03 4.473531e-03 4.563169e-03 4.492600e-03 4.616849e-03 4.508427e-03 3.242735e-02 4.612969e-03
3.086708e-03 3.090868e-03 3.093008e-03 3.075864e-03 3.074210e-03 3.077152e-03 3.074052e-03 3.084765e-03 3.086179e-03 3.082010e-03 3.066240e-03 3.099202e-03 3.148319e-03 3.067339e-03 3.073496e-03 3.065782e-03 3.080648e-03 3.069972e-03 3.164324e-03 4.367728e-03 4.354830e-03 4.375025e-03 8.808028e-02 4.373320e-03 4.350528e-03 4.416832e-03 4.346997e-03 3.124097e-03 3.069990e-03 3.096587e-03 3.065770e-03 3.076654e-03 3.067388e-03 3.127497e-03 3.082761e-03 3.377942e-03 3.227958e-03 3.082558e-03 3.163541e-03 3.087107e-03 3.078249e-03 3.077671e-03 3.089921e-03 3.063616e-03 3.081631e-03 3.087378e-03 4.343442e-03 4.337838e-03 4.342839e-03 4.359712e-03 4.371252e-03 4.504323e-03 4.546813e-03 4.335799e-03 3.098208e-03 4.343689e-03 4.346772e-03 4.359910e-03 4.354328e-03 4.476573e-03 4.350834e-03 4.357134e-03 4.485827e-03 1.635320e-01 4.360173e-03 4.366401e-03 4.340568e-03 4.340265e-03 4.371993e-03 1.135017e-01 4.390843e-03 4.364761e-03 3.082921e-03 4.438468e-03 4.360817e-03 4.328543e-03 4.358148e-03 4.325976e-03 4.456854e-03 4.377381e-03 4.352029e-03 2.181573e-03 1.446485e-02 4.355376e-03 4.339001e-03 4.342620e-03 4.345890e-03 4.364099e-03 4.361046e-03 4.496444e-03 2.523681e-03 3.300702e-03 3.087903e-03 3.079508e-03 4.554256e-03 4.347222e-03 4.346718e-03 4.348572e-03 4.445667e-03 3.087962e-03 4.359924e-03 4.335450e-03 4.415097e-03 4.347995e-03 4.462680e-03 4.356534e-03 3.138550e-02 4.471295e-03
3.028066e-03 3.031133e-03 3.039022e-03 3.020624e-03 3.025594e-03 3.012580e-03 3.011330e-03 3.030416e-03 3.029646e-03 3.028924e-03 3.015703e-03 3.049998e-03 3.096199e-03 3.012661e-03 3.010797e-03 3.013795e-03 3.023846e-03 3.021344e-03 3.116715e-03 4.288057e-03 4.283121e-03 4.293079e-03 8.764746e-02 4.297143e-03 4.269912e-03 4.341310e-03 4.264554e-03 3.065425e-03 3.016509e-03 3.042091e-03 3.013088e-03 3.023804e-03 3.015556e-03 3.076333e-03 3.033366e-03 3.317147e-03 3.179548e-03 3.032553e-03 3.104719e-03 3.039771e-03 3.028298e-03 3.022099e-03 3.036018e-03 3.010086e-03 3.027867e-03 3.024300e-03 4.278208e-03 4.256958e-03 4.269850e-03 4.277416e-03 4.296034e-03 4.427736e-03 4.479954e-03 4.254923e-03 3.040457e-03 4.267131e-03 4.272711e-03 4.282256e-03 4.281454e-03 4.392587e-03 4.276354e-03 4.287357e-03 4.403759e-03 1.469432e-01 4.283972e-03 4.296039e-03 4.266019e-03 4.267907e-03 4.288282e-03 1.110905e-01 4.307323e-03 4.285729e-03 3.032476e-03 4.361440e-03 4.281113e-03 4.254536e-03 4.282671e-03 4.251166e-03 4.374810e-03 4.308908e-03 4.282505e-03 2.145137e-03 1.410369e-02 4.287050e-03 4.256432e-03 4.263466e-03 4.286594e-03 4.287191e-03 4.283636e-03 4.425185e-03 2.477869e-03 3.247009e-03 3.031276e-03 3.025840e-03 4.481240e-03 4.266220e-03 4.274950e-03 4.270356e-03 4.361914e-03 3.029999e-03 4.283707e-03 4.265022e-03 4.343633e-03 4.275291e-03 4.393345e-03 4.290655e-03 3.111056e-02 4.387759e-03
