# Version 0.0
# Data /lustre/isaac24/proj/UTK0244/cbaillar/Bayes_HEP/Detroit_tune_Project/input/Data/Data__200__pp__STAR_2020_I1783875__d16-x01-y01.dat
# Observable: $1/N_{jets}$
# Subobservable: $z_{g}$
# Design Design_Rivet.dat
# design_point1 design_point2 design_point3 design_point4 design_point5 design_point6 design_point7 design_point8 design_point9 design_point10 design_point11 design_point12 design_point13 design_point14 design_point15 design_point16 design_point17 design_point18 design_point19 design_point20 design_point21 design_point22 design_point23 design_point24 design_point25 design_point26 design_point27 design_point28 design_point29 design_point30 design_point31 design_point32 design_point33 design_point34 design_point35 design_point36 design_point37 design_point38 design_point39 design_point40 design_point41 design_point42 design_point43 design_point44 design_point45 design_point46 design_point47 design_point48 design_point49 design_point50 design_point51 design_point52 design_point53 design_point54 design_point55 design_point56 design_point57 design_point58 design_point59 design_point60 design_point61 design_point62 design_point63 design_point64 design_point65 design_point66 design_point67 design_point68 design_point69 design_point70 design_point71 design_point72 design_point73 design_point74 design_point75 design_point76 design_point77 design_point78 design_point79 design_point80 design_point81 design_point82 design_point83 design_point84 design_point85 design_point86 design_point87 design_point88 design_point89 design_point90 design_point91 design_point92 design_point93 design_point94 design_point95 design_point96 design_point97 design_point98 design_point99 design_point100 design_point101 design_point102 design_point103 design_point104 design_point105 design_point106 design_point107 design_point108
5.583461e+00 5.573541e+00 5.574479e+00 5.572931e+00 5.582891e+00 5.558116e+00 5.577806e+00 5.567965e+00 5.581882e+00 5.571586e+00 5.552604e+00 5.577231e+00 5.551825e+00 5.568035e+00 5.544147e+00 5.563411e+00 5.573111e+00 5.606945e+00 5.543508e+00 5.571592e+00 5.586578e+00 5.556941e+00 5.571715e+00 5.568751e+00 5.569782e+00 5.580588e+00 5.533017e+00 5.569762e+00 5.541537e+00 5.576652e+00 5.566114e+00 5.551927e+00 5.656260e+00 5.573154e+00 5.573563e+00 5.518441e+00 5.584461e+00 5.563117e+00 5.570123e+00 5.566487e+00 5.573097e+00 5.572277e+00 5.580980e+00 5.526628e+00 5.573567e+00 5.574528e+00 5.590843e+00 5.528200e+00 5.545882e+00 5.578612e+00 5.579604e+00 5.561461e+00 5.581031e+00 5.520321e+00 5.568390e+00 5.540956e+00 5.544392e+00 5.569177e+00 5.569774e+00 5.559010e+00 5.504771e+00 5.561818e+00 5.576907e+00 5.068702e+00 5.573239e+00 5.569705e+00 5.547938e+00 5.589142e+00 5.568350e+00 5.069409e+00 5.507888e+00 5.588113e+00 5.581002e+00 5.573713e+00 5.572594e+00 5.556700e+00 5.572397e+00 5.562279e+00 5.572671e+00 5.570061e+00 5.568016e+00 5.572706e+00 5.486703e+00 5.579231e+00 5.550958e+00 5.535363e+00 5.578955e+00 5.588211e+00 5.572071e+00 5.571421e+00 5.579322e+00 5.576412e+00 5.578993e+00 5.580832e+00 5.588391e+00 5.573042e+00 5.577547e+00 5.572979e+00 5.572516e+00 5.565948e+00 5.566228e+00 5.537761e+00 5.575325e+00 5.602184e+00 5.571168e+00 5.570563e+00 5.554651e+00 5.525505e+00
3.719400e+00 3.730261e+00 3.712118e+00 3.746583e+00 3.719354e+00 3.766195e+00 3.778863e+00 3.710840e+00 3.718771e+00 3.741509e+00 3.765968e+00 3.713501e+00 3.760108e+00 3.780486e+00 3.762192e+00 3.772361e+00 3.727109e+00 3.757065e+00 3.768422e+00 3.720641e+00 3.717820e+00 3.774471e+00 3.610832e+00 3.721324e+00 3.760689e+00 3.771442e+00 3.756033e+00 3.712255e+00 3.777612e+00 3.710815e+00 3.761993e+00 3.747134e+00 3.784013e+00 3.727007e+00 3.718990e+00 3.764427e+00 3.727484e+00 3.712789e+00 3.718435e+00 3.712806e+00 3.727223e+00 3.744536e+00 3.713410e+00 3.777564e+00 3.715416e+00 3.730283e+00 3.741860e+00 3.773834e+00 3.748676e+00 3.725974e+00 3.715677e+00 3.758360e+00 3.732464e+00 3.771863e+00 3.714809e+00 3.758829e+00 3.765287e+00 3.718529e+00 3.713536e+00 3.756785e+00 3.771213e+00 3.723300e+00 3.715332e+00 3.480916e+00 3.718948e+00 3.719516e+00 3.777747e+00 3.717820e+00 3.722656e+00 3.825193e+00 3.774416e+00 3.725399e+00 3.713743e+00 3.716313e+00 3.708961e+00 3.775603e+00 3.717986e+00 3.774807e+00 3.717698e+00 3.718435e+00 3.711847e+00 3.706132e+00 3.733050e+00 3.733731e+00 3.773007e+00 3.773265e+00 3.745896e+00 3.736938e+00 3.718906e+00 3.722800e+00 3.710228e+00 3.720402e+00 3.716874e+00 3.736069e+00 3.748953e+00 3.742868e+00 3.745351e+00 3.720467e+00 3.722839e+00 3.737528e+00 3.711961e+00 3.774660e+00 3.715051e+00 3.785290e+00 3.713229e+00 3.718280e+00 3.793057e+00 3.763698e+00
2.675670e+00 2.681879e+00 2.674516e+00 2.714654e+00 2.675474e+00 2.705466e+00 2.711552e+00 2.673326e+00 2.678837e+00 2.695378e+00 2.721516e+00 2.679007e+00 2.722883e+00 2.720097e+00 2.733814e+00 2.728361e+00 2.685866e+00 2.706678e+00 2.732780e+00 2.679722e+00 2.675519e+00 2.722187e+00 2.668004e+00 2.679890e+00 2.717694e+00 2.720625e+00 2.720419e+00 2.676075e+00 2.729761e+00 2.670513e+00 2.715278e+00 2.698843e+00 2.707656e+00 2.679518e+00 2.681671e+00 2.726357e+00 2.691448e+00 2.673432e+00 2.676555e+00 2.682970e+00 2.684075e+00 2.702393e+00 2.675955e+00 2.731065e+00 2.683737e+00 2.672422e+00 2.698287e+00 2.733908e+00 2.704280e+00 2.678248e+00 2.675474e+00 2.707421e+00 2.685180e+00 2.734410e+00 2.681279e+00 2.718779e+00 2.726844e+00 2.678611e+00 2.667995e+00 2.707847e+00 2.729259e+00 2.669140e+00 2.676342e+00 2.961832e+00 2.671346e+00 2.680896e+00 2.722200e+00 2.681895e+00 2.675844e+00 2.745501e+00 2.735163e+00 2.683498e+00 2.678810e+00 2.675772e+00 2.673811e+00 2.715041e+00 2.669223e+00 2.730921e+00 2.671628e+00 2.676171e+00 2.676541e+00 2.674305e+00 2.729738e+00 2.684558e+00 2.730384e+00 2.722475e+00 2.700929e+00 2.683969e+00 2.672555e+00 2.676291e+00 2.680614e+00 2.685034e+00 2.671613e+00 2.690487e+00 2.702379e+00 2.703317e+00 2.694523e+00 2.675188e+00 2.680050e+00 2.690159e+00 2.677964e+00 2.733140e+00 2.681301e+00 2.715045e+00 2.676067e+00 2.677104e+00 2.636290e+00 2.729587e+00
2.069486e+00 2.070292e+00 2.060572e+00 2.081931e+00 2.073484e+00 2.078590e+00 2.088516e+00 2.068242e+00 2.065307e+00 2.074168e+00 2.096745e+00 2.065383e+00 2.090327e+00 2.092399e+00 2.086653e+00 2.092703e+00 2.062483e+00 2.073976e+00 2.099781e+00 2.067703e+00 2.067007e+00 2.094131e+00 2.116349e+00 2.061823e+00 2.083444e+00 2.083221e+00 2.082674e+00 2.069650e+00 2.093263e+00 2.064488e+00 2.084577e+00 2.078889e+00 2.067581e+00 2.066514e+00 2.072820e+00 2.097396e+00 2.068649e+00 2.067905e+00 2.066412e+00 2.069470e+00 2.065427e+00 2.074503e+00 2.074358e+00 2.102536e+00 2.066687e+00 2.066922e+00 2.075405e+00 2.096613e+00 2.091210e+00 2.072810e+00 2.073935e+00 2.083333e+00 2.074933e+00 2.098436e+00 2.069901e+00 2.091480e+00 2.092959e+00 2.068051e+00 2.069501e+00 2.087592e+00 2.107540e+00 2.074328e+00 2.062846e+00 2.412214e+00 2.072755e+00 2.070132e+00 2.097704e+00 2.068147e+00 2.066015e+00 1.974293e+00 2.108033e+00 2.071020e+00 2.072596e+00 2.065760e+00 2.070996e+00 2.087448e+00 2.064921e+00 2.088385e+00 2.073019e+00 2.068071e+00 2.070997e+00 2.069147e+00 2.051645e+00 2.077450e+00 2.090343e+00 2.095171e+00 2.083178e+00 2.068183e+00 2.076292e+00 2.068611e+00 2.065703e+00 2.072142e+00 2.062246e+00 2.076882e+00 2.073227e+00 2.080022e+00 2.074287e+00 2.067836e+00 2.062086e+00 2.070907e+00 2.068784e+00 2.096717e+00 2.070252e+00 2.086966e+00 2.066936e+00 2.071066e+00 2.093165e+00 2.100131e+00
1.704890e+00 1.707361e+00 1.709155e+00 1.701826e+00 1.700997e+00 1.711200e+00 1.701204e+00 1.700534e+00 1.700173e+00 1.699458e+00 1.706569e+00 1.704575e+00 1.699264e+00 1.702149e+00 1.710551e+00 1.698312e+00 1.703908e+00 1.694034e+00 1.706806e+00 1.701629e+00 1.704315e+00 1.699946e+00 1.770311e+00 1.704631e+00 1.700142e+00 1.703158e+00 1.714248e+00 1.705701e+00 1.704641e+00 1.705274e+00 1.696042e+00 1.710361e+00 1.680078e+00 1.698950e+00 1.704916e+00 1.704030e+00 1.701489e+00 1.714359e+00 1.703141e+00 1.700032e+00 1.707583e+00 1.703436e+00 1.697304e+00 1.708970e+00 1.703287e+00 1.707614e+00 1.693000e+00 1.714311e+00 1.703182e+00 1.699717e+00 1.705567e+00 1.710809e+00 1.700399e+00 1.715925e+00 1.709652e+00 1.716980e+00 1.710377e+00 1.706050e+00 1.709462e+00 1.703754e+00 1.714104e+00 1.704669e+00 1.703639e+00 1.618321e+00 1.704216e+00 1.701562e+00 1.704295e+00 1.705317e+00 1.703651e+00 1.943445e+00 1.712242e+00 1.702776e+00 1.703275e+00 1.705569e+00 1.709045e+00 1.699867e+00 1.705241e+00 1.694768e+00 1.700771e+00 1.706914e+00 1.702838e+00 1.708732e+00 1.710133e+00 1.704427e+00 1.701987e+00 1.714273e+00 1.695278e+00 1.702255e+00 1.705579e+00 1.703693e+00 1.705971e+00 1.701380e+00 1.706116e+00 1.703519e+00 1.693703e+00 1.706246e+00 1.701339e+00 1.707357e+00 1.705633e+00 1.705433e+00 1.708369e+00 1.705570e+00 1.705858e+00 1.690620e+00 1.705788e+00 1.707034e+00 1.702604e+00 1.716524e+00
1.481778e+00 1.481638e+00 1.487110e+00 1.470395e+00 1.485239e+00 1.467408e+00 1.466714e+00 1.488954e+00 1.480455e+00 1.475484e+00 1.470576e+00 1.482584e+00 1.468678e+00 1.459852e+00 1.472925e+00 1.467834e+00 1.486298e+00 1.466380e+00 1.468078e+00 1.485982e+00 1.478814e+00 1.469247e+00 1.559679e+00 1.483206e+00 1.467281e+00 1.463250e+00 1.478041e+00 1.481233e+00 1.469590e+00 1.491104e+00 1.466966e+00 1.479380e+00 1.446386e+00 1.484007e+00 1.478470e+00 1.476614e+00 1.483143e+00 1.481616e+00 1.487800e+00 1.486814e+00 1.476725e+00 1.473361e+00 1.488869e+00 1.472951e+00 1.482624e+00 1.487182e+00 1.475033e+00 1.475450e+00 1.481273e+00 1.483137e+00 1.479713e+00 1.468291e+00 1.480250e+00 1.473766e+00 1.487607e+00 1.478433e+00 1.467516e+00 1.483842e+00 1.484065e+00 1.478535e+00 1.478829e+00 1.487861e+00 1.488089e+00 1.282443e+00 1.483787e+00 1.479962e+00 1.466458e+00 1.473578e+00 1.485798e+00 1.439589e+00 1.478278e+00 1.482258e+00 1.481211e+00 1.488392e+00 1.485746e+00 1.469281e+00 1.483569e+00 1.469630e+00 1.484170e+00 1.484093e+00 1.485751e+00 1.489287e+00 1.531552e+00 1.470515e+00 1.471620e+00 1.470463e+00 1.471478e+00 1.479422e+00 1.481872e+00 1.489052e+00 1.481795e+00 1.481740e+00 1.489332e+00 1.475637e+00 1.471249e+00 1.469180e+00 1.477046e+00 1.485461e+00 1.486743e+00 1.479616e+00 1.486411e+00 1.471102e+00 1.482894e+00 1.456268e+00 1.484534e+00 1.484615e+00 1.501221e+00 1.477229e+00
1.351541e+00 1.350008e+00 1.357109e+00 1.340720e+00 1.352006e+00 1.340157e+00 1.325525e+00 1.367073e+00 1.354104e+00 1.350462e+00 1.335654e+00 1.359871e+00 1.336269e+00 1.327514e+00 1.327206e+00 1.330376e+00 1.352015e+00 1.328477e+00 1.329097e+00 1.360603e+00 1.356913e+00 1.326129e+00 1.263791e+00 1.359926e+00 1.333558e+00 1.327996e+00 1.343396e+00 1.360603e+00 1.331559e+00 1.362213e+00 1.337788e+00 1.345975e+00 1.314073e+00 1.358513e+00 1.357119e+00 1.347463e+00 1.346771e+00 1.362892e+00 1.355934e+00 1.360715e+00 1.354816e+00 1.344340e+00 1.355898e+00 1.334200e+00 1.360155e+00 1.349611e+00 1.336999e+00 1.328798e+00 1.344357e+00 1.347860e+00 1.356327e+00 1.342280e+00 1.346151e+00 1.333382e+00 1.354976e+00 1.337281e+00 1.334634e+00 1.361276e+00 1.363903e+00 1.337113e+00 1.339903e+00 1.360107e+00 1.356069e+00 1.679389e+00 1.359283e+00 1.363054e+00 1.331197e+00 1.353644e+00 1.357459e+00 1.511568e+00 1.337609e+00 1.351624e+00 1.356967e+00 1.355812e+00 1.357644e+00 1.337975e+00 1.359639e+00 1.328214e+00 1.359991e+00 1.357076e+00 1.361076e+00 1.355437e+00 1.345039e+00 1.348940e+00 1.331212e+00 1.333360e+00 1.337529e+00 1.343467e+00 1.356164e+00 1.351117e+00 1.357350e+00 1.355310e+00 1.356500e+00 1.344934e+00 1.341300e+00 1.340775e+00 1.339231e+00 1.351452e+00 1.353816e+00 1.349403e+00 1.358051e+00 1.328638e+00 1.359337e+00 1.324163e+00 1.360349e+00 1.354773e+00 1.315433e+00 1.335586e+00
1.296293e+00 1.290368e+00 1.300215e+00 1.267373e+00 1.291355e+00 1.270516e+00 1.259986e+00 1.298955e+00 1.297767e+00 1.281932e+00 1.262222e+00 1.296045e+00 1.274035e+00 1.260097e+00 1.269626e+00 1.261105e+00 1.292271e+00 1.265673e+00 1.262584e+00 1.293848e+00 1.293859e+00 1.266407e+00 1.278837e+00 1.297377e+00 1.270206e+00 1.257006e+00 1.275551e+00 1.302604e+00 1.264736e+00 1.295704e+00 1.271944e+00 1.280352e+00 1.248539e+00 1.293022e+00 1.295837e+00 1.270727e+00 1.283935e+00 1.299075e+00 1.298212e+00 1.297830e+00 1.294099e+00 1.277733e+00 1.291858e+00 1.259419e+00 1.293593e+00 1.291980e+00 1.283499e+00 1.261149e+00 1.279783e+00 1.295114e+00 1.293333e+00 1.272001e+00 1.284282e+00 1.267770e+00 1.293862e+00 1.266230e+00 1.267587e+00 1.291312e+00 1.298554e+00 1.271536e+00 1.266106e+00 1.297588e+00 1.298219e+00 1.435115e+00 1.294873e+00 1.296172e+00 1.264175e+00 1.292597e+00 1.297072e+00 1.357326e+00 1.262902e+00 1.279887e+00 1.292480e+00 1.296406e+00 1.297158e+00 1.262083e+00 1.303067e+00 1.260739e+00 1.299858e+00 1.298416e+00 1.299686e+00 1.300077e+00 1.292944e+00 1.286002e+00 1.261709e+00 1.267302e+00 1.279936e+00 1.283833e+00 1.296160e+00 1.297958e+00 1.293394e+00 1.291158e+00 1.297047e+00 1.281676e+00 1.275551e+00 1.278322e+00 1.280581e+00 1.296868e+00 1.295205e+00 1.288283e+00 1.299850e+00 1.264892e+00 1.289005e+00 1.249317e+00 1.297659e+00 1.294945e+00 1.276783e+00 1.264839e+00
