# Version 0.0
# Data /lustre/isaac24/proj/UTK0244/cbaillar/Bayes_HEP/Detroit_tune_Project/input/Data/Data__200__pp__STAR_2020_I1783875__d20-x01-y01.dat
# Observable: $1/N_{jets}$
# Subobservable: $R_{g}$
# Design Design_Rivet.dat
# design_point1 design_point2 design_point3 design_point4 design_point5 design_point6 design_point7 design_point8 design_point9 design_point10 design_point11 design_point12 design_point13 design_point14 design_point15 design_point16 design_point17 design_point18 design_point19 design_point20 design_point21 design_point22 design_point23 design_point24 design_point25 design_point26 design_point27 design_point28 design_point29 design_point30 design_point31 design_point32 design_point33 design_point34 design_point35 design_point36 design_point37 design_point38 design_point39 design_point40 design_point41 design_point42 design_point43 design_point44 design_point45 design_point46 design_point47 design_point48 design_point49 design_point50 design_point51 design_point52 design_point53 design_point54 design_point55 design_point56 design_point57 design_point58 design_point59 design_point60 design_point61 design_point62 design_point63 design_point64 design_point65 design_point66 design_point67 design_point68 design_point69 design_point70 design_point71 design_point72 design_point73 design_point74 design_point75 design_point76 design_point77 design_point78 design_point79 design_point80 design_point81 design_point82 design_point83 design_point84 design_point85 design_point86 design_point87 design_point88 design_point89 design_point90 design_point91 design_point92 design_point93 design_point94 design_point95 design_point96 design_point97 design_point98 design_point99 design_point100 design_point101 design_point102 design_point103 design_point104 design_point105 design_point106 design_point107 design_point108
6.506121e-01 6.505169e-01 6.547409e-01 6.316893e-01 6.511909e-01 6.287973e-01 6.242843e-01 6.581920e-01 6.564071e-01 6.413128e-01 6.119800e-01 6.532200e-01 6.245649e-01 6.182587e-01 6.211293e-01 6.172812e-01 6.471931e-01 6.340708e-01 6.152531e-01 6.521900e-01 6.519429e-01 6.137090e-01 6.259700e-01 6.538367e-01 6.248369e-01 6.270903e-01 6.245854e-01 6.561610e-01 6.155818e-01 6.559498e-01 6.268746e-01 6.344357e-01 6.335389e-01 6.535082e-01 6.493451e-01 5.815231e-01 6.507544e-01 6.578904e-01 6.610509e-01 6.507533e-01 6.464170e-01 6.357624e-01 6.516612e-01 6.112006e-01 6.524573e-01 6.491371e-01 6.405878e-01 6.107524e-01 6.248308e-01 6.529909e-01 6.533076e-01 6.268197e-01 6.532900e-01 6.090318e-01 6.525184e-01 6.183335e-01 6.155392e-01 6.584249e-01 6.550820e-01 6.266961e-01 6.148224e-01 6.514140e-01 6.550034e-01 5.798687e-01 6.517580e-01 6.501795e-01 6.136994e-01 6.524352e-01 6.547567e-01 6.354916e-01 6.116983e-01 6.475201e-01 6.541358e-01 6.567988e-01 6.569167e-01 6.255104e-01 6.552964e-01 6.142373e-01 6.556475e-01 6.561944e-01 6.536963e-01 6.561676e-01 5.752798e-01 6.492929e-01 6.130800e-01 6.148012e-01 6.333479e-01 6.483204e-01 6.531301e-01 6.552674e-01 6.553108e-01 6.569076e-01 6.523851e-01 6.397261e-01 6.421575e-01 6.350833e-01 6.384018e-01 6.549008e-01 6.554602e-01 6.465962e-01 6.563604e-01 6.142367e-01 6.551082e-01 6.259195e-01 6.585347e-01 6.541663e-01 5.796799e-01 6.167542e-01
2.670396e+00 2.658656e+00 2.691341e+00 2.609595e+00 2.670183e+00 2.596994e+00 2.567087e+00 2.687143e+00 2.683954e+00 2.637468e+00 2.556034e+00 2.676065e+00 2.585349e+00 2.559753e+00 2.557984e+00 2.550466e+00 2.662019e+00 2.608348e+00 2.553698e+00 2.669723e+00 2.672349e+00 2.554871e+00 2.528022e+00 2.679076e+00 2.582550e+00 2.585809e+00 2.578462e+00 2.683514e+00 2.552756e+00 2.687537e+00 2.590585e+00 2.619798e+00 2.599850e+00 2.679186e+00 2.667169e+00 2.461526e+00 2.661681e+00 2.686405e+00 2.690284e+00 2.679609e+00 2.662212e+00 2.627325e+00 2.677712e+00 2.544356e+00 2.679688e+00 2.669779e+00 2.624513e+00 2.547472e+00 2.597293e+00 2.671543e+00 2.672419e+00 2.598843e+00 2.671639e+00 2.529646e+00 2.670089e+00 2.571712e+00 2.566441e+00 2.684364e+00 2.689176e+00 2.602300e+00 2.540883e+00 2.670581e+00 2.693958e+00 2.308534e+00 2.675692e+00 2.666130e+00 2.552834e+00 2.673409e+00 2.681908e+00 2.505995e+00 2.539001e+00 2.662105e+00 2.672987e+00 2.689320e+00 2.689099e+00 2.576159e+00 2.680383e+00 2.550941e+00 2.682294e+00 2.681312e+00 2.685793e+00 2.684211e+00 2.444028e+00 2.663395e+00 2.549336e+00 2.553643e+00 2.622107e+00 2.655890e+00 2.673936e+00 2.678785e+00 2.689412e+00 2.682418e+00 2.680877e+00 2.645441e+00 2.635236e+00 2.620242e+00 2.630711e+00 2.677483e+00 2.691141e+00 2.648813e+00 2.688494e+00 2.543135e+00 2.678715e+00 2.576925e+00 2.695396e+00 2.682450e+00 2.442953e+00 2.553524e+00
6.526132e+00 6.520112e+00 6.536994e+00 6.483549e+00 6.527730e+00 6.483345e+00 6.450458e+00 6.531399e+00 6.534277e+00 6.502063e+00 6.439792e+00 6.526449e+00 6.473424e+00 6.449428e+00 6.463274e+00 6.443497e+00 6.521619e+00 6.471316e+00 6.448713e+00 6.531670e+00 6.530172e+00 6.454096e+00 6.247629e+00 6.540694e+00 6.471511e+00 6.467937e+00 6.468639e+00 6.536564e+00 6.444821e+00 6.544870e+00 6.478065e+00 6.498443e+00 6.476691e+00 6.539674e+00 6.523377e+00 6.418223e+00 6.531147e+00 6.537735e+00 6.537523e+00 6.534128e+00 6.520491e+00 6.485252e+00 6.534613e+00 6.438979e+00 6.524310e+00 6.523274e+00 6.496568e+00 6.444473e+00 6.473336e+00 6.532900e+00 6.536589e+00 6.478421e+00 6.526156e+00 6.441184e+00 6.527933e+00 6.456088e+00 6.455969e+00 6.534198e+00 6.534859e+00 6.476553e+00 6.445183e+00 6.531231e+00 6.536527e+00 6.389497e+00 6.530441e+00 6.535589e+00 6.447712e+00 6.530660e+00 6.532503e+00 6.495803e+00 6.440970e+00 6.513718e+00 6.529951e+00 6.528484e+00 6.536961e+00 6.455349e+00 6.547398e+00 6.444369e+00 6.542490e+00 6.530413e+00 6.532873e+00 6.537017e+00 6.370717e+00 6.517098e+00 6.443618e+00 6.457697e+00 6.495926e+00 6.509987e+00 6.527586e+00 6.534027e+00 6.542480e+00 6.528248e+00 6.529949e+00 6.510256e+00 6.505995e+00 6.495660e+00 6.496735e+00 6.526841e+00 6.542546e+00 6.506986e+00 6.536985e+00 6.444835e+00 6.537639e+00 6.461180e+00 6.539310e+00 6.530429e+00 6.396412e+00 6.437948e+00
9.474805e+00 9.493867e+00 9.436692e+00 9.600610e+00 9.471098e+00 9.615955e+00 9.685443e+00 9.442833e+00 9.447460e+00 9.540552e+00 9.720230e+00 9.463716e+00 9.641484e+00 9.695646e+00 9.685069e+00 9.714065e+00 9.493926e+00 9.610748e+00 9.709108e+00 9.468059e+00 9.470281e+00 9.705129e+00 9.872392e+00 9.447830e+00 9.642713e+00 9.641945e+00 9.656658e+00 9.443627e+00 9.716205e+00 9.432352e+00 9.629446e+00 9.570567e+00 9.607372e+00 9.449527e+00 9.481458e+00 9.888955e+00 9.476607e+00 9.439935e+00 9.429825e+00 9.456126e+00 9.491534e+00 9.575910e+00 9.455238e+00 9.731840e+00 9.463772e+00 9.476757e+00 9.559167e+00 9.726216e+00 9.632214e+00 9.464903e+00 9.457871e+00 9.619297e+00 9.468487e+00 9.748768e+00 9.471862e+00 9.682394e+00 9.689668e+00 9.442117e+00 9.438974e+00 9.616965e+00 9.731620e+00 9.465506e+00 9.433519e+00 9.912473e+00 9.460483e+00 9.468210e+00 9.715998e+00 9.464866e+00 9.450624e+00 9.658273e+00 9.738550e+00 9.498539e+00 9.464835e+00 9.446434e+00 9.438350e+00 9.669779e+00 9.438913e+00 9.715635e+00 9.438892e+00 9.450800e+00 9.450210e+00 9.442176e+00 9.953063e+00 9.492723e+00 9.720661e+00 9.704738e+00 9.570983e+00 9.507450e+00 9.467233e+00 9.452427e+00 9.432491e+00 9.450825e+00 9.456954e+00 9.524792e+00 9.536852e+00 9.574529e+00 9.553269e+00 9.463449e+00 9.432942e+00 9.522352e+00 9.437820e+00 9.725017e+00 9.449576e+00 9.658364e+00 9.426293e+00 9.455051e+00 9.893729e+00 9.720316e+00
1.602781e-01 1.616661e-01 1.582867e-01 1.655137e-01 1.608300e-01 1.664761e-01 1.708840e-01 1.591770e-01 1.582322e-01 1.634072e-01 1.732145e-01 1.591145e-01 1.676769e-01 1.721586e-01 1.719889e-01 1.727114e-01 1.599600e-01 1.665621e-01 1.707384e-01 1.594781e-01 1.586846e-01 1.717275e-01 1.620969e-01 1.582837e-01 1.699632e-01 1.695183e-01 1.686267e-01 1.591795e-01 1.709006e-01 1.605593e-01 1.682382e-01 1.658905e-01 1.694092e-01 1.578228e-01 1.604011e-01 1.830771e-01 1.603270e-01 1.586510e-01 1.574866e-01 1.596959e-01 1.603706e-01 1.642875e-01 1.591233e-01 1.734099e-01 1.595576e-01 1.607823e-01 1.646081e-01 1.733344e-01 1.683120e-01 1.598602e-01 1.603400e-01 1.675241e-01 1.587999e-01 1.741570e-01 1.598538e-01 1.693775e-01 1.711161e-01 1.596159e-01 1.602913e-01 1.683628e-01 1.718518e-01 1.605958e-01 1.576554e-01 2.516411e-01 1.594216e-01 1.605513e-01 1.714555e-01 1.597490e-01 1.580938e-01 2.218225e-01 1.738445e-01 1.622521e-01 1.603277e-01 1.594088e-01 1.587194e-01 1.700376e-01 1.579059e-01 1.729737e-01 1.604388e-01 1.598269e-01 1.589654e-01 1.586432e-01 1.856851e-01 1.607037e-01 1.731835e-01 1.708284e-01 1.655278e-01 1.615838e-01 1.595795e-01 1.590578e-01 1.599393e-01 1.591475e-01 1.592410e-01 1.632635e-01 1.638163e-01 1.644157e-01 1.640118e-01 1.589430e-01 1.562650e-01 1.622948e-01 1.591111e-01 1.720007e-01 1.586244e-01 1.700240e-01 1.575295e-01 1.575848e-01 1.902908e-01 1.729953e-01
