# Version 0.0
# Data /lustre/isaac24/proj/UTK0244/cbaillar/Bayes_HEP/Detroit_tune_Project/input/Data/Data__200__pp__STAR_2020_I1783875__d05-x01-y01.dat
# Observable: $1/N_{jets}$
# Subobservable: $z_{g}$
# Design Design_Rivet.dat
# design_point1 design_point2 design_point3 design_point4 design_point5 design_point6 design_point7 design_point8 design_point9 design_point10 design_point11 design_point12 design_point13 design_point14 design_point15 design_point16 design_point17 design_point18 design_point19 design_point20 design_point21 design_point22 design_point23 design_point24 design_point25 design_point26 design_point27 design_point28 design_point29 design_point30 design_point31 design_point32 design_point33 design_point34 design_point35 design_point36 design_point37 design_point38 design_point39 design_point40 design_point41 design_point42 design_point43 design_point44 design_point45 design_point46 design_point47 design_point48 design_point49 design_point50 design_point51 design_point52 design_point53 design_point54 design_point55 design_point56 design_point57 design_point58 design_point59 design_point60 design_point61 design_point62 design_point63 design_point64 design_point65 design_point66 design_point67 design_point68 design_point69 design_point70 design_point71 design_point72 design_point73 design_point74 design_point75 design_point76 design_point77 design_point78 design_point79 design_point80 design_point81 design_point82 design_point83 design_point84 design_point85 design_point86 design_point87 design_point88 design_point89 design_point90 design_point91 design_point92 design_point93 design_point94 design_point95 design_point96 design_point97 design_point98 design_point99 design_point100 design_point101 design_point102 design_point103 design_point104 design_point105 design_point106 design_point107 design_point108
5.340422e+00 5.347665e+00 5.336045e+00 5.347434e+00 5.333567e+00 5.342934e+00 5.345719e+00 5.337377e+00 5.340321e+00 5.341596e+00 5.339322e+00 5.338518e+00 5.354323e+00 5.344527e+00 5.331827e+00 5.354742e+00 5.337079e+00 5.349876e+00 5.348838e+00 5.336639e+00 5.340324e+00 5.336475e+00 5.289866e+00 5.336607e+00 5.344770e+00 5.357748e+00 5.330784e+00 5.336050e+00 5.343620e+00 5.334448e+00 5.343683e+00 5.330931e+00 5.363060e+00 5.343416e+00 5.341262e+00 5.276460e+00 5.346497e+00 5.342499e+00 5.339835e+00 5.338299e+00 5.338798e+00 5.353043e+00 5.337302e+00 5.331829e+00 5.344533e+00 5.334159e+00 5.353886e+00 5.333620e+00 5.334883e+00 5.335896e+00 5.339925e+00 5.350507e+00 5.348271e+00 5.325545e+00 5.342737e+00 5.341222e+00 5.342672e+00 5.332418e+00 5.337370e+00 5.345716e+00 5.329078e+00 5.335380e+00 5.343536e+00 5.225965e+00 5.330829e+00 5.335853e+00 5.336194e+00 5.336130e+00 5.331837e+00 5.371585e+00 5.335093e+00 5.343181e+00 5.342781e+00 5.345771e+00 5.330603e+00 5.333739e+00 5.333348e+00 5.334686e+00 5.331842e+00 5.339200e+00 5.341464e+00 5.335887e+00 5.229387e+00 5.336529e+00 5.340373e+00 5.331338e+00 5.348348e+00 5.351309e+00 5.334126e+00 5.344567e+00 5.331682e+00 5.348490e+00 5.332325e+00 5.346871e+00 5.349248e+00 5.340717e+00 5.340231e+00 5.330706e+00 5.345717e+00 5.348204e+00 5.337062e+00 5.342458e+00 5.335689e+00 5.352542e+00 5.341156e+00 5.344840e+00 5.228294e+00 5.331783e+00
3.645337e+00 3.655318e+00 3.637451e+00 3.662101e+00 3.651466e+00 3.674527e+00 3.693622e+00 3.641135e+00 3.644415e+00 3.659703e+00 3.694870e+00 3.647110e+00 3.673468e+00 3.688358e+00 3.687779e+00 3.687785e+00 3.652971e+00 3.672053e+00 3.679193e+00 3.651429e+00 3.647515e+00 3.681581e+00 3.717362e+00 3.646772e+00 3.673740e+00 3.678380e+00 3.682658e+00 3.646574e+00 3.682726e+00 3.646649e+00 3.671392e+00 3.667402e+00 3.677416e+00 3.648578e+00 3.656066e+00 3.663027e+00 3.657986e+00 3.640228e+00 3.641795e+00 3.651367e+00 3.648827e+00 3.663759e+00 3.638389e+00 3.694164e+00 3.640903e+00 3.650686e+00 3.660533e+00 3.684841e+00 3.669193e+00 3.647131e+00 3.646654e+00 3.674206e+00 3.656398e+00 3.684008e+00 3.645678e+00 3.683483e+00 3.682132e+00 3.650107e+00 3.644240e+00 3.680768e+00 3.690560e+00 3.649433e+00 3.637640e+00 3.582580e+00 3.645160e+00 3.653618e+00 3.683776e+00 3.647360e+00 3.643743e+00 3.672131e+00 3.694725e+00 3.656554e+00 3.642039e+00 3.640399e+00 3.638866e+00 3.685379e+00 3.642464e+00 3.684472e+00 3.650730e+00 3.651603e+00 3.642516e+00 3.639825e+00 3.660651e+00 3.654610e+00 3.684257e+00 3.693397e+00 3.664808e+00 3.656332e+00 3.651228e+00 3.645655e+00 3.644152e+00 3.648223e+00 3.645304e+00 3.652987e+00 3.666484e+00 3.669659e+00 3.663533e+00 3.649979e+00 3.644097e+00 3.658651e+00 3.648281e+00 3.686460e+00 3.646745e+00 3.680443e+00 3.642918e+00 3.639692e+00 3.608475e+00 3.687467e+00
2.679038e+00 2.677367e+00 2.671112e+00 2.692818e+00 2.673736e+00 2.694861e+00 2.697233e+00 2.670942e+00 2.671515e+00 2.686976e+00 2.699908e+00 2.674348e+00 2.699364e+00 2.700603e+00 2.698531e+00 2.703739e+00 2.675079e+00 2.692920e+00 2.708195e+00 2.673580e+00 2.678220e+00 2.692941e+00 2.773270e+00 2.669956e+00 2.694134e+00 2.694450e+00 2.695487e+00 2.674593e+00 2.698301e+00 2.665840e+00 2.700325e+00 2.689717e+00 2.687883e+00 2.680219e+00 2.674909e+00 2.701949e+00 2.680372e+00 2.669425e+00 2.672879e+00 2.679669e+00 2.676776e+00 2.686469e+00 2.680259e+00 2.707874e+00 2.673167e+00 2.677734e+00 2.681465e+00 2.708285e+00 2.696478e+00 2.673740e+00 2.667894e+00 2.696003e+00 2.677040e+00 2.716577e+00 2.672443e+00 2.699271e+00 2.702864e+00 2.668643e+00 2.668053e+00 2.697713e+00 2.705447e+00 2.673301e+00 2.676080e+00 2.645850e+00 2.676382e+00 2.673917e+00 2.703023e+00 2.679488e+00 2.674106e+00 2.601093e+00 2.706957e+00 2.674569e+00 2.673516e+00 2.677331e+00 2.673594e+00 2.695302e+00 2.669786e+00 2.704431e+00 2.675136e+00 2.668133e+00 2.673287e+00 2.671742e+00 2.717738e+00 2.675253e+00 2.705710e+00 2.703513e+00 2.688088e+00 2.674074e+00 2.671167e+00 2.677250e+00 2.667392e+00 2.676439e+00 2.671783e+00 2.688869e+00 2.687679e+00 2.687604e+00 2.683638e+00 2.672865e+00 2.679106e+00 2.679791e+00 2.671832e+00 2.707201e+00 2.675648e+00 2.697392e+00 2.674595e+00 2.673203e+00 2.665692e+00 2.707364e+00
2.100067e+00 2.101909e+00 2.099516e+00 2.107687e+00 2.103076e+00 2.103547e+00 2.105604e+00 2.101547e+00 2.096067e+00 2.103006e+00 2.110271e+00 2.099074e+00 2.106357e+00 2.106906e+00 2.111694e+00 2.104657e+00 2.102694e+00 2.103274e+00 2.108362e+00 2.100418e+00 2.099947e+00 2.112896e+00 2.032748e+00 2.095716e+00 2.106279e+00 2.108360e+00 2.110820e+00 2.099972e+00 2.112209e+00 2.103228e+00 2.104354e+00 2.109350e+00 2.101768e+00 2.099317e+00 2.096201e+00 2.129429e+00 2.094782e+00 2.097941e+00 2.100091e+00 2.100205e+00 2.102389e+00 2.105673e+00 2.105073e+00 2.113353e+00 2.098002e+00 2.104512e+00 2.104276e+00 2.114187e+00 2.112105e+00 2.105907e+00 2.103111e+00 2.104178e+00 2.100043e+00 2.116172e+00 2.098675e+00 2.106078e+00 2.109032e+00 2.100363e+00 2.102937e+00 2.107238e+00 2.116798e+00 2.102406e+00 2.101754e+00 2.366475e+00 2.101220e+00 2.103322e+00 2.110295e+00 2.100980e+00 2.101721e+00 1.989071e+00 2.112316e+00 2.094390e+00 2.096525e+00 2.098975e+00 2.107157e+00 2.102309e+00 2.101888e+00 2.110187e+00 2.098701e+00 2.098202e+00 2.097744e+00 2.100086e+00 2.110613e+00 2.101936e+00 2.110658e+00 2.114624e+00 2.106163e+00 2.103219e+00 2.098818e+00 2.102483e+00 2.098689e+00 2.101339e+00 2.098368e+00 2.102882e+00 2.103643e+00 2.104991e+00 2.100682e+00 2.100851e+00 2.096331e+00 2.101621e+00 2.097589e+00 2.111587e+00 2.098554e+00 2.109334e+00 2.099948e+00 2.095256e+00 2.194478e+00 2.112551e+00
1.751487e+00 1.748778e+00 1.756876e+00 1.753327e+00 1.751765e+00 1.749590e+00 1.746254e+00 1.754861e+00 1.754662e+00 1.752295e+00 1.747641e+00 1.757192e+00 1.747831e+00 1.751126e+00 1.753799e+00 1.749370e+00 1.749322e+00 1.749427e+00 1.753276e+00 1.751759e+00 1.752537e+00 1.755616e+00 1.722968e+00 1.755329e+00 1.751121e+00 1.748119e+00 1.751624e+00 1.756340e+00 1.749884e+00 1.753455e+00 1.752147e+00 1.750168e+00 1.742222e+00 1.746582e+00 1.748303e+00 1.762275e+00 1.753177e+00 1.758230e+00 1.750201e+00 1.747924e+00 1.761763e+00 1.747738e+00 1.755281e+00 1.749722e+00 1.751293e+00 1.754608e+00 1.749536e+00 1.750947e+00 1.749186e+00 1.749487e+00 1.750114e+00 1.749104e+00 1.753198e+00 1.756327e+00 1.751242e+00 1.753068e+00 1.747390e+00 1.753647e+00 1.756863e+00 1.747762e+00 1.754962e+00 1.754289e+00 1.754211e+00 1.774856e+00 1.757208e+00 1.751945e+00 1.748657e+00 1.757555e+00 1.752831e+00 1.907104e+00 1.749825e+00 1.756279e+00 1.758895e+00 1.751510e+00 1.754119e+00 1.749639e+00 1.753030e+00 1.747753e+00 1.749902e+00 1.751937e+00 1.752811e+00 1.756146e+00 1.789645e+00 1.754278e+00 1.748765e+00 1.752369e+00 1.744057e+00 1.750107e+00 1.756558e+00 1.752544e+00 1.753182e+00 1.752720e+00 1.755825e+00 1.749755e+00 1.748274e+00 1.754542e+00 1.751455e+00 1.755520e+00 1.749789e+00 1.748708e+00 1.753800e+00 1.749545e+00 1.759901e+00 1.741997e+00 1.749427e+00 1.757386e+00 1.788186e+00 1.748243e+00
1.543190e+00 1.535937e+00 1.545810e+00 1.533427e+00 1.545068e+00 1.533277e+00 1.530995e+00 1.540201e+00 1.543181e+00 1.532754e+00 1.528327e+00 1.538172e+00 1.529000e+00 1.525753e+00 1.528911e+00 1.527923e+00 1.539929e+00 1.529758e+00 1.524681e+00 1.542088e+00 1.541563e+00 1.533315e+00 1.510547e+00 1.547300e+00 1.535403e+00 1.522812e+00 1.532188e+00 1.543884e+00 1.528729e+00 1.541752e+00 1.533972e+00 1.538816e+00 1.529372e+00 1.540181e+00 1.543023e+00 1.551218e+00 1.540346e+00 1.542759e+00 1.542886e+00 1.542510e+00 1.538465e+00 1.532812e+00 1.542047e+00 1.525725e+00 1.542631e+00 1.533500e+00 1.533543e+00 1.525303e+00 1.534342e+00 1.546152e+00 1.538488e+00 1.530347e+00 1.538031e+00 1.526516e+00 1.546305e+00 1.532090e+00 1.530137e+00 1.542612e+00 1.545248e+00 1.527063e+00 1.525638e+00 1.539474e+00 1.543119e+00 1.511915e+00 1.541121e+00 1.541132e+00 1.532103e+00 1.540668e+00 1.544380e+00 1.398907e+00 1.528688e+00 1.539031e+00 1.543951e+00 1.541517e+00 1.543388e+00 1.531765e+00 1.546036e+00 1.530326e+00 1.549810e+00 1.548371e+00 1.544899e+00 1.541609e+00 1.549540e+00 1.539914e+00 1.527847e+00 1.526974e+00 1.535395e+00 1.537981e+00 1.546564e+00 1.531818e+00 1.548635e+00 1.532959e+00 1.544444e+00 1.538337e+00 1.531321e+00 1.533419e+00 1.537520e+00 1.542677e+00 1.536088e+00 1.537041e+00 1.547835e+00 1.530297e+00 1.538463e+00 1.527473e+00 1.544028e+00 1.545455e+00 1.558465e+00 1.528619e+00
1.419445e+00 1.419945e+00 1.422597e+00 1.407701e+00 1.418060e+00 1.407092e+00 1.400356e+00 1.422126e+00 1.420830e+00 1.415448e+00 1.401079e+00 1.423925e+00 1.401013e+00 1.404332e+00 1.403316e+00 1.393027e+00 1.418298e+00 1.407976e+00 1.401551e+00 1.421152e+00 1.417866e+00 1.405437e+00 1.454492e+00 1.420156e+00 1.404403e+00 1.404899e+00 1.404768e+00 1.418163e+00 1.400131e+00 1.424896e+00 1.404721e+00 1.406675e+00 1.404513e+00 1.418543e+00 1.418056e+00 1.423568e+00 1.412632e+00 1.420576e+00 1.422130e+00 1.421103e+00 1.415067e+00 1.410762e+00 1.417760e+00 1.398611e+00 1.419413e+00 1.418255e+00 1.410829e+00 1.403398e+00 1.406666e+00 1.418825e+00 1.423254e+00 1.403355e+00 1.412687e+00 1.398405e+00 1.420949e+00 1.402614e+00 1.403036e+00 1.422774e+00 1.423127e+00 1.400714e+00 1.401538e+00 1.417596e+00 1.422459e+00 1.265407e+00 1.419105e+00 1.416613e+00 1.405131e+00 1.416558e+00 1.423147e+00 1.584699e+00 1.403417e+00 1.420734e+00 1.418851e+00 1.417080e+00 1.422798e+00 1.410790e+00 1.423208e+00 1.402241e+00 1.417277e+00 1.417414e+00 1.415819e+00 1.424550e+00 1.427101e+00 1.421041e+00 1.403864e+00 1.397549e+00 1.409914e+00 1.413868e+00 1.418957e+00 1.419994e+00 1.423641e+00 1.420690e+00 1.422031e+00 1.410904e+00 1.408669e+00 1.407583e+00 1.410396e+00 1.416804e+00 1.422793e+00 1.415109e+00 1.419546e+00 1.396852e+00 1.419349e+00 1.403001e+00 1.422063e+00 1.415494e+00 1.449668e+00 1.401855e+00
1.359835e+00 1.354214e+00 1.364671e+00 1.344133e+00 1.361128e+00 1.344184e+00 1.338799e+00 1.365405e+00 1.365642e+00 1.353043e+00 1.337990e+00 1.358739e+00 1.342658e+00 1.336997e+00 1.341667e+00 1.338291e+00 1.363329e+00 1.343959e+00 1.334709e+00 1.360527e+00 1.358679e+00 1.340668e+00 1.324679e+00 1.363729e+00 1.342950e+00 1.340261e+00 1.346621e+00 1.360501e+00 1.343497e+00 1.362963e+00 1.341874e+00 1.354016e+00 1.343979e+00 1.359939e+00 1.361008e+00 1.354394e+00 1.356438e+00 1.364015e+00 1.365794e+00 1.356120e+00 1.357739e+00 1.347860e+00 1.359414e+00 1.339324e+00 1.366964e+00 1.364394e+00 1.352335e+00 1.338952e+00 1.346988e+00 1.361145e+00 1.367090e+00 1.347080e+00 1.355611e+00 1.340338e+00 1.360763e+00 1.339580e+00 1.341280e+00 1.364965e+00 1.358229e+00 1.344228e+00 1.336086e+00 1.363679e+00 1.358599e+00 1.380444e+00 1.363726e+00 1.361641e+00 1.340058e+00 1.357724e+00 1.363044e+00 1.278689e+00 1.333312e+00 1.354725e+00 1.360693e+00 1.364545e+00 1.364057e+00 1.345356e+00 1.364446e+00 1.344708e+00 1.362835e+00 1.361736e+00 1.366161e+00 1.364494e+00 1.368815e+00 1.357259e+00 1.336285e+00 1.338902e+00 1.349239e+00 1.354365e+00 1.359786e+00 1.363563e+00 1.367125e+00 1.357329e+00 1.366460e+00 1.352406e+00 1.350830e+00 1.348317e+00 1.356219e+00 1.365450e+00 1.363243e+00 1.353195e+00 1.358107e+00 1.336871e+00 1.361905e+00 1.342793e+00 1.360720e+00 1.364781e+00 1.341942e+00 1.342694e+00
