# Version 0.0
# Data /lustre/isaac24/proj/UTK0244/cbaillar/Bayes_HEP/Detroit_tune_Project/input/Data/Data__200__pp__STAR_2019_I1771348__d01-x01-y03.dat
# Observable: $ \langle \frac{dN_{ch}}{d\eta d\phi} \rangle$
# Subobservable: Leading jet $p_{T} [GeV/c]$
# Design Design_Rivet.dat
# design_point1 design_point2 design_point3 design_point4 design_point5 design_point6 design_point7 design_point8 design_point9 design_point10 design_point11 design_point12 design_point13 design_point14 design_point15 design_point16 design_point17 design_point18 design_point19 design_point20 design_point21 design_point22 design_point23 design_point24 design_point25 design_point26 design_point27 design_point28 design_point29 design_point30 design_point31 design_point32 design_point33 design_point34 design_point35 design_point36 design_point37 design_point38 design_point39 design_point40 design_point41 design_point42 design_point43 design_point44 design_point45 design_point46 design_point47 design_point48 design_point49 design_point50 design_point51 design_point52 design_point53 design_point54 design_point55 design_point56 design_point57 design_point58 design_point59 design_point60 design_point61 design_point62 design_point63 design_point64 design_point65 design_point66 design_point67 design_point68 design_point69 design_point70 design_point71 design_point72 design_point73 design_point74 design_point75 design_point76 design_point77 design_point78 design_point79 design_point80 design_point81 design_point82 design_point83 design_point84 design_point85 design_point86 design_point87 design_point88 design_point89 design_point90 design_point91 design_point92 design_point93 design_point94 design_point95 design_point96 design_point97 design_point98 design_point99 design_point100 design_point101 design_point102 design_point103 design_point104 design_point105 design_point106 design_point107 design_point108
4.916767e-01 5.909316e-01 3.627281e-01 9.861540e-01 5.090428e-01 1.055036e+00 1.631221e+00 3.727143e-01 4.178962e-01 7.576408e-01 1.533741e+00 4.390852e-01 1.164360e+00 1.639970e+00 1.488033e+00 1.640471e+00 5.423450e-01 1.624655e+00 1.585460e+00 4.580517e-01 4.581887e-01 1.544204e+00 1.473849e+00 3.884834e-01 1.217681e+00 1.612411e+00 1.343141e+00 3.951630e-01 1.610291e+00 3.742407e-01 1.075997e+00 1.201938e+00 1.792081e+00 4.545955e-01 5.567379e-01 1.520202e+00 7.824435e-01 3.532260e-01 3.845153e-01 4.450354e-01 5.210003e-01 8.394999e-01 4.552453e-01 1.604887e+00 4.394055e-01 4.789865e-01 1.487156e+00 1.514959e+00 1.362386e+00 5.068783e-01 4.722657e-01 1.501189e+00 6.158978e-01 1.614484e+00 4.730481e-01 1.322931e+00 1.352808e+00 4.079987e-01 3.626878e-01 1.124853e+00 1.574529e+00 4.434517e-01 3.965686e-01 1.465432e+00 4.571285e-01 4.870184e-01 1.602063e+00 4.147842e-01 3.879719e-01 1.491268e+00 1.600339e+00 6.257172e-01 4.737664e-01 3.812383e-01 3.579381e-01 1.247410e+00 3.609730e-01 1.555071e+00 4.329899e-01 4.456371e-01 3.850850e-01 3.819719e-01 1.512392e+00 8.498563e-01 1.565087e+00 1.402054e+00 8.410454e-01 7.434361e-01 4.539246e-01 5.178739e-01 3.563033e-01 5.953263e-01 4.252039e-01 7.382132e-01 9.285791e-01 8.602431e-01 8.016145e-01 4.210904e-01 4.115590e-01 6.432740e-01 3.835497e-01 1.546224e+00 4.519656e-01 1.694499e+00 3.617713e-01 4.151369e-01 1.500497e+00 1.520872e+00
4.875271e-01 5.890553e-01 3.616899e-01 1.019816e+00 5.182649e-01 1.093801e+00 1.744981e+00 3.841607e-01 4.221597e-01 7.589518e-01 1.638110e+00 4.395148e-01 1.222689e+00 1.764941e+00 1.614572e+00 1.762059e+00 5.416334e-01 1.756263e+00 1.702505e+00 4.487472e-01 4.580827e-01 1.649849e+00 1.564735e+00 3.817396e-01 1.286447e+00 1.770911e+00 1.462358e+00 4.076475e-01 1.739939e+00 3.761886e-01 1.123813e+00 1.460304e+00 1.924930e+00 4.557104e-01 5.485378e-01 1.617617e+00 7.784816e-01 3.593344e-01 3.878440e-01 4.488727e-01 5.249310e-01 8.541306e-01 4.612257e-01 1.717061e+00 4.285821e-01 4.774648e-01 1.628233e+00 1.620910e+00 1.553385e+00 5.011905e-01 4.629677e-01 1.714486e+00 6.162332e-01 1.728331e+00 4.709301e-01 1.406072e+00 1.434565e+00 4.153118e-01 3.671140e-01 1.177362e+00 1.695272e+00 4.356295e-01 4.058451e-01 1.560583e+00 4.465063e-01 4.858753e-01 1.732773e+00 4.113434e-01 3.830323e-01 1.576301e+00 1.718398e+00 6.176060e-01 4.735839e-01 3.728087e-01 3.702346e-01 1.324171e+00 3.619262e-01 1.658671e+00 4.316805e-01 4.480990e-01 3.898136e-01 3.919936e-01 1.604034e+00 8.740563e-01 1.677352e+00 1.503170e+00 8.586732e-01 7.356753e-01 4.532464e-01 5.278600e-01 3.622319e-01 5.915537e-01 4.216828e-01 7.430543e-01 9.408601e-01 8.745346e-01 8.134569e-01 4.273712e-01 4.123893e-01 6.456283e-01 3.929039e-01 1.656987e+00 4.489105e-01 1.823537e+00 3.574648e-01 4.133213e-01 1.594114e+00 1.663068e+00
4.776506e-01 5.867152e-01 3.512777e-01 1.009883e+00 4.964693e-01 1.082870e+00 1.798538e+00 3.731394e-01 4.242885e-01 7.621629e-01 1.662573e+00 4.594721e-01 1.230716e+00 1.826607e+00 1.666816e+00 1.817474e+00 5.109288e-01 1.777544e+00 1.751571e+00 4.544066e-01 4.679235e-01 1.689972e+00 1.588440e+00 3.736374e-01 1.296869e+00 1.830505e+00 1.505985e+00 4.119438e-01 1.801713e+00 3.871780e-01 1.113390e+00 1.585708e+00 1.970085e+00 4.354899e-01 5.350509e-01 1.657472e+00 7.746880e-01 3.668388e-01 3.805879e-01 4.456882e-01 5.211375e-01 8.357847e-01 4.483037e-01 1.772111e+00 4.379080e-01 4.580143e-01 1.665292e+00 1.663596e+00 1.635269e+00 4.978692e-01 4.590659e-01 1.811445e+00 5.879961e-01 1.778789e+00 4.661543e-01 1.438810e+00 1.458140e+00 4.031973e-01 3.880872e-01 1.189829e+00 1.753277e+00 4.200482e-01 3.957993e-01 1.617409e+00 4.445293e-01 4.810488e-01 1.786673e+00 4.026516e-01 3.730194e-01 1.631773e+00 1.770254e+00 6.213368e-01 4.638288e-01 3.848810e-01 3.827260e-01 1.334512e+00 3.695077e-01 1.704225e+00 4.339197e-01 4.621492e-01 4.078057e-01 3.842064e-01 1.650054e+00 8.592504e-01 1.715445e+00 1.541513e+00 8.588949e-01 6.888499e-01 4.440573e-01 4.832699e-01 3.703970e-01 5.752812e-01 4.184814e-01 7.335275e-01 9.177935e-01 8.639801e-01 7.745987e-01 4.276196e-01 4.024929e-01 6.251939e-01 3.781093e-01 1.700706e+00 4.574828e-01 1.869965e+00 3.570652e-01 4.010276e-01 1.623085e+00 1.731121e+00
4.797385e-01 5.469022e-01 3.362493e-01 9.563887e-01 4.948935e-01 1.036169e+00 1.778243e+00 3.837908e-01 3.987916e-01 7.127121e-01 1.649642e+00 4.197935e-01 1.209554e+00 1.836275e+00 1.645722e+00 1.827882e+00 4.824146e-01 1.734039e+00 1.750704e+00 4.637446e-01 4.093209e-01 1.652502e+00 1.572571e+00 3.658375e-01 1.218924e+00 1.841412e+00 1.489982e+00 3.815256e-01 1.803549e+00 3.758171e-01 1.081209e+00 1.535641e+00 1.928878e+00 4.396766e-01 5.006427e-01 1.590469e+00 7.149424e-01 3.930121e-01 4.033272e-01 4.262516e-01 5.145602e-01 7.797650e-01 4.680016e-01 1.772838e+00 4.316805e-01 4.769874e-01 1.616849e+00 1.665314e+00 1.583983e+00 4.784275e-01 4.445362e-01 1.829692e+00 5.941229e-01 1.777487e+00 4.457208e-01 1.394309e+00 1.451106e+00 3.914828e-01 3.885751e-01 1.140146e+00 1.741857e+00 4.415617e-01 4.067115e-01 1.499674e+00 4.985430e-01 4.970921e-01 1.805695e+00 4.147861e-01 3.703288e-01 1.493954e+00 1.782834e+00 6.238509e-01 4.365513e-01 3.903086e-01 3.619658e-01 1.261537e+00 3.797322e-01 1.697618e+00 4.343042e-01 4.374563e-01 4.114324e-01 3.698473e-01 1.588266e+00 7.519373e-01 1.698356e+00 1.532277e+00 8.450408e-01 6.457176e-01 4.657431e-01 4.935901e-01 3.660886e-01 5.319329e-01 4.262459e-01 7.035184e-01 8.704815e-01 8.571497e-01 7.478580e-01 4.159269e-01 4.153853e-01 6.123014e-01 4.018134e-01 1.681993e+00 4.386217e-01 1.871342e+00 3.669997e-01 4.086619e-01 1.573021e+00 1.752797e+00
4.470382e-01 5.071006e-01 3.556626e-01 8.383722e-01 4.533726e-01 9.443973e-01 1.595479e+00 3.366127e-01 4.489207e-01 6.788445e-01 1.385584e+00 4.492277e-01 1.079228e+00 1.739560e+00 1.498113e+00 1.625989e+00 5.446807e-01 1.435342e+00 1.580044e+00 4.886206e-01 3.623617e-01 1.480141e+00 1.341841e+00 3.813896e-01 1.112300e+00 1.645591e+00 1.367563e+00 4.501101e-01 1.676679e+00 3.244312e-01 9.336342e-01 1.316848e+00 1.788122e+00 4.060912e-01 5.126877e-01 1.482769e+00 6.402369e-01 3.933659e-01 3.949125e-01 5.140274e-01 5.031350e-01 7.538058e-01 4.470807e-01 1.746644e+00 3.548725e-01 5.119484e-01 1.371349e+00 1.508385e+00 1.413966e+00 4.283797e-01 4.075919e-01 1.575455e+00 5.638632e-01 1.749614e+00 5.103934e-01 1.324843e+00 1.342670e+00 3.944275e-01 3.728518e-01 1.046012e+00 1.677567e+00 4.125919e-01 3.960788e-01 1.395667e+00 4.154862e-01 5.409809e-01 1.730643e+00 3.604391e-01 3.843010e-01 1.531866e+00 1.698411e+00 5.352828e-01 4.018662e-01 3.354341e-01 3.707971e-01 1.132186e+00 3.661913e-01 1.575993e+00 4.531044e-01 4.549429e-01 3.890454e-01 3.593551e-01 1.527887e+00 7.106453e-01 1.582455e+00 1.436670e+00 7.779384e-01 5.791472e-01 4.151868e-01 4.712907e-01 4.267342e-01 5.178954e-01 4.685403e-01 6.100939e-01 8.937162e-01 6.713444e-01 6.492913e-01 3.805537e-01 4.269637e-01 5.987879e-01 3.705326e-01 1.541977e+00 4.195903e-01 1.745382e+00 3.347444e-01 4.025684e-01 1.381600e+00 1.665020e+00
4.774648e-01 3.840477e-01 2.387324e-01 7.864126e-01 6.067782e-01 7.261444e-01 1.602918e+00 4.774648e-01 2.536532e-01 6.047888e-01 1.165576e+00 2.949047e-01 1.283187e+00 1.437368e+00 1.220188e+00 1.781759e+00 6.427411e-01 1.193662e+00 1.695000e+00 3.791632e-01 3.069416e-01 1.336901e+00 2.387324e+00 4.604125e-01 1.002676e+00 1.341114e+00 1.098169e+00 3.978874e-01 1.534708e+00 4.272054e-01 7.534991e-01 1.378137e+00 1.462236e+00 3.410463e-01 4.509390e-01 1.120206e+00 6.067782e-01 2.938245e-01 2.527755e-01 2.728370e-01 4.900297e-01 7.389337e-01 6.843662e-01 1.317449e+00 6.510884e-01 4.476232e-01 1.070445e+00 1.551761e+00 1.201123e+00 7.596031e-01 3.023944e-01 1.558392e+00 3.580986e-01 1.618904e+00 3.689500e-01 1.070445e+00 1.247569e+00 2.698714e-01 4.123560e-01 1.074296e+00 1.392606e+00 3.363956e-01 4.177818e-01 1.472183e+00 5.703051e-01 4.015045e-01 1.432394e+00 1.519206e-01 2.834947e-01 1.790493e+00 1.333788e+00 5.073063e-01 4.509390e-01 4.327025e-01 3.510770e-01 1.078717e+00 3.672806e-01 1.074296e+00 4.397702e-01 3.392513e-01 3.410463e-01 4.591007e-01 1.497503e+00 5.642766e-01 1.595738e+00 1.295976e+00 6.650403e-01 9.350352e-01 6.138833e-01 4.575704e-01 4.433602e-01 5.286218e-01 5.115694e-01 7.379001e-01 8.753522e-01 7.048290e-01 7.048290e-01 3.580986e-01 3.183099e-01 2.898894e-01 2.387324e-01 1.624707e+00 3.580986e-01 1.508355e+00 5.325569e-01 2.984155e-01 1.475800e+00 1.442774e+00
