# Version 0.0
# Data /lustre/isaac24/proj/UTK0244/cbaillar/Bayes_HEP/Detroit_tune_Project/input/Data/Data__200__pp__STAR_2020_I1783875__d10-x01-y01.dat
# Observable: $1/N_{jets}$
# Subobservable: $R_{g}$
# Design Design_Rivet.dat
# design_point1 design_point2 design_point3 design_point4 design_point5 design_point6 design_point7 design_point8 design_point9 design_point10 design_point11 design_point12 design_point13 design_point14 design_point15 design_point16 design_point17 design_point18 design_point19 design_point20 design_point21 design_point22 design_point23 design_point24 design_point25 design_point26 design_point27 design_point28 design_point29 design_point30 design_point31 design_point32 design_point33 design_point34 design_point35 design_point36 design_point37 design_point38 design_point39 design_point40 design_point41 design_point42 design_point43 design_point44 design_point45 design_point46 design_point47 design_point48 design_point49 design_point50 design_point51 design_point52 design_point53 design_point54 design_point55 design_point56 design_point57 design_point58 design_point59 design_point60 design_point61 design_point62 design_point63 design_point64 design_point65 design_point66 design_point67 design_point68 design_point69 design_point70 design_point71 design_point72 design_point73 design_point74 design_point75 design_point76 design_point77 design_point78 design_point79 design_point80 design_point81 design_point82 design_point83 design_point84 design_point85 design_point86 design_point87 design_point88 design_point89 design_point90 design_point91 design_point92 design_point93 design_point94 design_point95 design_point96 design_point97 design_point98 design_point99 design_point100 design_point101 design_point102 design_point103 design_point104 design_point105 design_point106 design_point107 design_point108
1.110815e-03 1.103073e-03 1.121422e-03 1.053683e-03 1.108849e-03 1.047024e-03 1.020312e-03 1.121794e-03 1.117446e-03 1.077391e-03 1.007338e-03 1.114889e-03 1.038351e-03 1.017493e-03 1.012119e-03 1.010987e-03 1.101512e-03 1.050600e-03 1.007190e-03 1.571504e-03 1.565298e-03 1.446107e-03 3.731851e-02 1.582727e-03 1.462629e-03 1.464497e-03 1.461567e-03 1.117845e-03 1.007510e-03 1.121932e-03 1.041714e-03 1.066306e-03 1.044996e-03 1.114980e-03 1.106515e-03 1.374653e-03 1.108259e-03 1.121219e-03 1.126821e-03 1.114401e-03 1.103092e-03 1.061761e-03 1.116817e-03 9.968144e-04 1.117359e-03 1.102734e-03 1.513259e-03 1.413523e-03 1.472567e-03 1.567726e-03 1.572135e-03 1.476809e-03 1.579039e-03 1.399833e-03 1.110865e-03 1.437309e-03 1.436927e-03 1.580187e-03 1.583634e-03 1.466951e-03 1.417627e-03 1.573233e-03 1.594031e-03 6.148985e-02 1.578862e-03 1.564313e-03 1.424273e-03 1.557974e-03 1.585496e-03 4.636766e-02 1.401409e-03 1.550153e-03 1.114036e-03 1.575087e-03 1.581955e-03 1.452503e-03 1.587808e-03 1.422219e-03 1.581429e-03 1.573902e-03 1.584887e-03 7.921524e-04 6.376526e-03 1.549640e-03 1.428411e-03 1.425020e-03 1.510464e-03 1.545979e-03 1.566951e-03 1.576072e-03 9.191777e-04 1.127496e-03 1.114508e-03 1.078979e-03 1.529929e-03 1.497190e-03 1.518686e-03 1.580599e-03 1.585097e-03 1.091650e-03 1.585710e-03 1.417676e-03 1.580071e-03 1.450893e-03 1.595825e-03 1.577513e-03 1.269205e-02 1.427748e-03
2.311549e-03 2.292597e-03 2.345763e-03 2.192174e-03 2.304580e-03 2.181217e-03 2.118007e-03 2.335026e-03 2.331120e-03 2.249225e-03 2.104719e-03 2.323772e-03 2.164414e-03 2.111633e-03 2.118226e-03 2.095930e-03 2.294041e-03 2.190902e-03 2.113012e-03 3.274667e-03 3.274744e-03 3.032550e-03 7.556423e-02 3.297611e-03 3.059056e-03 3.052499e-03 3.043144e-03 2.336589e-03 2.102456e-03 2.338529e-03 2.173503e-03 2.222014e-03 2.167994e-03 2.323590e-03 2.305102e-03 2.864167e-03 2.309831e-03 2.340177e-03 2.350402e-03 2.317759e-03 2.297758e-03 2.225972e-03 2.317125e-03 2.087167e-03 2.323506e-03 2.312197e-03 3.142432e-03 2.958111e-03 3.086819e-03 3.270756e-03 3.272878e-03 3.093447e-03 3.286432e-03 2.938403e-03 2.314496e-03 3.012413e-03 2.995236e-03 3.291817e-03 3.303828e-03 3.086834e-03 2.959768e-03 3.278564e-03 3.327336e-03 1.294003e-01 3.284460e-03 3.270845e-03 2.975964e-03 3.259127e-03 3.299753e-03 9.986704e-02 2.933543e-03 3.234357e-03 2.310324e-03 3.289898e-03 3.306195e-03 3.040122e-03 3.305143e-03 2.974910e-03 3.304217e-03 3.294327e-03 3.292370e-03 1.651059e-03 1.288732e-02 3.230347e-03 2.964685e-03 2.980234e-03 3.142815e-03 3.226831e-03 3.279557e-03 3.298440e-03 1.914083e-03 2.343271e-03 2.326316e-03 2.256187e-03 3.186275e-03 3.146086e-03 3.171610e-03 3.279868e-03 3.311329e-03 2.273304e-03 3.293490e-03 2.954841e-03 3.286951e-03 3.014934e-03 3.333728e-03 3.283406e-03 2.538911e-02 2.988164e-03
3.322303e-03 3.299178e-03 3.368863e-03 3.185915e-03 3.320721e-03 3.175505e-03 3.084291e-03 3.352214e-03 3.346355e-03 3.260614e-03 3.076865e-03 3.339039e-03 3.153869e-03 3.073609e-03 3.092220e-03 3.059483e-03 3.304328e-03 3.170995e-03 3.090341e-03 4.717200e-03 4.704756e-03 4.416108e-03 1.079983e-01 4.738710e-03 4.439419e-03 4.429973e-03 4.429117e-03 3.359303e-03 3.074261e-03 3.357566e-03 3.163473e-03 3.221051e-03 3.128669e-03 3.345181e-03 3.312887e-03 4.203464e-03 3.327707e-03 3.357019e-03 3.376381e-03 3.337135e-03 3.306932e-03 3.223167e-03 3.335253e-03 3.050370e-03 3.329965e-03 3.325049e-03 4.539644e-03 4.326588e-03 4.474799e-03 4.703599e-03 4.718432e-03 4.496775e-03 4.726587e-03 4.294944e-03 3.331470e-03 4.388209e-03 4.372840e-03 4.723000e-03 4.739580e-03 4.487039e-03 4.318476e-03 4.715069e-03 4.768942e-03 1.739196e-01 4.716474e-03 4.704807e-03 4.339329e-03 4.685183e-03 4.738799e-03 1.480461e-01 4.303059e-03 4.658866e-03 3.329463e-03 4.729631e-03 4.744453e-03 4.422004e-03 4.744883e-03 4.344842e-03 4.750524e-03 4.729839e-03 4.737693e-03 2.369892e-03 1.908402e-02 4.663006e-03 4.343600e-03 4.360008e-03 4.557917e-03 4.645100e-03 4.711902e-03 4.743243e-03 2.741609e-03 3.372188e-03 3.343890e-03 3.258745e-03 4.614368e-03 4.548391e-03 4.579266e-03 4.719270e-03 4.754384e-03 3.276969e-03 4.744503e-03 4.322487e-03 4.734299e-03 4.382859e-03 4.778942e-03 4.725002e-03 3.790198e-02 4.367239e-03
3.895147e-03 3.871933e-03 3.919944e-03 3.788204e-03 3.889110e-03 3.779811e-03 3.704777e-03 3.916390e-03 3.904400e-03 3.840252e-03 3.699641e-03 3.900336e-03 3.769059e-03 3.686760e-03 3.707269e-03 3.679144e-03 3.877819e-03 3.767008e-03 3.722670e-03 5.520325e-03 5.506120e-03 5.308963e-03 1.242628e-01 5.531528e-03 5.308282e-03 5.282880e-03 5.298717e-03 3.916035e-03 3.688300e-03 3.913419e-03 3.768582e-03 3.814060e-03 3.723989e-03 3.913152e-03 3.882254e-03 5.093120e-03 3.909429e-03 3.913765e-03 3.936736e-03 3.902122e-03 3.879519e-03 3.818204e-03 3.894392e-03 3.676255e-03 3.894095e-03 3.888319e-03 5.362431e-03 5.203886e-03 5.329929e-03 5.495730e-03 5.504551e-03 5.354446e-03 5.538540e-03 5.187893e-03 3.897042e-03 5.262355e-03 5.250470e-03 5.517431e-03 5.524321e-03 5.352954e-03 5.209867e-03 5.514006e-03 5.569947e-03 2.271204e-01 5.507222e-03 5.507653e-03 5.221141e-03 5.486565e-03 5.533211e-03 1.682493e-01 5.193448e-03 5.465094e-03 3.897220e-03 5.521909e-03 5.529514e-03 5.287214e-03 5.538674e-03 5.224542e-03 5.552204e-03 5.527772e-03 5.529630e-03 2.770212e-03 2.332454e-02 5.476333e-03 5.218314e-03 5.243523e-03 5.402618e-03 5.458747e-03 5.512999e-03 5.542044e-03 3.196282e-03 3.949044e-03 3.904365e-03 3.840557e-03 5.449960e-03 5.387646e-03 5.410951e-03 5.513187e-03 5.557281e-03 3.857499e-03 5.525495e-03 5.199177e-03 5.525168e-03 5.240378e-03 5.572717e-03 5.525119e-03 4.461582e-02 5.260535e-03
4.075847e-03 4.066645e-03 4.078516e-03 4.036341e-03 4.066936e-03 4.035659e-03 3.994616e-03 4.071850e-03 4.072583e-03 4.051655e-03 4.005149e-03 4.072939e-03 4.043548e-03 3.991806e-03 4.004818e-03 3.989458e-03 4.062920e-03 4.018461e-03 4.027938e-03 5.754286e-03 5.759209e-03 5.741378e-03 1.379397e-01 5.766638e-03 5.691807e-03 5.681801e-03 5.683594e-03 4.082084e-03 3.994278e-03 4.075198e-03 4.028088e-03 4.036750e-03 3.994178e-03 4.083127e-03 4.067038e-03 5.577316e-03 4.108319e-03 4.069555e-03 4.104148e-03 4.074243e-03 4.071292e-03 4.051672e-03 4.071869e-03 3.993012e-03 4.067946e-03 4.067206e-03 5.693904e-03 5.652982e-03 5.690035e-03 5.754152e-03 5.761594e-03 5.744048e-03 5.811641e-03 5.642825e-03 4.072415e-03 5.676581e-03 5.673757e-03 5.755061e-03 5.753371e-03 5.738732e-03 5.643440e-03 5.745701e-03 5.801199e-03 2.247296e-01 5.750492e-03 5.755831e-03 5.652192e-03 5.747570e-03 5.760662e-03 1.902393e-01 5.648602e-03 5.744521e-03 4.069520e-03 5.762714e-03 5.758051e-03 5.680571e-03 5.753681e-03 5.654261e-03 5.790438e-03 5.770359e-03 5.760609e-03 2.878271e-03 2.588687e-02 5.742686e-03 5.649179e-03 5.662472e-03 5.726076e-03 5.735793e-03 5.752404e-03 5.799157e-03 3.326107e-03 4.128819e-03 4.070228e-03 4.057393e-03 5.776467e-03 5.724997e-03 5.727405e-03 5.749547e-03 5.785024e-03 4.063743e-03 5.751670e-03 5.643644e-03 5.772115e-03 5.653128e-03 5.796489e-03 5.759434e-03 4.864872e-02 5.693938e-03
4.247285e-03 4.258585e-03 4.224312e-03 4.320657e-03 4.242100e-03 4.325767e-03 4.369332e-03 4.225107e-03 4.230938e-03 4.285561e-03 4.373768e-03 4.237999e-03 4.368547e-03 4.371877e-03 4.362296e-03 4.379568e-03 4.244281e-03 4.328502e-03 4.406646e-03 6.003679e-03 5.989692e-03 6.271592e-03 1.558913e-01 5.978502e-03 6.142105e-03 6.177399e-03 6.139569e-03 4.236958e-03 4.379713e-03 4.228269e-03 4.325622e-03 4.295203e-03 4.347884e-03 4.251144e-03 4.250123e-03 6.181436e-03 4.310053e-03 4.216937e-03 4.241795e-03 4.242727e-03 4.249238e-03 4.298286e-03 4.237725e-03 4.378887e-03 4.228381e-03 4.240054e-03 6.086368e-03 6.187791e-03 6.113344e-03 5.998861e-03 6.000128e-03 6.191662e-03 6.074043e-03 6.213958e-03 4.243283e-03 6.165336e-03 6.175735e-03 5.981224e-03 5.970837e-03 6.171528e-03 6.198606e-03 5.982220e-03 6.014017e-03 2.545921e-01 5.983112e-03 5.998083e-03 6.190235e-03 5.997062e-03 5.977363e-03 2.117795e-01 6.225606e-03 6.024558e-03 4.242892e-03 5.961367e-03 5.961918e-03 6.143598e-03 5.959086e-03 6.176537e-03 6.014919e-03 5.993467e-03 5.973696e-03 2.990000e-03 2.875989e-02 6.027363e-03 6.194407e-03 6.179946e-03 6.081657e-03 6.034434e-03 5.993702e-03 6.033244e-03 3.445949e-03 4.301155e-03 4.233226e-03 4.284050e-03 6.137217e-03 6.079922e-03 6.060937e-03 5.973269e-03 6.005041e-03 4.275486e-03 5.975888e-03 6.196971e-03 6.006709e-03 6.180320e-03 5.998704e-03 5.990317e-03 5.426680e-02 6.235500e-03
4.050067e-03 4.075462e-03 4.008570e-03 4.205858e-03 4.052538e-03 4.221549e-03 4.335917e-03 4.014901e-03 4.017919e-03 4.127413e-03 4.340064e-03 4.038085e-03 4.288946e-03 4.350564e-03 4.322028e-03 4.363147e-03 4.067036e-03 4.236775e-03 4.379924e-03 5.720545e-03 5.712160e-03 6.214770e-03 1.571149e-01 5.680271e-03 6.026985e-03 6.102630e-03 6.038282e-03 4.028063e-03 4.357604e-03 4.011659e-03 4.232648e-03 4.172517e-03 4.280376e-03 4.046226e-03 4.057192e-03 6.227351e-03 4.120820e-03 4.005107e-03 4.027414e-03 4.037452e-03 4.059982e-03 4.161810e-03 4.038922e-03 4.369777e-03 4.030291e-03 4.043992e-03 5.927788e-03 6.162887e-03 5.979202e-03 5.725466e-03 5.720174e-03 6.072083e-03 5.811388e-03 6.210202e-03 4.049080e-03 6.090705e-03 6.104623e-03 5.688824e-03 5.665372e-03 6.037218e-03 6.169850e-03 5.692576e-03 5.706766e-03 2.649880e-01 5.703098e-03 5.733244e-03 6.155249e-03 5.713372e-03 5.672157e-03 2.149979e-01 6.225695e-03 5.775173e-03 4.048727e-03 5.667212e-03 5.660489e-03 6.054316e-03 5.658186e-03 6.132985e-03 5.716329e-03 5.701736e-03 5.681207e-03 2.838669e-03 2.912902e-02 5.779387e-03 6.146251e-03 6.125484e-03 5.889942e-03 5.794396e-03 5.713660e-03 5.749695e-03 3.268615e-03 4.105011e-03 4.027660e-03 4.126569e-03 5.942521e-03 5.898808e-03 5.860105e-03 5.687550e-03 5.707278e-03 4.103345e-03 5.673716e-03 6.178669e-03 5.716377e-03 6.124433e-03 5.691080e-03 5.693188e-03 5.426913e-02 6.186993e-03
2.959024e-03 2.975032e-03 2.919181e-03 3.088429e-03 2.956603e-03 3.095771e-03 3.180621e-03 2.925984e-03 2.930084e-03 3.016131e-03 3.190808e-03 2.946049e-03 3.149915e-03 3.198523e-03 3.183668e-03 3.214591e-03 2.968474e-03 3.101261e-03 3.229289e-03 4.181518e-03 4.161410e-03 4.570723e-03 1.188201e-01 4.146402e-03 4.427453e-03 4.477324e-03 4.443500e-03 2.937001e-03 3.213280e-03 2.922194e-03 3.106180e-03 3.063870e-03 3.114209e-03 2.948303e-03 2.963439e-03 4.600106e-03 3.012251e-03 2.918725e-03 2.937528e-03 2.953323e-03 2.965648e-03 3.050504e-03 2.946838e-03 3.217452e-03 2.941423e-03 2.949857e-03 4.341614e-03 4.544960e-03 4.400727e-03 4.178343e-03 4.165675e-03 4.463677e-03 4.224536e-03 4.577538e-03 2.953226e-03 4.481050e-03 4.498067e-03 4.145556e-03 4.135023e-03 4.426262e-03 4.557863e-03 4.153909e-03 4.156610e-03 1.880941e-01 4.156105e-03 4.177991e-03 4.534683e-03 4.174582e-03 4.139578e-03 1.608081e-01 4.604036e-03 4.214868e-03 2.951150e-03 4.127197e-03 4.129168e-03 4.444303e-03 4.127413e-03 4.517769e-03 4.171066e-03 4.163274e-03 4.141240e-03 2.069139e-03 2.167253e-02 4.219814e-03 4.527620e-03 4.509513e-03 4.305883e-03 4.229460e-03 4.175604e-03 4.196314e-03 2.390181e-03 2.993421e-03 2.940441e-03 3.017196e-03 4.335078e-03 4.316328e-03 4.286562e-03 4.157709e-03 4.163869e-03 3.000603e-03 4.146139e-03 4.555023e-03 4.168749e-03 4.487730e-03 4.148249e-03 4.157276e-03 3.996104e-02 4.562103e-03
5.643313e-04 5.751503e-04 5.611408e-04 5.922056e-04 5.679275e-04 6.003342e-04 6.117530e-04 5.642964e-04 5.641113e-04 5.817393e-04 6.175056e-04 5.692036e-04 6.065241e-04 6.218235e-04 6.175807e-04 6.278176e-04 5.713390e-04 5.966291e-04 6.179546e-04 8.034902e-04 8.039339e-04 8.819859e-04 2.503403e-02 7.917779e-04 8.565988e-04 8.617266e-04 8.595830e-04 5.648937e-04 6.190550e-04 5.616478e-04 6.038374e-04 5.904149e-04 6.025029e-04 5.654254e-04 5.684163e-04 9.144192e-04 5.752203e-04 5.627219e-04 5.637618e-04 5.677680e-04 5.723274e-04 5.856268e-04 5.640398e-04 6.207194e-04 5.596865e-04 5.658691e-04 8.416968e-04 8.791295e-04 8.534073e-04 8.027526e-04 8.004997e-04 8.629486e-04 8.090847e-04 8.883664e-04 5.704532e-04 8.662383e-04 8.703562e-04 7.983234e-04 7.909033e-04 8.530733e-04 8.850431e-04 7.984457e-04 7.964394e-04 3.674721e-02 8.008782e-04 8.039237e-04 8.813648e-04 8.007419e-04 7.884139e-04 3.091177e-02 8.888779e-04 8.057376e-04 5.688091e-04 7.910512e-04 7.944530e-04 8.617010e-04 7.934114e-04 8.694162e-04 7.981725e-04 7.987361e-04 7.994216e-04 3.966278e-04 4.337790e-03 8.080292e-04 8.782394e-04 8.723617e-04 8.307730e-04 8.078190e-04 7.990389e-04 8.014657e-04 4.568570e-04 5.731291e-04 5.654293e-04 5.813229e-04 8.306685e-04 8.286303e-04 8.192761e-04 7.929416e-04 7.967997e-04 5.767594e-04 7.887615e-04 8.861042e-04 7.970969e-04 8.610953e-04 7.889438e-04 7.967695e-04 7.944302e-03 8.855873e-04
