# Version 0.0
# Data /lustre/isaac24/proj/UTK0244/cbaillar/Bayes_HEP/Detroit_tune_Project/input/Data/Data__200__pp__STAR_2020_I1783875__d33-x01-y01.dat
# Observable: $1/N_{jets}$
# Subobservable: $R_{g}$
# Design Design_Rivet.dat
# design_point1 design_point2 design_point3 design_point4 design_point5 design_point6 design_point7 design_point8 design_point9 design_point10 design_point11 design_point12 design_point13 design_point14 design_point15 design_point16 design_point17 design_point18 design_point19 design_point20 design_point21 design_point22 design_point23 design_point24 design_point25 design_point26 design_point27 design_point28 design_point29 design_point30 design_point31 design_point32 design_point33 design_point34 design_point35 design_point36 design_point37 design_point38 design_point39 design_point40 design_point41 design_point42 design_point43 design_point44 design_point45 design_point46 design_point47 design_point48 design_point49 design_point50 design_point51 design_point52 design_point53 design_point54 design_point55 design_point56 design_point57 design_point58 design_point59 design_point60 design_point61 design_point62 design_point63 design_point64 design_point65 design_point66 design_point67 design_point68 design_point69 design_point70 design_point71 design_point72 design_point73 design_point74 design_point75 design_point76 design_point77 design_point78 design_point79 design_point80 design_point81 design_point82 design_point83 design_point84 design_point85 design_point86 design_point87 design_point88 design_point89 design_point90 design_point91 design_point92 design_point93 design_point94 design_point95 design_point96 design_point97 design_point98 design_point99 design_point100 design_point101 design_point102 design_point103 design_point104 design_point105 design_point106 design_point107 design_point108
8.645928e-01 8.618605e-01 8.707883e-01 8.368159e-01 8.617452e-01 8.353048e-01 8.339951e-01 8.669307e-01 8.652693e-01 8.545717e-01 8.175628e-01 8.662573e-01 8.362535e-01 8.279277e-01 8.267414e-01 8.243281e-01 8.618782e-01 8.449635e-01 8.237812e-01 8.656239e-01 8.619368e-01 8.199627e-01 6.540935e-01 8.705042e-01 8.330165e-01 8.429836e-01 8.327425e-01 8.722398e-01 8.231557e-01 8.703958e-01 8.341063e-01 8.504150e-01 8.511364e-01 8.744317e-01 8.620107e-01 8.223423e-01 8.823935e-01 8.688232e-01 8.792263e-01 8.672717e-01 8.609568e-01 8.455689e-01 8.657058e-01 8.162194e-01 8.672405e-01 8.610944e-01 8.530564e-01 8.163949e-01 8.299742e-01 8.614550e-01 8.617178e-01 8.481301e-01 8.847463e-01 8.144861e-01 8.660637e-01 8.221396e-01 8.273704e-01 8.691182e-01 8.714559e-01 8.468493e-01 8.152042e-01 8.613414e-01 8.788015e-01 7.459536e-01 8.645126e-01 8.636940e-01 8.219964e-01 8.656247e-01 8.649908e-01 8.191770e-01 8.146808e-01 8.634822e-01 8.636218e-01 8.816070e-01 8.619969e-01 8.290818e-01 8.702941e-01 8.145718e-01 8.772979e-01 8.704775e-01 8.680020e-01 8.696865e-01 8.034841e-01 8.618027e-01 8.158983e-01 8.174580e-01 8.444963e-01 8.609319e-01 8.618323e-01 8.757713e-01 8.661212e-01 8.946740e-01 8.667383e-01 8.521422e-01 8.691121e-01 8.427340e-01 8.481875e-01 8.657298e-01 8.761493e-01 8.589719e-01 8.698683e-01 8.186151e-01 8.719818e-01 8.391677e-01 8.757998e-01 8.700447e-01 7.149233e-01 8.285292e-01
3.993201e+00 3.975706e+00 4.021209e+00 3.897818e+00 3.972342e+00 3.891361e+00 3.858601e+00 4.001672e+00 3.998748e+00 3.946510e+00 3.817215e+00 4.000262e+00 3.902027e+00 3.847543e+00 3.843175e+00 3.825745e+00 3.966139e+00 3.903503e+00 3.872153e+00 3.993603e+00 3.990520e+00 3.837525e+00 3.279189e+00 4.002760e+00 3.880811e+00 3.907290e+00 3.873516e+00 4.022318e+00 3.830146e+00 4.011087e+00 3.883502e+00 3.914298e+00 3.914494e+00 4.005084e+00 3.978638e+00 3.841798e+00 4.042323e+00 4.004569e+00 4.042513e+00 3.994433e+00 3.975831e+00 3.926370e+00 3.995424e+00 3.813204e+00 3.984043e+00 3.986330e+00 3.944902e+00 3.827272e+00 3.881678e+00 3.985427e+00 3.991137e+00 3.935262e+00 4.044531e+00 3.795818e+00 3.997756e+00 3.843225e+00 3.849565e+00 4.000280e+00 4.001963e+00 3.928157e+00 3.829539e+00 3.995967e+00 4.048607e+00 3.715693e+00 3.994880e+00 3.995614e+00 3.820653e+00 4.001585e+00 4.007088e+00 3.314458e+00 3.807455e+00 3.970633e+00 3.991180e+00 4.035348e+00 3.998053e+00 3.854910e+00 3.998551e+00 3.826377e+00 4.022580e+00 3.994988e+00 3.996706e+00 4.009931e+00 3.768186e+00 3.969497e+00 3.820091e+00 3.832831e+00 3.922427e+00 3.966545e+00 3.991191e+00 4.037679e+00 4.002347e+00 4.101065e+00 3.995355e+00 3.951556e+00 4.006213e+00 3.916682e+00 3.927678e+00 3.982754e+00 4.026942e+00 3.956738e+00 4.000585e+00 3.826564e+00 4.017321e+00 3.888560e+00 4.046274e+00 3.998732e+00 3.424434e+00 3.860539e+00
7.553415e+00 7.539841e+00 7.554001e+00 7.532265e+00 7.553449e+00 7.535592e+00 7.508558e+00 7.565806e+00 7.554447e+00 7.544803e+00 7.514986e+00 7.563202e+00 7.543024e+00 7.515673e+00 7.512101e+00 7.504386e+00 7.548717e+00 7.523746e+00 7.541438e+00 7.553893e+00 7.559351e+00 7.510930e+00 7.256078e+00 7.561230e+00 7.524266e+00 7.535640e+00 7.522853e+00 7.558594e+00 7.508357e+00 7.567869e+00 7.526481e+00 7.531776e+00 7.509813e+00 7.564180e+00 7.559708e+00 7.514092e+00 7.584880e+00 7.556246e+00 7.579469e+00 7.557875e+00 7.553110e+00 7.533471e+00 7.555674e+00 7.495592e+00 7.547333e+00 7.559022e+00 7.527546e+00 7.508922e+00 7.532562e+00 7.566225e+00 7.564689e+00 7.555533e+00 7.580201e+00 7.500116e+00 7.555108e+00 7.524382e+00 7.506549e+00 7.556873e+00 7.546008e+00 7.531108e+00 7.507702e+00 7.559024e+00 7.569375e+00 7.431386e+00 7.551894e+00 7.549864e+00 7.516674e+00 7.560117e+00 7.558265e+00 7.161193e+00 7.513685e+00 7.551173e+00 7.558469e+00 7.573538e+00 7.561477e+00 7.518117e+00 7.551828e+00 7.499203e+00 7.578948e+00 7.557335e+00 7.563715e+00 7.560011e+00 7.470846e+00 7.552194e+00 7.512807e+00 7.519831e+00 7.540976e+00 7.545916e+00 7.554632e+00 7.580500e+00 7.567586e+00 7.592723e+00 7.560169e+00 7.548483e+00 7.559780e+00 7.529190e+00 7.539125e+00 7.555756e+00 7.574733e+00 7.544810e+00 7.553959e+00 7.509013e+00 7.562160e+00 7.506517e+00 7.587005e+00 7.558191e+00 7.308482e+00 7.530006e+00
7.184180e+00 7.214937e+00 7.147306e+00 7.328624e+00 7.207315e+00 7.335317e+00 7.394232e+00 7.159042e+00 7.173978e+00 7.248078e+00 7.446874e+00 7.166180e+00 7.312612e+00 7.406493e+00 7.414027e+00 7.439411e+00 7.213899e+00 7.318021e+00 7.357381e+00 7.181023e+00 7.181621e+00 7.425395e+00 8.363676e+00 7.158209e+00 7.355180e+00 7.305029e+00 7.369095e+00 7.137684e+00 7.433700e+00 7.142586e+00 7.350380e+00 7.296281e+00 7.317148e+00 7.149297e+00 7.194775e+00 7.418256e+00 7.082792e+00 7.163057e+00 7.088476e+00 7.170116e+00 7.205415e+00 7.287323e+00 7.174717e+00 7.469262e+00 7.193365e+00 7.185248e+00 7.268937e+00 7.443288e+00 7.349243e+00 7.182157e+00 7.174988e+00 7.252106e+00 7.081081e+00 7.484899e+00 7.174873e+00 7.406487e+00 7.410228e+00 7.167517e+00 7.172512e+00 7.287166e+00 7.442522e+00 7.174692e+00 7.093559e+00 7.867699e+00 7.178665e+00 7.183884e+00 7.438250e+00 7.166872e+00 7.163083e+00 8.248396e+00 7.459562e+00 7.208772e+00 7.180450e+00 7.101386e+00 7.170814e+00 7.393479e+00 7.172295e+00 7.454009e+00 7.110969e+00 7.168621e+00 7.166492e+00 7.152362e+00 7.541583e+00 7.210424e+00 7.446880e+00 7.426492e+00 7.286014e+00 7.217921e+00 7.186047e+00 7.097003e+00 7.159198e+00 7.000820e+00 7.170366e+00 7.240182e+00 7.155521e+00 7.306155e+00 7.276937e+00 7.189276e+00 7.115090e+00 7.233071e+00 7.165702e+00 7.443809e+00 7.141984e+00 7.359553e+00 7.083844e+00 7.166995e+00 8.128817e+00 7.376371e+00
9.165372e-02 9.322338e-02 9.247364e-02 9.611675e-02 9.276115e-02 9.559186e-02 9.844343e-02 8.960928e-02 9.099409e-02 9.293881e-02 9.829639e-02 9.066473e-02 9.352430e-02 9.768693e-02 9.760820e-02 9.873921e-02 9.366113e-02 9.590694e-02 9.622691e-02 9.127112e-02 9.293232e-02 9.971512e-02 1.351793e-01 9.114577e-02 9.720256e-02 9.547059e-02 9.801783e-02 9.153913e-02 9.780144e-02 9.124070e-02 9.539813e-02 9.559955e-02 9.610222e-02 9.012275e-02 9.120938e-02 9.891009e-02 8.738499e-02 9.114600e-02 8.951538e-02 9.201236e-02 9.283111e-02 9.609334e-02 9.241406e-02 9.903052e-02 9.183758e-02 9.341821e-02 9.456234e-02 9.887244e-02 9.691202e-02 9.167136e-02 9.212721e-02 9.414637e-02 8.953787e-02 1.008285e-01 9.073027e-02 9.650507e-02 9.762857e-02 9.230864e-02 9.200218e-02 9.424058e-02 9.878784e-02 9.247009e-02 8.863677e-02 5.629838e-02 9.310428e-02 9.221809e-02 9.813080e-02 9.167403e-02 9.182782e-02 1.359003e-01 9.876574e-02 9.301038e-02 9.212063e-02 8.910579e-02 9.149534e-02 9.764205e-02 9.278699e-02 9.875559e-02 8.934539e-02 9.089995e-02 9.232954e-02 9.281572e-02 1.043892e-01 9.106414e-02 9.778321e-02 9.847223e-02 9.527108e-02 9.256162e-02 9.233034e-02 8.764379e-02 9.093916e-02 8.586353e-02 9.301946e-02 9.455818e-02 8.981262e-02 9.523071e-02 9.513728e-02 9.131032e-02 9.029798e-02 9.284190e-02 9.296770e-02 9.926056e-02 9.090426e-02 9.700287e-02 8.767655e-02 9.275430e-02 1.306301e-01 9.689000e-02
