# Version 0.0
# Data /lustre/isaac24/proj/UTK0244/cbaillar/Bayes_HEP/Detroit_tune_Project/input/Data/Data__200__pp__STAR_2006_I709170TEST__d12-x01-y01.dat
# Observable: $1/(2\pi) \, d^2N/(p_\perp dy dp_\perp)$ [GeV$^{-2}$]
# Subobservable: $p_\perp$ [GeV]
# Design Design_Rivet.dat
# design_point1 design_point2 design_point3 design_point4 design_point5 design_point6 design_point7 design_point8 design_point9 design_point10 design_point11 design_point12 design_point13 design_point14 design_point15 design_point16 design_point17 design_point18 design_point19 design_point20 design_point21 design_point22 design_point23 design_point24 design_point25 design_point26 design_point27 design_point28 design_point29 design_point30 design_point31 design_point32 design_point33 design_point34 design_point35 design_point36 design_point37 design_point38 design_point39 design_point40 design_point41 design_point42 design_point43 design_point44 design_point45 design_point46 design_point47 design_point48 design_point49 design_point50 design_point51 design_point52 design_point53 design_point54 design_point55 design_point56 design_point57 design_point58 design_point59 design_point60 design_point61 design_point62 design_point63 design_point64 design_point65 design_point66 design_point67 design_point68 design_point69 design_point70 design_point71 design_point72 design_point73 design_point74 design_point75 design_point76 design_point77 design_point78 design_point79 design_point80 design_point81 design_point82 design_point83 design_point84 design_point85 design_point86 design_point87 design_point88 design_point89 design_point90 design_point91 design_point92 design_point93 design_point94 design_point95 design_point96 design_point97 design_point98 design_point99 design_point100 design_point101 design_point102 design_point103 design_point104 design_point105 design_point106 design_point107 design_point108
3.203225e-02 3.322852e-02 2.952805e-02 4.195836e-02 3.186743e-02 4.111281e-02 6.015941e-02 2.977464e-02 3.072112e-02 3.663789e-02 5.620283e-02 3.101146e-02 4.539729e-02 5.721322e-02 4.665543e-02 5.976916e-02 3.293455e-02 4.320524e-02 5.598304e-02 3.136437e-02 3.137262e-02 5.736903e-02 5.409951e-02 3.023463e-02 4.455697e-02 5.118741e-02 4.072712e-02 3.024290e-02 5.511287e-02 2.976468e-02 4.395681e-02 3.644572e-02 6.683388e-02 3.139270e-02 3.196299e-02 5.579456e-02 3.353904e-02 2.946566e-02 3.013011e-02 3.109405e-02 3.273762e-02 3.867575e-02 3.127335e-02 5.759501e-02 3.101576e-02 3.171095e-02 3.403301e-02 5.277052e-02 3.909539e-02 3.178321e-02 3.170349e-02 4.324947e-02 3.470662e-02 5.921455e-02 3.154692e-02 4.656768e-02 4.929624e-02 3.048787e-02 2.964570e-02 4.381745e-02 4.939269e-02 3.105500e-02 3.007069e-02 5.254110e-02 3.127280e-02 3.194818e-02 5.427670e-02 3.009126e-02 2.994822e-02 5.681967e-02 5.661552e-02 3.505136e-02 3.169746e-02 2.978675e-02 2.939499e-02 4.653624e-02 2.946697e-02 5.660429e-02 3.109752e-02 3.060350e-02 2.994664e-02 2.966160e-02 5.643905e-02 3.194355e-02 5.674959e-02 4.880981e-02 3.923700e-02 3.651863e-02 3.132700e-02 3.121657e-02 2.951753e-02 3.194323e-02 3.043960e-02 3.715346e-02 4.116951e-02 3.972197e-02 3.767065e-02 3.052743e-02 3.019190e-02 3.525578e-02 2.985733e-02 5.568690e-02 3.093892e-02 6.169800e-02 2.944495e-02 3.046466e-02 5.561386e-02 5.088746e-02
2.165503e-02 2.270511e-02 1.981854e-02 2.981202e-02 2.161905e-02 2.902117e-02 4.396807e-02 1.987986e-02 2.058174e-02 2.534277e-02 4.071979e-02 2.092751e-02 3.256762e-02 4.192594e-02 3.346681e-02 4.412125e-02 2.242536e-02 3.009512e-02 4.089799e-02 2.117929e-02 2.119744e-02 4.179627e-02 3.885866e-02 2.024318e-02 3.187239e-02 3.703986e-02 2.881765e-02 2.020257e-02 4.013521e-02 1.999153e-02 3.147851e-02 2.535355e-02 4.855060e-02 2.126088e-02 2.169687e-02 4.029907e-02 2.291236e-02 1.969263e-02 2.010935e-02 2.094493e-02 2.233334e-02 2.700784e-02 2.112435e-02 4.207179e-02 2.086832e-02 2.149533e-02 2.318292e-02 3.864697e-02 2.732808e-02 2.146471e-02 2.150724e-02 3.043913e-02 2.381331e-02 4.359783e-02 2.147115e-02 3.346483e-02 3.572068e-02 2.051107e-02 1.989753e-02 3.121374e-02 3.602402e-02 2.095333e-02 2.026983e-02 3.714260e-02 2.112865e-02 2.164166e-02 3.937286e-02 2.017706e-02 2.008245e-02 4.089079e-02 4.168204e-02 2.409763e-02 2.144984e-02 1.989865e-02 1.970568e-02 3.339418e-02 1.964024e-02 4.106994e-02 2.093452e-02 2.053141e-02 2.013411e-02 1.999475e-02 4.066819e-02 2.172826e-02 4.131233e-02 3.535052e-02 2.767746e-02 2.521239e-02 2.122684e-02 2.116798e-02 1.975841e-02 2.159067e-02 2.040611e-02 2.605649e-02 2.915542e-02 2.785940e-02 2.638329e-02 2.062164e-02 2.031349e-02 2.425939e-02 2.000577e-02 4.084292e-02 2.088454e-02 4.516219e-02 1.962393e-02 2.062435e-02 4.004902e-02 3.691422e-02
1.414296e-02 1.488948e-02 1.258193e-02 2.040177e-02 1.403069e-02 1.990740e-02 3.151548e-02 1.269400e-02 1.326602e-02 1.696976e-02 2.863857e-02 1.353422e-02 2.277977e-02 3.032897e-02 2.338180e-02 3.187323e-02 1.467636e-02 2.030441e-02 2.910930e-02 1.382601e-02 1.364729e-02 2.962526e-02 2.698234e-02 1.292568e-02 2.213598e-02 2.611895e-02 1.973085e-02 1.305266e-02 2.868337e-02 1.274223e-02 2.176417e-02 1.692559e-02 3.429488e-02 1.373653e-02 1.410165e-02 2.839955e-02 1.497851e-02 1.253320e-02 1.291910e-02 1.355972e-02 1.455407e-02 1.827531e-02 1.369367e-02 3.020614e-02 1.350763e-02 1.397792e-02 1.532649e-02 2.754199e-02 1.859023e-02 1.394565e-02 1.390591e-02 2.087490e-02 1.571372e-02 3.146950e-02 1.396416e-02 2.343040e-02 2.510791e-02 1.319885e-02 1.267169e-02 2.169717e-02 2.536405e-02 1.354293e-02 1.295464e-02 2.559807e-02 1.367431e-02 1.407806e-02 2.802449e-02 1.296389e-02 1.288333e-02 2.878711e-02 2.992753e-02 1.591109e-02 1.392010e-02 1.271008e-02 1.259895e-02 2.338275e-02 1.261608e-02 2.909502e-02 1.342934e-02 1.328707e-02 1.288405e-02 1.278123e-02 2.864781e-02 1.417216e-02 2.935956e-02 2.491432e-02 1.870198e-02 1.677664e-02 1.365328e-02 1.372158e-02 1.252846e-02 1.402200e-02 1.314886e-02 1.736538e-02 1.984573e-02 1.898842e-02 1.771330e-02 1.332882e-02 1.305775e-02 1.617227e-02 1.279838e-02 2.938789e-02 1.351803e-02 3.239247e-02 1.251571e-02 1.329997e-02 2.806273e-02 2.619287e-02
8.949036e-03 9.461302e-03 7.799385e-03 1.379989e-02 8.863562e-03 1.340621e-02 2.236116e-02 7.870357e-03 8.266139e-03 1.110797e-02 2.008295e-02 8.431513e-03 1.561188e-02 2.149940e-02 1.619708e-02 2.291470e-02 9.338034e-03 1.336639e-02 2.062536e-02 8.672239e-03 8.585327e-03 2.082380e-02 1.859817e-02 8.033096e-03 1.520464e-02 1.827406e-02 1.333190e-02 8.071778e-03 2.038695e-02 7.908619e-03 1.488144e-02 1.114810e-02 2.406246e-02 8.620687e-03 8.882853e-03 1.976405e-02 9.635188e-03 7.702118e-03 8.017392e-03 8.539658e-03 9.278202e-03 1.217276e-02 8.562504e-03 2.144200e-02 8.442091e-03 8.777524e-03 9.855686e-03 1.943741e-02 1.242904e-02 8.825695e-03 8.766434e-03 1.410210e-02 1.003871e-02 2.257482e-02 8.758937e-03 1.627599e-02 1.764599e-02 8.195901e-03 7.913515e-03 1.486348e-02 1.781204e-02 8.499361e-03 8.102501e-03 1.732831e-02 8.578621e-03 8.841070e-03 1.972496e-02 8.042859e-03 7.987873e-03 1.985146e-02 2.147025e-02 1.022075e-02 8.728563e-03 7.826405e-03 7.753193e-03 1.615624e-02 7.695492e-03 2.046389e-02 8.399734e-03 8.302622e-03 7.989189e-03 7.913384e-03 1.988428e-02 8.993433e-03 2.070136e-02 1.737872e-02 1.247175e-02 1.085461e-02 8.622853e-03 8.619320e-03 7.727657e-03 8.902517e-03 8.165265e-03 1.134716e-02 1.327820e-02 1.261291e-02 1.166804e-02 8.288273e-03 8.121410e-03 1.042441e-02 7.916276e-03 2.095384e-02 8.525306e-03 2.320068e-02 7.777345e-03 8.280567e-03 1.951135e-02 1.837693e-02
5.545851e-03 6.023239e-03 4.716851e-03 9.307744e-03 5.550844e-03 9.064891e-03 1.586205e-02 4.779392e-03 5.072754e-03 7.185850e-03 1.416670e-02 5.240063e-03 1.076233e-02 1.542167e-02 1.127076e-02 1.642851e-02 5.882264e-03 8.818127e-03 1.454330e-02 5.357752e-03 5.318181e-03 1.458814e-02 1.282447e-02 4.891226e-03 1.039525e-02 1.276312e-02 8.935351e-03 4.923290e-03 1.447527e-02 4.757041e-03 1.018608e-02 7.247170e-03 1.667203e-02 5.341236e-03 5.574511e-03 1.393750e-02 6.091744e-03 4.652083e-03 4.860170e-03 5.263244e-03 5.789112e-03 8.011341e-03 5.325199e-03 1.526066e-02 5.194746e-03 5.476801e-03 6.354936e-03 1.385041e-02 8.237430e-03 5.462221e-03 5.457111e-03 9.525110e-03 6.340456e-03 1.623181e-02 5.421893e-03 1.132934e-02 1.236356e-02 5.064092e-03 4.730762e-03 1.012667e-02 1.255842e-02 5.194688e-03 4.913708e-03 1.171380e-02 5.317287e-03 5.532842e-03 1.400855e-02 4.923590e-03 4.835023e-03 1.371377e-02 1.537254e-02 6.478864e-03 5.412551e-03 4.769441e-03 4.689783e-03 1.116135e-02 4.702774e-03 1.440717e-02 5.165960e-03 5.060825e-03 4.865773e-03 4.802988e-03 1.394662e-02 5.578308e-03 1.467666e-02 1.225092e-02 8.236290e-03 6.987312e-03 5.359937e-03 5.349959e-03 4.679985e-03 5.554438e-03 5.011787e-03 7.391466e-03 8.876027e-03 8.353010e-03 7.617747e-03 5.103927e-03 4.964237e-03 6.681951e-03 4.799195e-03 1.504375e-02 5.205049e-03 1.643998e-02 4.695347e-03 5.079705e-03 1.349718e-02 1.300242e-02
3.473734e-03 3.811430e-03 2.820366e-03 6.306521e-03 3.466247e-03 6.139298e-03 1.137780e-02 2.883321e-03 3.122852e-03 4.678808e-03 9.995509e-03 3.225918e-03 7.509737e-03 1.116236e-02 7.909182e-03 1.198309e-02 3.697180e-03 5.882110e-03 1.047356e-02 3.299556e-03 3.279528e-03 1.034047e-02 8.914573e-03 2.970122e-03 7.190484e-03 9.005087e-03 6.124228e-03 3.027013e-03 1.039644e-02 2.894379e-03 6.981220e-03 4.757697e-03 1.160975e-02 3.305303e-03 3.451871e-03 9.771096e-03 3.887903e-03 2.813079e-03 2.984563e-03 3.244821e-03 3.649149e-03 5.298933e-03 3.302657e-03 1.099439e-02 3.208291e-03 3.406853e-03 4.120988e-03 9.940865e-03 5.486393e-03 3.387321e-03 3.390094e-03 6.446887e-03 4.043552e-03 1.181414e-02 3.371575e-03 7.957212e-03 8.688737e-03 3.089574e-03 2.858776e-03 6.903405e-03 8.999228e-03 3.237847e-03 3.003158e-03 7.974312e-03 3.282188e-03 3.443776e-03 1.002113e-02 3.016328e-03 2.969398e-03 9.552921e-03 1.124719e-02 4.164719e-03 3.388235e-03 2.903905e-03 2.830350e-03 7.768608e-03 2.835483e-03 1.026283e-02 3.172846e-03 3.113675e-03 2.956748e-03 2.929772e-03 9.794322e-03 3.496189e-03 1.047023e-02 8.666852e-03 5.479708e-03 4.470258e-03 3.339403e-03 3.305874e-03 2.826916e-03 3.450101e-03 3.074894e-03 4.834514e-03 5.922486e-03 5.570118e-03 5.033378e-03 3.098957e-03 3.027742e-03 4.301996e-03 2.932055e-03 1.083450e-02 3.238371e-03 1.180822e-02 2.865296e-03 3.107451e-03 9.485039e-03 9.250828e-03
2.171460e-03 2.420699e-03 1.749590e-03 4.348645e-03 2.193425e-03 4.226894e-03 8.244660e-03 1.786646e-03 1.896215e-03 3.091496e-03 7.209044e-03 2.029580e-03 5.246551e-03 8.169693e-03 5.663519e-03 8.808289e-03 2.376648e-03 3.955677e-03 7.572348e-03 2.072071e-03 2.065227e-03 7.404034e-03 6.215987e-03 1.843357e-03 5.038743e-03 6.453893e-03 4.271268e-03 1.869487e-03 7.577204e-03 1.766654e-03 4.810638e-03 3.126576e-03 8.188007e-03 2.055829e-03 2.192011e-03 6.923904e-03 2.501575e-03 1.715030e-03 1.819664e-03 2.019366e-03 2.299891e-03 3.556539e-03 2.059997e-03 8.086525e-03 1.994429e-03 2.163222e-03 2.734932e-03 7.243614e-03 3.776819e-03 2.161703e-03 2.118945e-03 4.496005e-03 2.592037e-03 8.681750e-03 2.130630e-03 5.662611e-03 6.300961e-03 1.919271e-03 1.776436e-03 4.832490e-03 6.518184e-03 2.001942e-03 1.858317e-03 5.495868e-03 2.028382e-03 2.167428e-03 7.273006e-03 1.861189e-03 1.811249e-03 6.777503e-03 8.274971e-03 2.691718e-03 2.116369e-03 1.783511e-03 1.729458e-03 5.523089e-03 1.726961e-03 7.379692e-03 1.968849e-03 1.929428e-03 1.812429e-03 1.778710e-03 6.948237e-03 2.217133e-03 7.542941e-03 6.183993e-03 3.701914e-03 2.912045e-03 2.071304e-03 2.075043e-03 1.734002e-03 2.196630e-03 1.884149e-03 3.177904e-03 3.998589e-03 3.777096e-03 3.338229e-03 1.952310e-03 1.845812e-03 2.779883e-03 1.790252e-03 7.893773e-03 1.996938e-03 8.534269e-03 1.729606e-03 1.945814e-03 6.723343e-03 6.690238e-03
1.403687e-03 1.589871e-03 1.079350e-03 2.996605e-03 1.395951e-03 2.934050e-03 6.052884e-03 1.090077e-03 1.200950e-03 2.053723e-03 5.213970e-03 1.292138e-03 3.747129e-03 6.012048e-03 4.077635e-03 6.547686e-03 1.531242e-03 2.739857e-03 5.543201e-03 1.327821e-03 1.307722e-03 5.382337e-03 4.423192e-03 1.151741e-03 3.587971e-03 4.669159e-03 3.005176e-03 1.162733e-03 5.562310e-03 1.109131e-03 3.384306e-03 2.103804e-03 5.812429e-03 1.317240e-03 1.403549e-03 5.032352e-03 1.626682e-03 1.064220e-03 1.128907e-03 1.275041e-03 1.482356e-03 2.407455e-03 1.291101e-03 5.935518e-03 1.272772e-03 1.359699e-03 1.824437e-03 5.348944e-03 2.605378e-03 1.363545e-03 1.334116e-03 3.155832e-03 1.694389e-03 6.465269e-03 1.367583e-03 4.077870e-03 4.514486e-03 1.203554e-03 1.102794e-03 3.448127e-03 4.829178e-03 1.249504e-03 1.169807e-03 3.829304e-03 1.288803e-03 1.380179e-03 5.335557e-03 1.152156e-03 1.127304e-03 4.812196e-03 6.166895e-03 1.767478e-03 1.339702e-03 1.112282e-03 1.065699e-03 3.930280e-03 1.081562e-03 5.332962e-03 1.240416e-03 1.214132e-03 1.152719e-03 1.120336e-03 4.960526e-03 1.450985e-03 5.477244e-03 4.495109e-03 2.505396e-03 1.906813e-03 1.309384e-03 1.320778e-03 1.084137e-03 1.414347e-03 1.178387e-03 2.113993e-03 2.761052e-03 2.561552e-03 2.254052e-03 1.225341e-03 1.173350e-03 1.829641e-03 1.122022e-03 5.875887e-03 1.277729e-03 6.203807e-03 1.084770e-03 1.190577e-03 4.822731e-03 4.878666e-03
7.516628e-04 8.666633e-04 5.670320e-04 1.810853e-03 7.628501e-04 1.778344e-03 3.882004e-03 5.849258e-04 6.384874e-04 1.175353e-03 3.309187e-03 6.802224e-04 2.321440e-03 3.929539e-03 2.623921e-03 4.308349e-03 8.388885e-04 1.633328e-03 3.577947e-03 7.150820e-04 7.084658e-04 3.423278e-03 2.740803e-03 6.046060e-04 2.226148e-03 2.957458e-03 1.866338e-03 6.157507e-04 3.620016e-03 5.857209e-04 2.079541e-03 1.247238e-03 3.543226e-03 7.046634e-04 7.773451e-04 3.170992e-03 9.176569e-04 5.542471e-04 6.015036e-04 6.908336e-04 8.153108e-04 1.415656e-03 6.973464e-04 3.887512e-03 6.757465e-04 7.447658e-04 1.094351e-03 3.469460e-03 1.587588e-03 7.480773e-04 7.339641e-04 1.945781e-03 9.405835e-04 4.268598e-03 7.320286e-04 2.567727e-03 2.881928e-03 6.348807e-04 5.730599e-04 2.086886e-03 3.159990e-03 6.749552e-04 6.168286e-04 2.317825e-03 6.918819e-04 7.572754e-04 3.467735e-03 6.149394e-04 5.996831e-04 2.951079e-03 4.069808e-03 9.661155e-04 7.315085e-04 5.838279e-04 5.590032e-04 2.454177e-03 5.674482e-04 3.426505e-03 6.630471e-04 6.488633e-04 6.046242e-04 5.884938e-04 3.147789e-03 8.084627e-04 3.531039e-03 2.887866e-03 1.474283e-03 1.068482e-03 7.074350e-04 7.239766e-04 5.625522e-04 7.713567e-04 6.367204e-04 1.209500e-03 1.616084e-03 1.505899e-03 1.296285e-03 6.511216e-04 6.221479e-04 1.036040e-03 5.956599e-04 3.840744e-03 6.835694e-04 4.015904e-03 5.625555e-04 6.475950e-04 3.015390e-03 3.186282e-03
3.513755e-04 4.009492e-04 2.440430e-04 9.245612e-04 3.473086e-04 9.248342e-04 2.153788e-03 2.591618e-04 2.833810e-04 5.715834e-04 1.814914e-03 3.077699e-04 1.240146e-03 2.236363e-03 1.456800e-03 2.481261e-03 3.888989e-04 8.402368e-04 2.010523e-03 3.233322e-04 3.187525e-04 1.863458e-03 1.435354e-03 2.700786e-04 1.194057e-03 1.635952e-03 1.000292e-03 2.730869e-04 2.045542e-03 2.570681e-04 1.081266e-03 6.198293e-04 1.859025e-03 3.186783e-04 3.549830e-04 1.706495e-03 4.436777e-04 2.442489e-04 2.610110e-04 3.112789e-04 3.779241e-04 6.963975e-04 3.158053e-04 2.212206e-03 2.979700e-04 3.357551e-04 5.647145e-04 1.970258e-03 8.291229e-04 3.338870e-04 3.314740e-04 1.032185e-03 4.357673e-04 2.438803e-03 3.307541e-04 1.402136e-03 1.580755e-03 2.901441e-04 2.508226e-04 1.106608e-03 1.806037e-03 2.992470e-04 2.720527e-04 1.192606e-03 3.061123e-04 3.438480e-04 1.963774e-03 2.710877e-04 2.621412e-04 1.558599e-03 2.358431e-03 4.549838e-04 3.323312e-04 2.588313e-04 2.448498e-04 1.319693e-03 2.477060e-04 1.885644e-03 2.969264e-04 2.935807e-04 2.651794e-04 2.607498e-04 1.669891e-03 3.867980e-04 1.959604e-03 1.613579e-03 7.286590e-04 4.997585e-04 3.204038e-04 3.317961e-04 2.452663e-04 3.637625e-04 2.886982e-04 5.878849e-04 8.112070e-04 7.516843e-04 6.378468e-04 2.940617e-04 2.756302e-04 4.909942e-04 2.609842e-04 2.192380e-03 3.051249e-04 2.226482e-03 2.503131e-04 2.908185e-04 1.596065e-03 1.793162e-03
1.683091e-04 1.988106e-04 1.153209e-04 4.839321e-04 1.696813e-04 4.900297e-04 1.208468e-03 1.228930e-04 1.342300e-04 2.897846e-04 1.004896e-03 1.481431e-04 6.681053e-04 1.283319e-03 8.228364e-04 1.426475e-03 1.896807e-04 4.462332e-04 1.143636e-03 1.552861e-04 1.523014e-04 1.025225e-03 7.622503e-04 1.271894e-04 6.465653e-04 9.221106e-04 5.582485e-04 1.343315e-04 1.177457e-03 1.253112e-04 5.741267e-04 3.264145e-04 9.676350e-04 1.543228e-04 1.759765e-04 9.332693e-04 2.198327e-04 1.146162e-04 1.248491e-04 1.511119e-04 1.839367e-04 3.669202e-04 1.523353e-04 1.262418e-03 1.469066e-04 1.614393e-04 3.038840e-04 1.129596e-03 4.530154e-04 1.630179e-04 1.589701e-04 5.628926e-04 2.111116e-04 1.409382e-03 1.561764e-04 7.804978e-04 8.863409e-04 1.346353e-04 1.213617e-04 5.954871e-04 1.042721e-03 1.478252e-04 1.249823e-04 6.070934e-04 1.460670e-04 1.644922e-04 1.113208e-03 1.287406e-04 1.253406e-04 8.280657e-04 1.371471e-03 2.208607e-04 1.588093e-04 1.228518e-04 1.175871e-04 7.208352e-04 1.158833e-04 1.047562e-03 1.429046e-04 1.401506e-04 1.268852e-04 1.223912e-04 9.159939e-04 1.902067e-04 1.098986e-03 9.115670e-04 3.758586e-04 2.431332e-04 1.532392e-04 1.619309e-04 1.179512e-04 1.726519e-04 1.373503e-04 2.959955e-04 4.157260e-04 3.869857e-04 3.247052e-04 1.400840e-04 1.320199e-04 2.430975e-04 1.238858e-04 1.256130e-03 1.490944e-04 1.239184e-03 1.168792e-04 1.396988e-04 8.628375e-04 1.022762e-03
8.373557e-05 1.034370e-04 5.815747e-05 2.564696e-04 8.737938e-05 2.680094e-04 6.808785e-04 6.084505e-05 6.817472e-05 1.483839e-04 5.520182e-04 7.551802e-05 3.709627e-04 7.357938e-04 4.741729e-04 8.259246e-04 9.471993e-05 2.394925e-04 6.451711e-04 7.990338e-05 7.862336e-05 5.735000e-04 4.082059e-04 6.556655e-05 3.592136e-04 5.188522e-04 3.143104e-04 6.671351e-05 6.718171e-04 6.134824e-05 3.144939e-04 1.789329e-04 5.146017e-04 8.051560e-05 8.851233e-05 5.115623e-04 1.140915e-04 5.671162e-05 6.310918e-05 7.622866e-05 9.305844e-05 1.885516e-04 7.710111e-05 7.143196e-04 7.520061e-05 8.049188e-05 1.674418e-04 6.511999e-04 2.514825e-04 8.281381e-05 7.933507e-05 3.157227e-04 1.094720e-04 8.182005e-04 8.133772e-05 4.408021e-04 5.033836e-04 6.913076e-05 6.063037e-05 3.281512e-04 6.146662e-04 7.477795e-05 6.611975e-05 3.174132e-04 7.541124e-05 8.381528e-05 6.423714e-04 6.468045e-05 6.295673e-05 4.515867e-04 7.972168e-04 1.125020e-04 7.798368e-05 6.101377e-05 5.913473e-05 4.023920e-04 5.936004e-05 5.806725e-04 7.174398e-05 7.160141e-05 6.340587e-05 6.243331e-05 4.945938e-04 1.005866e-04 6.143079e-04 5.106822e-04 1.974473e-04 1.262246e-04 7.837024e-05 8.122833e-05 5.902794e-05 8.808676e-05 6.932802e-05 1.522000e-04 2.184291e-04 2.055976e-04 1.693745e-04 7.033590e-05 6.636146e-05 1.286592e-04 6.297472e-05 7.261224e-04 7.390372e-05 6.983022e-04 5.797945e-05 6.815949e-05 4.635761e-04 5.855664e-04
3.146612e-05 3.832953e-05 2.123712e-05 9.900015e-05 3.161428e-05 1.025735e-04 2.665091e-04 2.219938e-05 2.469791e-05 5.486579e-05 2.121426e-04 2.789567e-05 1.448410e-04 3.040240e-04 1.956774e-04 3.378223e-04 3.583975e-05 8.998613e-05 2.580267e-04 2.953470e-05 2.897076e-05 2.142126e-04 1.464967e-04 2.295156e-05 1.387312e-04 2.107564e-04 1.273381e-04 2.449057e-05 2.738462e-04 2.243665e-05 1.199699e-04 7.053000e-05 1.869105e-04 2.948646e-05 3.330170e-05 1.958131e-04 4.309370e-05 2.103488e-05 2.251098e-05 2.804888e-05 3.406809e-05 7.093178e-05 2.823721e-05 2.922841e-04 2.721166e-05 3.171499e-05 6.849390e-05 2.648752e-04 1.026897e-04 3.092533e-05 2.901735e-05 1.281756e-04 3.977258e-05 3.352775e-04 3.084498e-05 1.760128e-04 1.992960e-04 2.556881e-05 2.143444e-05 1.274627e-04 2.561844e-04 2.705848e-05 2.407987e-05 1.118060e-04 2.713530e-05 3.102597e-05 2.609556e-04 2.414620e-05 2.280883e-05 1.607524e-04 3.357818e-04 4.074718e-05 2.915690e-05 2.328196e-05 2.158928e-05 1.574868e-04 2.101157e-05 2.264315e-04 2.575521e-05 2.612157e-05 2.393971e-05 2.343769e-05 1.846849e-04 3.801413e-05 2.391143e-04 2.079738e-04 7.356390e-05 4.586020e-05 2.844397e-05 2.962264e-05 2.157809e-05 3.393696e-05 2.580412e-05 5.683155e-05 8.123135e-05 7.580614e-05 6.294148e-05 2.585540e-05 2.455452e-05 4.657260e-05 2.221085e-05 2.990370e-04 2.797029e-05 2.755691e-04 2.183176e-05 2.599964e-05 1.737918e-04 2.403123e-04
7.992593e-06 9.182327e-06 5.743784e-06 2.453555e-05 8.028039e-06 2.537459e-05 6.329345e-05 6.107019e-06 6.600281e-06 1.366236e-05 4.961791e-05 6.964074e-06 3.601418e-05 7.727909e-05 5.075605e-05 8.725787e-05 9.113371e-06 2.062241e-05 6.353277e-05 7.408556e-06 7.509022e-06 4.982948e-05 3.153731e-05 5.952624e-06 3.465732e-05 5.428977e-05 3.338986e-05 5.969616e-06 7.089319e-05 5.822111e-06 2.862228e-05 1.873061e-05 4.046734e-05 7.333592e-06 8.118948e-06 4.478216e-05 1.084039e-05 5.559155e-06 6.058521e-06 6.938013e-06 8.831478e-06 1.735972e-05 7.214468e-06 7.346284e-05 6.932578e-06 7.434267e-06 1.872279e-05 6.914643e-05 2.815475e-05 7.777061e-06 7.283587e-06 3.323338e-05 1.005820e-05 8.532285e-05 7.721572e-06 4.489497e-05 4.972373e-05 6.767602e-06 5.755199e-06 3.021701e-05 6.843725e-05 7.113587e-06 6.151704e-06 2.287902e-05 7.189233e-06 7.888163e-06 6.642935e-05 6.082851e-06 6.395656e-06 3.290220e-05 8.820800e-05 1.019371e-05 7.413993e-06 5.947392e-06 5.777922e-06 3.988153e-05 5.476605e-06 5.329213e-05 6.670045e-06 6.645119e-06 6.174304e-06 6.311748e-06 4.072552e-05 9.673340e-06 5.681906e-05 5.410827e-05 1.779592e-05 1.079661e-05 7.241000e-06 7.990666e-06 5.939481e-06 8.574672e-06 6.395666e-06 1.385476e-05 1.968655e-05 1.827663e-05 1.518791e-05 6.705022e-06 6.224335e-06 1.195571e-05 6.036869e-06 7.714035e-05 6.755220e-06 6.638036e-05 5.485534e-06 6.818617e-06 3.820051e-05 6.305721e-05
2.479282e-06 2.862902e-06 1.823767e-06 6.823610e-06 2.435790e-06 7.067290e-06 1.612535e-05 1.781585e-06 2.039087e-06 3.937810e-06 1.175632e-05 2.213258e-06 9.704223e-06 2.112851e-05 1.395886e-05 2.350286e-05 2.816294e-06 5.107076e-06 1.612066e-05 2.402365e-06 2.343342e-06 1.129352e-05 7.127024e-06 1.814720e-06 9.764279e-06 1.469021e-05 9.904030e-06 2.054100e-06 1.862425e-05 1.821990e-06 8.071124e-06 5.756134e-06 9.488073e-06 2.306333e-06 2.644746e-06 1.065148e-05 3.011242e-06 1.602837e-06 1.907488e-06 2.260216e-06 2.736819e-06 5.093089e-06 2.175119e-06 1.952211e-05 2.118034e-06 2.326485e-06 5.393370e-06 1.868235e-05 8.172647e-06 2.336204e-06 2.353803e-06 9.653389e-06 2.945067e-06 2.263188e-05 2.452954e-06 1.171808e-05 1.352806e-05 2.003090e-06 1.858433e-06 8.526288e-06 1.945873e-05 2.197097e-06 1.985523e-06 5.039034e-06 2.254577e-06 2.335422e-06 1.736718e-05 1.916876e-06 1.779644e-06 7.249165e-06 2.407769e-05 3.078549e-06 2.376325e-06 2.009699e-06 1.672273e-06 1.053091e-05 1.679179e-06 1.310112e-05 1.926271e-06 2.160626e-06 1.876220e-06 1.888849e-06 9.808824e-06 3.109091e-06 1.418073e-05 1.396923e-05 4.881354e-06 3.151533e-06 2.399558e-06 2.404528e-06 1.670938e-06 2.514341e-06 1.963558e-06 4.213079e-06 5.529671e-06 5.482245e-06 4.432762e-06 2.088325e-06 2.007086e-06 3.302094e-06 1.887543e-06 2.063226e-05 2.352135e-06 1.666982e-05 1.733084e-06 1.940202e-06 8.775764e-06 1.738222e-05
9.232679e-07 9.540113e-07 6.723695e-07 1.964851e-06 8.659896e-07 2.220151e-06 4.079244e-06 6.987610e-07 7.764394e-07 1.304978e-06 3.007645e-06 7.805164e-07 2.888747e-06 6.046867e-06 4.296584e-06 6.573466e-06 9.237398e-07 1.223077e-06 4.399885e-06 8.254159e-07 8.482535e-07 2.912387e-06 1.725216e-06 7.407825e-07 2.792293e-06 4.149056e-06 2.976185e-06 6.691186e-07 5.571288e-06 6.766582e-07 2.411834e-06 1.768715e-06 2.303255e-06 8.402301e-07 8.644416e-07 2.634496e-06 1.120948e-06 7.236334e-07 6.588063e-07 8.744145e-07 9.166664e-07 1.555681e-06 8.345681e-07 5.383449e-06 7.470821e-07 8.420222e-07 1.744253e-06 5.558192e-06 2.620895e-06 9.203067e-07 7.602333e-07 2.782257e-06 9.204457e-07 6.600929e-06 7.422719e-07 3.766241e-06 4.031228e-06 7.586627e-07 6.431889e-07 2.555058e-06 5.549636e-06 7.795303e-07 6.545842e-07 1.148894e-06 7.723717e-07 8.005618e-07 5.160790e-06 6.950326e-07 6.635949e-07 1.524155e-06 7.226922e-06 1.080639e-06 7.933708e-07 7.555210e-07 5.569705e-07 3.312555e-06 6.442097e-07 3.503611e-06 7.596554e-07 8.099589e-07 7.077828e-07 6.846161e-07 2.514182e-06 1.112768e-06 3.606324e-06 4.475239e-06 1.685322e-06 1.068745e-06 8.625093e-07 8.821775e-07 7.295951e-07 8.934391e-07 7.689204e-07 1.184242e-06 1.652806e-06 1.635159e-06 1.466335e-06 7.454339e-07 6.867526e-07 1.129347e-06 7.638129e-07 5.907745e-06 8.409760e-07 4.325576e-06 6.294418e-07 8.145008e-07 2.119842e-06 4.954849e-06
3.418642e-07 3.748866e-07 2.527677e-07 7.867769e-07 3.570865e-07 7.947172e-07 1.136172e-06 3.076301e-07 2.673952e-07 4.100085e-07 8.821645e-07 3.263790e-07 9.914523e-07 1.780474e-06 1.449192e-06 2.033525e-06 3.735811e-07 3.599479e-07 1.379623e-06 3.624224e-07 3.061411e-07 7.296392e-07 4.813081e-07 3.013290e-07 1.004372e-06 1.401986e-06 1.064314e-06 2.947481e-07 1.703147e-06 2.859594e-07 8.611556e-07 6.681216e-07 6.268809e-07 3.345486e-07 3.562462e-07 7.741391e-07 4.368945e-07 2.909185e-07 2.734144e-07 3.180010e-07 3.559362e-07 5.386177e-07 3.624846e-07 1.589420e-06 3.436843e-07 3.138891e-07 6.888067e-07 1.758367e-06 1.021233e-06 2.936171e-07 2.764462e-07 9.706803e-07 4.574395e-07 2.032160e-06 3.570412e-07 1.228053e-06 1.269945e-06 2.945612e-07 2.593220e-07 8.630450e-07 1.777517e-06 2.490277e-07 2.777986e-07 3.149546e-07 2.982969e-07 3.980740e-07 1.525159e-06 2.608932e-07 2.522207e-07 4.824389e-07 2.239580e-06 4.415948e-07 3.164755e-07 2.668819e-07 2.775512e-07 1.051051e-06 2.634116e-07 9.636028e-07 2.629897e-07 3.352055e-07 2.529832e-07 2.914261e-07 6.500933e-07 4.121210e-07 1.115031e-06 1.640020e-06 4.979804e-07 4.232482e-07 3.320788e-07 3.108195e-07 2.678031e-07 3.329340e-07 3.087173e-07 4.431179e-07 6.003346e-07 6.375395e-07 5.211894e-07 3.063723e-07 2.776444e-07 5.155838e-07 2.641040e-07 1.877526e-06 3.470631e-07 1.366087e-06 2.670207e-07 3.006694e-07 6.271529e-07 1.572206e-06
1.309236e-07 1.412791e-07 1.301503e-07 2.627776e-07 1.139133e-07 2.922822e-07 4.451796e-07 8.365131e-08 9.870946e-08 1.792140e-07 2.590683e-07 1.370689e-07 3.607693e-07 6.176669e-07 5.030640e-07 6.441387e-07 1.742725e-07 1.105916e-07 4.416317e-07 1.256238e-07 1.520488e-07 3.085149e-07 1.070862e-07 1.105399e-07 3.404964e-07 5.274117e-07 3.751797e-07 1.464779e-07 5.044128e-07 1.104434e-07 3.656095e-07 2.243246e-07 2.489096e-07 1.584915e-07 1.615457e-07 2.117483e-07 1.876164e-07 1.300862e-07 1.519279e-07 1.516986e-07 1.418792e-07 2.438841e-07 1.324773e-07 6.156826e-07 1.641461e-07 1.402548e-07 2.861760e-07 6.103113e-07 3.210278e-07 1.867041e-07 1.548551e-07 3.549334e-07 2.089702e-07 8.153239e-07 1.400727e-07 4.225247e-07 5.161734e-07 1.470786e-07 9.601045e-08 3.232046e-07 6.453095e-07 8.158742e-08 1.303098e-07 1.118976e-07 1.451303e-07 1.334845e-07 4.999236e-07 1.076715e-07 1.177245e-07 1.447580e-07 8.376867e-07 2.184990e-07 1.366674e-07 1.179544e-07 1.445833e-07 3.970798e-07 1.156714e-07 3.063150e-07 1.446649e-07 1.301506e-07 1.235485e-07 1.396543e-07 2.512821e-07 2.119174e-07 4.082187e-07 5.367145e-07 2.992639e-07 1.372671e-07 1.497471e-07 1.487749e-07 1.026282e-07 1.636634e-07 1.369490e-07 1.863291e-07 2.533229e-07 2.327556e-07 2.271904e-07 1.375362e-07 9.516620e-08 1.600631e-07 1.266862e-07 7.075063e-07 1.447018e-07 4.983947e-07 1.223698e-07 1.013754e-07 1.574759e-07 6.288462e-07
5.601061e-08 7.337188e-08 4.626742e-08 8.090540e-08 4.677714e-08 8.058254e-08 1.023606e-07 5.852639e-08 5.147976e-08 8.505152e-08 7.319924e-08 5.752640e-08 1.066414e-07 1.962719e-07 1.293407e-07 1.895073e-07 5.585704e-08 3.166236e-08 1.098712e-07 4.775306e-08 6.561271e-08 4.785808e-08 3.300129e-08 4.977275e-08 9.452841e-08 1.397280e-07 1.146531e-07 4.121126e-08 1.694932e-07 4.971722e-08 1.206998e-07 7.656858e-08 6.209608e-08 5.834237e-08 5.537812e-08 7.056423e-08 7.034730e-08 4.692806e-08 4.603901e-08 4.026090e-08 6.195737e-08 7.521089e-08 4.969271e-08 1.265914e-07 4.335744e-08 4.466160e-08 9.405791e-08 1.807510e-07 1.245868e-07 5.122156e-08 5.789845e-08 1.100186e-07 4.281306e-08 1.628470e-07 4.105482e-08 1.303306e-07 1.518260e-07 5.814476e-08 3.998142e-08 1.054056e-07 1.672562e-07 6.168170e-08 5.613611e-08 1.992089e-08 6.146254e-08 5.203871e-08 1.300307e-07 5.260006e-08 3.761869e-08 4.244637e-08 2.040848e-07 6.628807e-08 6.575357e-08 5.948342e-08 4.844018e-08 1.190581e-07 4.332189e-08 5.379092e-08 4.753770e-08 6.068768e-08 5.248027e-08 4.554246e-08 5.750182e-08 6.817365e-08 1.104820e-07 1.413695e-07 8.108001e-08 5.058069e-08 4.933102e-08 5.168957e-08 5.054696e-08 5.727916e-08 5.899173e-08 6.620948e-08 7.737104e-08 7.780709e-08 7.678865e-08 3.786308e-08 4.572407e-08 7.559522e-08 5.065723e-08 1.791623e-07 5.806252e-08 1.238700e-07 5.176476e-08 4.875429e-08 3.400836e-08 1.383911e-07
1.402823e-08 1.411101e-08 1.685309e-08 2.308855e-08 1.781746e-08 2.391836e-08 1.605717e-08 9.658846e-09 1.148930e-08 2.552351e-08 1.622370e-08 2.484142e-08 2.311762e-08 2.506471e-08 2.681575e-08 3.150203e-08 2.354916e-08 1.843125e-09 2.753857e-08 1.160028e-08 1.497294e-08 1.341590e-08 4.745274e-09 1.420492e-08 2.757965e-08 2.781508e-08 3.322963e-08 1.060303e-08 3.120652e-08 1.344530e-08 2.934242e-08 2.416203e-08 6.231673e-09 1.337739e-08 1.623461e-08 8.779503e-09 1.675814e-08 1.414539e-08 8.660343e-09 9.601841e-09 1.404276e-08 1.690344e-08 1.224767e-08 2.036997e-08 2.023613e-08 1.646062e-08 1.741049e-08 4.075982e-08 1.876253e-08 2.386853e-08 1.487818e-08 2.377973e-08 1.449814e-08 3.349212e-08 1.957273e-08 3.132547e-08 2.219119e-08 1.486170e-08 2.205792e-08 2.412665e-08 4.495727e-08 1.317521e-08 1.322550e-08 6.369414e-09 1.568046e-08 1.330921e-08 2.252185e-08 1.417772e-08 1.456821e-08 1.016186e-08 3.924031e-08 1.811145e-08 1.677605e-08 1.259141e-08 1.234425e-08 2.766399e-08 7.738232e-09 8.456634e-09 2.507091e-08 1.161895e-08 1.232238e-08 8.957716e-09 7.061448e-09 1.948666e-08 1.505421e-08 3.375601e-08 2.027512e-08 1.845120e-08 1.213531e-08 1.616715e-08 1.224206e-08 1.506087e-08 2.040594e-08 2.153336e-08 2.675954e-08 2.104001e-08 2.249349e-08 1.067801e-08 1.065540e-08 1.787074e-08 1.670005e-08 3.204007e-08 1.492962e-08 2.677900e-08 2.051232e-08 1.173119e-08 7.936249e-09 2.945586e-08
