# Version 0.0
# Data /lustre/isaac24/proj/UTK0244/cbaillar/Bayes_HEP/Detroit_tune_Project/input/Data/Data__200__pp__STAR_2020_I1783875__d11-x01-y01.dat
# Observable: $1/N_{jets}$
# Subobservable: $R_{g}$
# Design Design_Rivet.dat
# design_point1 design_point2 design_point3 design_point4 design_point5 design_point6 design_point7 design_point8 design_point9 design_point10 design_point11 design_point12 design_point13 design_point14 design_point15 design_point16 design_point17 design_point18 design_point19 design_point20 design_point21 design_point22 design_point23 design_point24 design_point25 design_point26 design_point27 design_point28 design_point29 design_point30 design_point31 design_point32 design_point33 design_point34 design_point35 design_point36 design_point37 design_point38 design_point39 design_point40 design_point41 design_point42 design_point43 design_point44 design_point45 design_point46 design_point47 design_point48 design_point49 design_point50 design_point51 design_point52 design_point53 design_point54 design_point55 design_point56 design_point57 design_point58 design_point59 design_point60 design_point61 design_point62 design_point63 design_point64 design_point65 design_point66 design_point67 design_point68 design_point69 design_point70 design_point71 design_point72 design_point73 design_point74 design_point75 design_point76 design_point77 design_point78 design_point79 design_point80 design_point81 design_point82 design_point83 design_point84 design_point85 design_point86 design_point87 design_point88 design_point89 design_point90 design_point91 design_point92 design_point93 design_point94 design_point95 design_point96 design_point97 design_point98 design_point99 design_point100 design_point101 design_point102 design_point103 design_point104 design_point105 design_point106 design_point107 design_point108
3.979531e-01 3.906467e-01 4.071831e-01 3.589051e-01 3.958629e-01 3.554351e-01 3.394681e-01 4.040572e-01 4.026391e-01 3.780448e-01 3.288754e-01 3.980175e-01 3.456161e-01 3.364421e-01 3.360814e-01 3.343572e-01 3.948462e-01 3.618559e-01 3.262669e-01 3.989140e-01 3.980191e-01 3.317761e-01 2.707224e-01 4.030638e-01 3.502249e-01 3.494091e-01 3.461466e-01 4.024939e-01 3.307760e-01 4.053593e-01 3.521866e-01 3.687694e-01 3.571241e-01 4.003997e-01 3.933261e-01 3.293861e-01 3.932442e-01 4.059486e-01 4.067687e-01 4.009771e-01 3.931384e-01 3.719259e-01 3.982278e-01 3.265479e-01 4.002211e-01 3.952618e-01 3.710773e-01 3.263209e-01 3.517173e-01 4.006734e-01 3.980548e-01 3.504488e-01 3.987042e-01 3.225703e-01 3.972820e-01 3.365395e-01 3.378503e-01 4.025423e-01 4.053634e-01 3.539295e-01 3.251428e-01 3.999537e-01 4.045374e-01 2.423263e-01 3.986175e-01 3.982337e-01 3.298799e-01 4.013317e-01 4.043312e-01 4.098361e-01 3.220607e-01 3.899065e-01 3.974560e-01 4.094941e-01 4.035638e-01 3.436563e-01 4.043824e-01 3.268767e-01 4.049448e-01 4.005291e-01 4.024980e-01 4.062217e-01 3.188081e-01 3.903047e-01 3.267431e-01 3.304792e-01 3.674011e-01 3.868814e-01 3.970282e-01 4.002710e-01 4.030748e-01 4.018144e-01 3.999358e-01 3.786360e-01 3.775793e-01 3.664400e-01 3.738877e-01 4.019421e-01 4.034184e-01 3.839477e-01 4.035675e-01 3.265979e-01 3.990352e-01 3.440752e-01 4.048016e-01 3.998780e-01 3.210992e-01 3.296419e-01
1.810170e+00 1.777473e+00 1.857135e+00 1.650916e+00 1.804128e+00 1.633475e+00 1.548006e+00 1.846721e+00 1.837516e+00 1.728708e+00 1.525535e+00 1.828353e+00 1.600041e+00 1.538886e+00 1.546357e+00 1.515635e+00 1.784855e+00 1.641070e+00 1.520084e+00 1.817444e+00 1.816767e+00 1.537142e+00 1.420532e+00 1.842726e+00 1.598197e+00 1.593895e+00 1.599460e+00 1.845139e+00 1.517863e+00 1.843786e+00 1.619211e+00 1.685116e+00 1.620238e+00 1.819050e+00 1.793768e+00 1.508592e+00 1.783722e+00 1.855287e+00 1.858500e+00 1.816954e+00 1.794591e+00 1.698975e+00 1.815915e+00 1.503304e+00 1.820508e+00 1.809033e+00 1.689402e+00 1.512054e+00 1.624401e+00 1.810270e+00 1.813528e+00 1.612548e+00 1.805578e+00 1.478866e+00 1.814352e+00 1.556133e+00 1.549661e+00 1.833460e+00 1.842858e+00 1.621423e+00 1.506494e+00 1.835710e+00 1.853798e+00 1.744750e+00 1.817063e+00 1.813922e+00 1.515699e+00 1.831955e+00 1.842826e+00 1.372951e+00 1.481881e+00 1.774754e+00 1.816359e+00 1.861377e+00 1.843946e+00 1.584224e+00 1.844845e+00 1.528324e+00 1.831967e+00 1.829440e+00 1.838282e+00 1.846101e+00 1.499380e+00 1.771850e+00 1.515322e+00 1.528101e+00 1.685823e+00 1.770228e+00 1.809789e+00 1.818243e+00 1.847732e+00 1.828917e+00 1.827933e+00 1.731556e+00 1.711259e+00 1.684527e+00 1.711233e+00 1.825697e+00 1.843955e+00 1.757155e+00 1.842217e+00 1.509873e+00 1.824214e+00 1.572013e+00 1.863411e+00 1.836976e+00 1.396654e+00 1.524803e+00
3.338575e+00 3.305016e+00 3.405392e+00 3.115849e+00 3.345989e+00 3.102804e+00 2.957098e+00 3.397446e+00 3.382372e+00 3.236795e+00 2.940569e+00 3.361005e+00 3.052731e+00 2.939298e+00 2.965202e+00 2.910219e+00 3.315311e+00 3.093840e+00 2.942321e+00 3.355543e+00 3.355215e+00 2.952134e+00 2.448669e+00 3.389423e+00 3.049541e+00 3.016595e+00 3.034807e+00 3.396849e+00 2.919008e+00 3.395686e+00 3.083405e+00 3.174795e+00 3.040058e+00 3.367215e+00 3.332913e+00 2.882600e+00 3.326451e+00 3.403203e+00 3.409941e+00 3.365957e+00 3.327202e+00 3.185961e+00 3.365738e+00 2.893107e+00 3.363693e+00 3.348522e+00 3.153357e+00 2.915125e+00 3.082470e+00 3.354328e+00 3.361882e+00 3.072289e+00 3.343094e+00 2.867655e+00 3.354884e+00 2.988776e+00 2.969053e+00 3.375043e+00 3.389985e+00 3.085927e+00 2.908713e+00 3.375744e+00 3.405363e+00 2.778675e+00 3.364372e+00 3.351876e+00 2.931273e+00 3.375397e+00 3.387371e+00 2.674180e+00 2.872651e+00 3.300545e+00 3.350610e+00 3.420490e+00 3.399570e+00 3.017025e+00 3.399421e+00 2.929489e+00 3.397951e+00 3.377179e+00 3.389001e+00 3.395306e+00 2.849915e+00 3.297047e+00 2.928822e+00 2.953694e+00 3.184867e+00 3.276508e+00 3.360867e+00 3.368893e+00 3.407487e+00 3.379335e+00 3.379177e+00 3.246903e+00 3.203386e+00 3.169129e+00 3.203404e+00 3.373814e+00 3.397575e+00 3.272319e+00 3.391623e+00 2.910808e+00 3.373799e+00 2.975889e+00 3.427063e+00 3.373939e+00 2.729161e+00 2.935881e+00
3.747720e+00 3.736960e+00 3.781593e+00 3.622813e+00 3.745458e+00 3.616217e+00 3.503647e+00 3.780147e+00 3.766284e+00 3.687524e+00 3.500257e+00 3.763499e+00 3.579785e+00 3.474472e+00 3.518096e+00 3.471593e+00 3.737233e+00 3.577070e+00 3.499832e+00 3.757008e+00 3.759130e+00 3.510469e+00 3.510266e+00 3.779021e+00 3.573709e+00 3.538165e+00 3.562138e+00 3.780564e+00 3.481867e+00 3.778909e+00 3.595364e+00 3.648427e+00 3.539305e+00 3.778044e+00 3.741729e+00 3.439426e+00 3.743798e+00 3.780997e+00 3.797400e+00 3.763008e+00 3.733809e+00 3.662867e+00 3.756622e+00 3.473837e+00 3.757846e+00 3.745789e+00 3.616530e+00 3.482546e+00 3.589981e+00 3.748518e+00 3.753596e+00 3.584830e+00 3.759464e+00 3.456271e+00 3.750981e+00 3.540128e+00 3.526166e+00 3.763450e+00 3.776180e+00 3.617812e+00 3.472961e+00 3.751647e+00 3.794685e+00 3.489499e+00 3.767908e+00 3.752462e+00 3.481123e+00 3.762689e+00 3.772838e+00 3.242828e+00 3.464012e+00 3.717060e+00 3.756878e+00 3.796307e+00 3.791172e+00 3.556798e+00 3.790921e+00 3.497014e+00 3.780800e+00 3.769975e+00 3.771955e+00 3.773029e+00 3.414575e+00 3.723126e+00 3.497952e+00 3.514529e+00 3.658658e+00 3.711761e+00 3.755114e+00 3.767268e+00 3.782128e+00 3.785976e+00 3.768108e+00 3.688478e+00 3.677048e+00 3.659301e+00 3.678952e+00 3.759920e+00 3.778898e+00 3.714831e+00 3.771876e+00 3.472862e+00 3.764037e+00 3.500788e+00 3.794156e+00 3.773776e+00 3.363341e+00 3.508116e+00
3.460291e+00 3.463317e+00 3.449630e+00 3.482026e+00 3.460617e+00 3.470095e+00 3.453053e+00 3.450895e+00 3.456515e+00 3.472475e+00 3.472057e+00 3.461365e+00 3.488226e+00 3.454383e+00 3.461135e+00 3.454868e+00 3.465651e+00 3.457825e+00 3.477893e+00 3.457225e+00 3.457282e+00 3.470860e+00 3.549810e+00 3.456250e+00 3.475409e+00 3.456754e+00 3.463613e+00 3.454072e+00 3.459298e+00 3.456124e+00 3.476952e+00 3.457991e+00 3.441017e+00 3.458345e+00 3.463767e+00 3.448275e+00 3.472366e+00 3.459810e+00 3.456251e+00 3.461012e+00 3.462148e+00 3.469822e+00 3.463759e+00 3.469209e+00 3.454082e+00 3.464068e+00 3.454282e+00 3.457701e+00 3.473869e+00 3.450075e+00 3.467657e+00 3.475016e+00 3.463195e+00 3.462173e+00 3.464813e+00 3.469249e+00 3.467939e+00 3.461657e+00 3.462396e+00 3.474522e+00 3.464096e+00 3.452101e+00 3.465082e+00 3.376414e+00 3.451531e+00 3.453957e+00 3.464254e+00 3.455841e+00 3.460637e+00 3.294057e+00 3.460676e+00 3.473979e+00 3.456251e+00 3.455660e+00 3.454147e+00 3.473814e+00 3.457740e+00 3.469281e+00 3.464796e+00 3.459983e+00 3.459576e+00 3.455478e+00 3.405923e+00 3.456468e+00 3.466355e+00 3.466938e+00 3.471935e+00 3.464437e+00 3.461131e+00 3.474171e+00 3.452188e+00 3.478279e+00 3.450450e+00 3.465330e+00 3.483448e+00 3.473214e+00 3.471980e+00 3.454182e+00 3.453686e+00 3.468515e+00 3.455576e+00 3.457465e+00 3.462728e+00 3.450989e+00 3.456656e+00 3.451177e+00 3.427488e+00 3.473481e+00
3.275546e+00 3.300037e+00 3.216931e+00 3.450382e+00 3.269547e+00 3.462322e+00 3.589969e+00 3.225915e+00 3.240558e+00 3.360468e+00 3.597766e+00 3.253974e+00 3.520339e+00 3.596123e+00 3.569957e+00 3.620279e+00 3.287802e+00 3.482414e+00 3.603410e+00 3.257494e+00 3.261579e+00 3.584037e+00 3.759696e+00 3.229975e+00 3.506518e+00 3.537610e+00 3.510151e+00 3.231746e+00 3.612063e+00 3.229791e+00 3.481835e+00 3.405736e+00 3.528437e+00 3.247100e+00 3.282102e+00 3.627244e+00 3.297907e+00 3.217780e+00 3.215846e+00 3.251014e+00 3.287677e+00 3.399272e+00 3.251782e+00 3.621060e+00 3.254049e+00 3.267483e+00 3.421709e+00 3.618743e+00 3.473425e+00 3.266952e+00 3.256573e+00 3.495072e+00 3.278456e+00 3.649973e+00 3.262000e+00 3.552949e+00 3.569921e+00 3.235027e+00 3.224095e+00 3.480705e+00 3.612548e+00 3.251905e+00 3.214757e+00 3.715670e+00 3.253584e+00 3.260716e+00 3.606521e+00 3.248229e+00 3.233344e+00 3.724385e+00 3.642568e+00 3.311724e+00 3.264302e+00 3.207910e+00 3.221094e+00 3.533456e+00 3.222161e+00 3.603378e+00 3.230397e+00 3.245676e+00 3.229358e+00 3.221840e+00 3.662627e+00 3.308922e+00 3.608035e+00 3.583854e+00 3.400865e+00 3.331099e+00 3.258660e+00 3.251069e+00 3.226601e+00 3.251311e+00 3.245019e+00 3.361810e+00 3.391839e+00 3.413966e+00 3.378099e+00 3.247019e+00 3.228250e+00 3.327626e+00 3.229192e+00 3.616884e+00 3.252605e+00 3.575976e+00 3.210691e+00 3.240757e+00 3.710318e+00 3.595455e+00
2.565347e+00 2.603113e+00 2.505317e+00 2.808585e+00 2.573666e+00 2.835007e+00 3.011482e+00 2.513248e+00 2.528425e+00 2.682522e+00 3.026484e+00 2.545077e+00 2.876342e+00 3.046033e+00 2.999266e+00 3.065242e+00 2.597798e+00 2.858260e+00 3.028502e+00 2.557777e+00 2.553750e+00 3.011691e+00 3.209125e+00 2.512236e+00 2.891056e+00 2.946635e+00 2.916937e+00 2.512629e+00 3.051475e+00 2.511835e+00 2.853926e+00 2.767388e+00 2.928714e+00 2.541481e+00 2.581674e+00 3.109686e+00 2.588175e+00 2.502051e+00 2.489003e+00 2.548730e+00 2.589497e+00 2.733472e+00 2.551821e+00 3.069516e+00 2.548826e+00 2.562514e+00 2.792536e+00 3.058433e+00 2.862668e+00 2.567052e+00 2.552951e+00 2.873700e+00 2.565966e+00 3.110631e+00 2.557613e+00 2.966686e+00 2.984820e+00 2.540391e+00 2.516362e+00 2.842563e+00 3.069418e+00 2.540886e+00 2.495615e+00 3.004847e+00 2.550319e+00 2.567579e+00 3.045216e+00 2.535427e+00 2.516202e+00 3.350410e+00 3.103712e+00 2.608727e+00 2.557598e+00 2.483712e+00 2.507663e+00 2.922005e+00 2.503633e+00 3.032460e+00 2.511053e+00 2.527717e+00 2.526656e+00 2.518012e+00 3.142400e+00 2.623942e+00 3.041101e+00 3.010891e+00 2.743766e+00 2.628238e+00 2.557149e+00 2.537268e+00 2.503473e+00 2.510669e+00 2.539185e+00 2.678728e+00 2.706698e+00 2.749160e+00 2.715059e+00 2.546683e+00 2.516218e+00 2.646850e+00 2.521876e+00 3.072065e+00 2.540475e+00 2.992358e+00 2.480506e+00 2.532916e+00 3.272224e+00 3.022827e+00
1.196163e+00 1.214940e+00 1.166262e+00 1.309342e+00 1.198020e+00 1.325061e+00 1.402345e+00 1.170504e+00 1.176166e+00 1.248414e+00 1.414516e+00 1.180976e+00 1.341054e+00 1.418947e+00 1.409336e+00 1.430568e+00 1.207903e+00 1.326238e+00 1.407478e+00 1.189736e+00 1.190102e+00 1.405858e+00 1.600000e+00 1.176153e+00 1.356569e+00 1.361677e+00 1.370044e+00 1.168323e+00 1.432354e+00 1.168973e+00 1.336869e+00 1.290677e+00 1.344222e+00 1.178749e+00 1.202321e+00 1.458205e+00 1.187538e+00 1.163492e+00 1.155102e+00 1.182189e+00 1.204636e+00 1.275300e+00 1.187277e+00 1.448898e+00 1.190981e+00 1.198211e+00 1.297664e+00 1.435301e+00 1.342238e+00 1.193314e+00 1.187213e+00 1.339673e+00 1.177060e+00 1.460088e+00 1.189092e+00 1.391451e+00 1.399746e+00 1.181058e+00 1.171790e+00 1.326235e+00 1.446853e+00 1.181436e+00 1.156758e+00 1.453958e+00 1.186902e+00 1.193575e+00 1.430911e+00 1.181916e+00 1.173499e+00 1.593238e+00 1.461061e+00 1.216701e+00 1.192507e+00 1.156710e+00 1.167058e+00 1.373133e+00 1.168508e+00 1.418207e+00 1.168344e+00 1.179384e+00 1.173985e+00 1.174750e+00 1.501580e+00 1.220048e+00 1.421378e+00 1.415763e+00 1.282123e+00 1.223442e+00 1.191715e+00 1.174247e+00 1.166935e+00 1.156986e+00 1.180538e+00 1.244859e+00 1.246541e+00 1.281839e+00 1.264982e+00 1.181348e+00 1.168395e+00 1.223069e+00 1.173775e+00 1.440624e+00 1.174096e+00 1.390523e+00 1.152384e+00 1.180379e+00 1.566498e+00 1.416214e+00
4.601202e-02 4.659610e-02 4.475605e-02 4.843904e-02 4.501021e-02 4.805842e-02 5.167021e-02 4.506318e-02 4.469803e-02 4.682439e-02 5.198735e-02 4.424607e-02 4.811654e-02 5.237527e-02 5.160774e-02 5.311400e-02 4.595455e-02 4.880092e-02 5.143086e-02 4.519072e-02 4.496387e-02 5.178911e-02 9.733840e-02 4.556693e-02 4.940473e-02 5.152638e-02 5.114246e-02 4.403647e-02 5.131376e-02 4.388881e-02 4.916862e-02 4.780609e-02 4.963397e-02 4.475854e-02 4.619292e-02 5.565230e-02 4.449601e-02 4.487559e-02 4.322889e-02 4.555100e-02 4.556116e-02 4.765009e-02 4.473831e-02 5.245668e-02 4.553731e-02 4.532438e-02 4.917036e-02 5.206456e-02 4.922583e-02 4.540013e-02 4.494551e-02 4.908461e-02 4.430518e-02 5.346446e-02 4.436673e-02 5.234640e-02 5.087121e-02 4.442649e-02 4.491476e-02 4.881122e-02 5.274848e-02 4.548412e-02 4.316424e-02 6.462036e-02 4.517019e-02 4.526511e-02 5.302357e-02 4.520981e-02 4.537159e-02 9.221311e-02 5.307152e-02 4.522926e-02 4.495896e-02 4.332233e-02 4.561963e-02 4.955064e-02 4.404262e-02 5.135344e-02 4.437586e-02 4.494151e-02 4.515745e-02 4.497745e-02 5.785179e-02 4.614579e-02 5.193655e-02 5.216276e-02 4.849401e-02 4.616751e-02 4.474781e-02 4.377725e-02 4.481426e-02 4.321929e-02 4.477271e-02 4.644862e-02 4.601322e-02 4.793231e-02 4.710723e-02 4.463905e-02 4.455881e-02 4.686702e-02 4.466836e-02 5.275334e-02 4.417210e-02 5.159781e-02 4.357488e-02 4.561642e-02 6.232460e-02 5.211486e-02
