# Version 0.0
# Data /lustre/isaac24/proj/UTK0244/cbaillar/Bayes_HEP/Detroit_tune_Project/input/Data/Data__200__pp__STAR_2020_I1783875__d08-x01-y01.dat
# Observable: $1/N_{jets}$
# Subobservable: $z_{g}$
# Design Design_Rivet.dat
# design_point1 design_point2 design_point3 design_point4 design_point5 design_point6 design_point7 design_point8 design_point9 design_point10 design_point11 design_point12 design_point13 design_point14 design_point15 design_point16 design_point17 design_point18 design_point19 design_point20 design_point21 design_point22 design_point23 design_point24 design_point25 design_point26 design_point27 design_point28 design_point29 design_point30 design_point31 design_point32 design_point33 design_point34 design_point35 design_point36 design_point37 design_point38 design_point39 design_point40 design_point41 design_point42 design_point43 design_point44 design_point45 design_point46 design_point47 design_point48 design_point49 design_point50 design_point51 design_point52 design_point53 design_point54 design_point55 design_point56 design_point57 design_point58 design_point59 design_point60 design_point61 design_point62 design_point63 design_point64 design_point65 design_point66 design_point67 design_point68 design_point69 design_point70 design_point71 design_point72 design_point73 design_point74 design_point75 design_point76 design_point77 design_point78 design_point79 design_point80 design_point81 design_point82 design_point83 design_point84 design_point85 design_point86 design_point87 design_point88 design_point89 design_point90 design_point91 design_point92 design_point93 design_point94 design_point95 design_point96 design_point97 design_point98 design_point99 design_point100 design_point101 design_point102 design_point103 design_point104 design_point105 design_point106 design_point107 design_point108
6.064192e-03 5.974052e-03 6.195194e-03 5.809809e-03 5.829327e-03 5.798261e-03 5.746705e-03 5.892061e-03 5.883329e-03 5.901205e-03 5.748140e-03 6.011702e-03 6.265994e-03 5.746684e-03 5.783677e-03 5.782250e-03 5.773016e-03 5.740990e-03 6.687318e-03 8.665435e-03 8.175277e-03 8.181873e-03 6.265174e-02 8.571703e-03 8.305740e-03 8.764956e-03 8.200268e-03 6.076391e-03 5.844486e-03 5.913407e-03 5.699388e-03 5.854993e-03 5.635508e-03 6.186875e-03 5.932253e-03 6.238840e-03 7.349678e-03 5.820653e-03 6.618949e-03 6.174827e-03 5.878032e-03 5.859237e-03 6.064556e-03 5.663799e-03 5.724001e-03 5.891984e-03 8.288574e-03 8.103164e-03 8.108236e-03 8.328175e-03 8.645249e-03 9.958821e-03 1.034216e-02 8.127012e-03 5.978922e-03 8.300578e-03 8.191433e-03 8.246104e-03 7.983846e-03 9.160129e-03 8.104558e-03 8.187369e-03 9.343497e-03 1.324361e-01 8.160031e-03 8.474768e-03 8.219343e-03 8.168939e-03 8.455871e-03 7.882568e-02 8.610719e-03 8.454891e-03 5.997930e-03 9.152739e-03 8.156946e-03 7.952106e-03 8.208186e-03 7.840123e-03 9.278997e-03 8.553545e-03 8.263725e-03 4.251454e-03 1.881279e-02 8.480446e-03 8.070956e-03 8.231457e-03 8.290537e-03 8.390929e-03 8.422312e-03 9.435097e-03 4.819730e-03 8.322870e-03 5.914552e-03 5.992970e-03 1.007121e-02 8.104724e-03 8.070196e-03 7.939553e-03 9.254433e-03 6.069642e-03 8.300301e-03 8.182343e-03 8.674951e-03 8.366289e-03 9.308905e-03 8.401697e-03 2.531175e-02 9.321067e-03
4.637913e-03 4.563393e-03 4.741239e-03 4.417036e-03 4.459341e-03 4.411515e-03 4.352883e-03 4.516114e-03 4.504525e-03 4.497946e-03 4.350237e-03 4.602231e-03 4.757936e-03 4.356164e-03 4.380321e-03 4.375080e-03 4.413673e-03 4.365731e-03 5.055931e-03 6.623561e-03 6.263996e-03 6.188237e-03 4.778662e-02 6.564771e-03 6.305605e-03 6.656360e-03 6.227356e-03 4.648599e-03 4.418204e-03 4.527230e-03 4.329608e-03 4.460729e-03 4.279117e-03 4.735971e-03 4.538464e-03 4.721536e-03 5.621902e-03 4.453746e-03 5.067469e-03 4.724339e-03 4.499912e-03 4.465244e-03 4.638141e-03 4.285241e-03 4.377632e-03 4.502560e-03 6.313874e-03 6.137833e-03 6.157615e-03 6.377110e-03 6.614157e-03 7.560281e-03 7.912347e-03 6.137316e-03 4.566423e-03 6.290256e-03 6.213719e-03 6.305505e-03 6.115137e-03 6.960860e-03 6.132016e-03 6.260889e-03 7.160923e-03 9.468970e-02 6.249950e-03 6.478222e-03 6.213320e-03 6.255748e-03 6.473681e-03 6.002686e-02 6.511568e-03 6.455622e-03 4.593083e-03 7.016882e-03 6.255163e-03 6.039376e-03 6.292808e-03 5.935051e-03 7.094244e-03 6.545654e-03 6.334370e-03 3.253779e-03 1.431589e-02 6.472731e-03 6.108587e-03 6.228981e-03 6.324489e-03 6.402686e-03 6.444515e-03 7.214818e-03 3.693810e-03 6.364805e-03 4.528520e-03 4.576443e-03 7.676411e-03 6.175721e-03 6.149640e-03 6.081620e-03 7.089028e-03 4.637642e-03 6.362999e-03 6.188300e-03 6.640856e-03 6.338580e-03 7.130800e-03 6.430160e-03 1.931847e-02 7.057705e-03
3.798344e-03 3.739960e-03 3.892019e-03 3.598755e-03 3.655724e-03 3.595345e-03 3.534561e-03 3.702437e-03 3.693332e-03 3.674011e-03 3.523461e-03 3.776113e-03 3.874271e-03 3.530315e-03 3.556447e-03 3.548515e-03 3.616834e-03 3.553987e-03 4.098508e-03 5.430450e-03 5.125864e-03 5.017709e-03 3.927961e-02 5.377855e-03 5.122467e-03 5.398080e-03 5.062275e-03 3.815094e-03 3.586467e-03 3.715898e-03 3.528661e-03 3.636164e-03 3.481447e-03 3.879462e-03 3.718611e-03 3.829064e-03 4.593909e-03 3.658452e-03 4.155699e-03 3.867946e-03 3.688634e-03 3.644822e-03 3.798483e-03 3.467718e-03 3.585516e-03 3.689436e-03 5.153340e-03 4.962840e-03 5.012531e-03 5.224471e-03 5.415184e-03 6.142391e-03 6.480356e-03 4.973181e-03 3.744545e-03 5.109442e-03 5.043045e-03 5.175387e-03 5.019792e-03 5.667293e-03 4.975698e-03 5.139941e-03 5.880112e-03 8.100929e-02 5.118069e-03 5.302235e-03 5.034788e-03 5.142126e-03 5.313397e-03 4.838326e-02 5.268228e-03 5.285486e-03 3.759503e-03 5.750946e-03 5.125025e-03 4.913074e-03 5.165477e-03 4.812190e-03 5.810366e-03 5.366604e-03 5.195873e-03 2.669321e-03 1.163340e-02 5.300095e-03 4.947698e-03 5.057601e-03 5.159003e-03 5.237575e-03 5.281011e-03 5.914968e-03 3.035061e-03 5.223446e-03 3.718949e-03 3.741436e-03 6.255058e-03 5.043377e-03 5.020873e-03 4.984435e-03 5.810154e-03 3.788709e-03 5.213599e-03 5.010211e-03 5.434101e-03 5.147596e-03 5.854219e-03 5.272205e-03 1.572352e-02 5.719553e-03
3.283900e-03 3.227757e-03 3.364919e-03 3.094046e-03 3.154285e-03 3.090215e-03 3.027435e-03 3.199610e-03 3.192429e-03 3.170794e-03 3.021722e-03 3.262827e-03 3.335693e-03 3.026755e-03 3.046365e-03 3.040747e-03 3.123111e-03 3.054471e-03 3.510162e-03 4.697402e-03 4.429040e-03 4.304757e-03 3.314774e-02 4.654470e-03 4.406726e-03 4.642842e-03 4.346786e-03 3.299179e-03 3.068688e-03 3.210033e-03 3.034605e-03 3.136020e-03 2.996959e-03 3.351167e-03 3.210215e-03 3.279820e-03 3.972161e-03 3.173065e-03 3.600080e-03 3.347496e-03 3.181768e-03 3.136877e-03 3.289034e-03 2.973200e-03 3.100935e-03 3.187898e-03 4.434224e-03 4.255476e-03 4.311855e-03 4.510621e-03 4.681845e-03 5.273342e-03 5.589187e-03 4.253127e-03 3.238222e-03 4.385469e-03 4.327156e-03 4.465986e-03 4.340045e-03 4.867348e-03 4.260321e-03 4.439672e-03 5.089979e-03 6.838331e-02 4.427406e-03 4.593260e-03 4.316764e-03 4.449293e-03 4.599844e-03 4.205639e-02 4.507223e-03 4.560639e-03 3.249178e-03 4.972737e-03 4.435702e-03 4.217364e-03 4.458109e-03 4.117435e-03 5.024265e-03 4.641255e-03 4.489015e-03 2.310467e-03 1.002001e-02 4.575839e-03 4.243393e-03 4.341753e-03 4.439822e-03 4.526574e-03 4.564554e-03 5.108671e-03 2.622352e-03 4.508543e-03 3.214284e-03 3.224257e-03 5.394796e-03 4.343362e-03 4.327204e-03 4.309375e-03 5.025517e-03 3.270906e-03 4.503737e-03 4.293733e-03 4.698628e-03 4.416992e-03 5.054604e-03 4.554442e-03 1.355337e-02 4.904948e-03
2.960653e-03 2.908879e-03 3.029731e-03 2.781297e-03 2.840727e-03 2.773807e-03 2.717984e-03 2.888937e-03 2.876546e-03 2.851996e-03 2.707028e-03 2.933898e-03 2.987485e-03 2.713020e-03 2.737012e-03 2.723080e-03 2.814182e-03 2.739540e-03 3.150431e-03 4.232144e-03 3.984656e-03 3.862803e-03 2.992974e-02 4.197181e-03 3.948907e-03 4.160845e-03 3.900805e-03 2.973325e-03 2.746872e-03 2.892217e-03 2.724079e-03 2.812311e-03 2.692025e-03 3.020187e-03 2.889865e-03 2.942295e-03 3.567696e-03 2.855183e-03 3.240574e-03 3.009767e-03 2.869848e-03 2.822026e-03 2.955310e-03 2.662005e-03 2.794961e-03 2.872290e-03 3.986351e-03 3.812433e-03 3.872822e-03 4.062956e-03 4.222057e-03 4.728014e-03 5.020088e-03 3.801361e-03 2.919265e-03 3.928786e-03 3.880420e-03 4.033334e-03 3.906328e-03 4.367644e-03 3.815395e-03 3.997781e-03 4.582533e-03 6.018158e-02 3.985965e-03 4.125251e-03 3.867106e-03 4.005730e-03 4.139949e-03 3.814422e-02 4.030779e-03 4.111320e-03 2.926383e-03 4.480632e-03 3.994564e-03 3.782883e-03 4.018710e-03 3.701886e-03 4.538771e-03 4.175512e-03 4.044061e-03 2.081249e-03 8.986565e-03 4.116080e-03 3.799309e-03 3.887124e-03 3.990107e-03 4.080330e-03 4.104249e-03 4.603626e-03 2.359409e-03 4.067198e-03 2.889566e-03 2.896019e-03 4.854240e-03 3.904836e-03 3.894326e-03 3.884857e-03 4.528555e-03 2.946404e-03 4.065334e-03 3.846326e-03 4.236114e-03 3.962789e-03 4.564677e-03 4.111875e-03 1.220889e-02 4.387699e-03
2.756963e-03 2.706238e-03 2.825186e-03 2.582996e-03 2.649927e-03 2.579824e-03 2.517181e-03 2.682934e-03 2.677758e-03 2.649914e-03 2.507030e-03 2.727465e-03 2.768231e-03 2.520513e-03 2.532733e-03 2.521189e-03 2.618759e-03 2.550355e-03 2.917797e-03 3.939957e-03 3.710035e-03 3.577062e-03 2.807774e-02 3.906830e-03 3.670181e-03 3.863411e-03 3.626389e-03 2.763723e-03 2.548766e-03 2.694244e-03 2.526532e-03 2.615770e-03 2.495756e-03 2.810837e-03 2.687621e-03 2.727257e-03 3.324383e-03 2.647464e-03 3.015274e-03 2.804738e-03 2.663009e-03 2.623926e-03 2.756394e-03 2.464913e-03 2.598135e-03 2.675535e-03 3.698926e-03 3.543882e-03 3.592662e-03 3.782966e-03 3.929750e-03 4.393614e-03 4.687442e-03 3.529713e-03 2.710316e-03 3.639340e-03 3.599673e-03 3.745229e-03 3.631115e-03 4.060515e-03 3.542964e-03 3.710351e-03 4.255690e-03 5.824597e-02 3.710746e-03 3.848765e-03 3.577420e-03 3.725276e-03 3.844753e-03 3.597253e-02 3.734812e-03 3.826599e-03 2.725651e-03 4.173602e-03 3.715539e-03 3.512807e-03 3.734925e-03 3.423531e-03 4.217688e-03 3.888389e-03 3.764593e-03 1.938892e-03 8.367550e-03 3.835199e-03 3.527421e-03 3.599690e-03 3.713131e-03 3.797404e-03 3.825152e-03 4.290698e-03 2.196110e-03 3.771798e-03 2.693589e-03 2.697653e-03 4.509260e-03 3.625109e-03 3.619654e-03 3.614089e-03 4.213292e-03 2.735460e-03 3.784136e-03 3.563991e-03 3.932569e-03 3.678410e-03 4.243307e-03 3.816681e-03 1.138659e-02 4.071751e-03
2.628773e-03 2.580655e-03 2.703763e-03 2.466531e-03 2.525718e-03 2.456943e-03 2.401888e-03 2.563033e-03 2.558462e-03 2.533339e-03 2.396140e-03 2.615998e-03 2.641803e-03 2.401444e-03 2.419912e-03 2.408165e-03 2.497126e-03 2.431551e-03 2.779528e-03 3.761078e-03 3.546006e-03 3.413204e-03 2.671479e-02 3.728495e-03 3.506692e-03 3.689533e-03 3.452628e-03 2.645565e-03 2.433706e-03 2.572839e-03 2.413931e-03 2.496862e-03 2.388211e-03 2.689186e-03 2.566785e-03 2.595636e-03 3.171634e-03 2.541800e-03 2.887077e-03 2.673311e-03 2.551828e-03 2.502749e-03 2.630778e-03 2.353807e-03 2.481406e-03 2.555754e-03 3.542065e-03 3.376267e-03 3.428689e-03 3.612116e-03 3.750950e-03 4.195588e-03 4.473189e-03 3.363486e-03 2.588407e-03 3.475977e-03 3.421729e-03 3.579435e-03 3.474604e-03 3.871244e-03 3.377186e-03 3.556737e-03 4.073694e-03 5.374280e-02 3.542376e-03 3.676948e-03 3.413285e-03 3.566314e-03 3.686859e-03 3.324764e-02 3.563029e-03 3.650231e-03 2.605886e-03 3.977705e-03 3.539064e-03 3.352233e-03 3.568315e-03 3.271147e-03 4.033471e-03 3.716928e-03 3.593101e-03 1.849732e-03 7.949159e-03 3.658811e-03 3.357101e-03 3.443206e-03 3.537713e-03 3.619791e-03 3.654691e-03 4.088261e-03 2.101079e-03 3.605257e-03 2.568184e-03 2.574531e-03 4.305411e-03 3.463401e-03 3.453149e-03 3.455187e-03 4.024197e-03 2.613901e-03 3.625836e-03 3.400498e-03 3.768642e-03 3.509852e-03 4.050105e-03 3.649159e-03 1.078265e-02 3.881704e-03
2.568892e-03 2.529276e-03 2.640857e-03 2.414427e-03 2.474182e-03 2.399681e-03 2.344937e-03 2.508895e-03 2.502403e-03 2.475490e-03 2.338436e-03 2.555214e-03 2.588504e-03 2.341581e-03 2.361580e-03 2.352452e-03 2.440312e-03 2.374876e-03 2.720186e-03 3.679658e-03 3.463833e-03 3.334659e-03 2.578243e-02 3.653468e-03 3.423981e-03 3.603925e-03 3.370829e-03 2.582930e-03 2.379998e-03 2.514197e-03 2.353527e-03 2.441972e-03 2.334690e-03 2.623584e-03 2.516555e-03 2.543681e-03 3.104842e-03 2.479220e-03 2.818482e-03 2.624469e-03 2.492054e-03 2.447676e-03 2.571852e-03 2.300305e-03 2.427595e-03 2.494363e-03 3.458878e-03 3.290632e-03 3.350553e-03 3.533229e-03 3.670258e-03 4.084704e-03 4.375353e-03 3.285234e-03 2.537969e-03 3.400605e-03 3.348163e-03 3.501440e-03 3.403632e-03 3.788640e-03 3.296400e-03 3.479095e-03 3.975460e-03 5.583474e-02 3.464632e-03 3.596308e-03 3.339438e-03 3.479435e-03 3.602695e-03 3.353280e-02 3.481863e-03 3.571683e-03 2.547767e-03 3.889473e-03 3.468345e-03 3.278120e-03 3.495841e-03 3.197267e-03 3.946299e-03 3.630479e-03 3.520383e-03 1.812115e-03 7.769029e-03 3.575685e-03 3.279523e-03 3.357434e-03 3.463162e-03 3.541844e-03 3.566583e-03 4.000358e-03 2.053751e-03 3.526380e-03 2.510864e-03 2.516058e-03 4.221913e-03 3.388552e-03 3.379562e-03 3.373868e-03 3.936026e-03 2.555949e-03 3.545257e-03 3.324413e-03 3.689330e-03 3.433293e-03 3.963920e-03 3.569566e-03 1.054943e-02 3.798640e-03
