# Version 0.0
# Data /lustre/isaac24/proj/UTK0244/cbaillar/Bayes_HEP/Detroit_tune_Project/input/Data/Data__200__pp__STAR_2020_I1783875__d11-x01-y01.dat
# Observable: $1/N_{jets}$
# Subobservable: $R_{g}$
# Design Design_Rivet.dat
# design_point1 design_point2 design_point3 design_point4 design_point5 design_point6 design_point7 design_point8 design_point9 design_point10 design_point11 design_point12 design_point13 design_point14 design_point15 design_point16 design_point17 design_point18 design_point19 design_point20 design_point21 design_point22 design_point23 design_point24 design_point25 design_point26 design_point27 design_point28 design_point29 design_point30 design_point31 design_point32 design_point33 design_point34 design_point35 design_point36 design_point37 design_point38 design_point39 design_point40 design_point41 design_point42 design_point43 design_point44 design_point45 design_point46 design_point47 design_point48 design_point49 design_point50 design_point51 design_point52 design_point53 design_point54 design_point55 design_point56 design_point57 design_point58 design_point59 design_point60 design_point61 design_point62 design_point63 design_point64 design_point65 design_point66 design_point67 design_point68 design_point69 design_point70 design_point71 design_point72 design_point73 design_point74 design_point75 design_point76 design_point77 design_point78 design_point79 design_point80 design_point81 design_point82 design_point83 design_point84 design_point85 design_point86 design_point87 design_point88 design_point89 design_point90 design_point91 design_point92 design_point93 design_point94 design_point95 design_point96 design_point97 design_point98 design_point99 design_point100 design_point101 design_point102 design_point103 design_point104 design_point105 design_point106 design_point107 design_point108
1.433631e-03 1.419708e-03 1.453418e-03 1.354774e-03 1.429043e-03 1.347748e-03 1.312254e-03 1.446182e-03 1.442844e-03 1.394107e-03 1.292913e-03 1.436858e-03 1.338371e-03 1.305128e-03 1.305222e-03 1.300391e-03 1.426731e-03 1.359247e-03 1.301450e-03 2.031761e-03 2.027401e-03 1.849434e-03 4.058301e-02 2.043312e-03 1.889097e-03 1.895104e-03 1.876857e-03 1.448983e-03 1.295071e-03 1.450146e-03 1.339713e-03 1.374017e-03 1.346125e-03 1.445666e-03 1.424636e-03 1.558500e-03 1.446994e-03 1.448791e-03 1.463756e-03 1.440352e-03 1.423536e-03 1.380518e-03 1.435151e-03 1.285861e-03 1.436414e-03 1.429006e-03 1.947450e-03 1.817457e-03 1.894282e-03 2.033051e-03 2.029176e-03 1.915336e-03 2.058310e-03 1.807974e-03 1.433960e-03 1.849425e-03 1.853273e-03 2.040184e-03 2.045842e-03 1.919354e-03 1.816016e-03 2.031832e-03 2.066361e-03 6.256839e-02 2.027414e-03 2.028797e-03 1.829830e-03 2.019126e-03 2.046322e-03 6.480078e-02 1.812565e-03 2.004734e-03 1.432825e-03 2.068047e-03 2.043093e-03 1.867905e-03 2.047578e-03 1.820934e-03 2.061475e-03 2.039023e-03 2.040116e-03 1.025780e-03 6.837534e-03 2.005403e-03 1.820825e-03 1.831436e-03 1.940813e-03 1.995945e-03 2.026063e-03 2.056448e-03 1.179088e-03 1.474551e-03 1.437781e-03 1.395576e-03 1.998599e-03 1.937074e-03 1.956857e-03 2.035379e-03 2.058297e-03 1.406902e-03 2.043582e-03 1.818324e-03 2.040106e-03 1.870263e-03 2.065637e-03 2.033785e-03 1.529912e-02 1.846509e-03
3.057600e-03 3.028366e-03 3.103971e-03 2.905625e-03 3.050749e-03 2.889247e-03 2.802236e-03 3.091735e-03 3.082317e-03 2.981161e-03 2.784612e-03 3.079590e-03 2.879687e-03 2.791266e-03 2.799736e-03 2.768636e-03 3.033399e-03 2.894636e-03 2.809147e-03 4.336742e-03 4.331489e-03 3.980825e-03 9.296248e-02 4.368962e-03 4.035485e-03 4.047584e-03 4.034483e-03 3.102403e-03 2.774233e-03 3.092766e-03 2.872613e-03 2.937173e-03 2.867247e-03 3.081365e-03 3.042361e-03 3.335342e-03 3.081761e-03 3.097246e-03 3.128788e-03 3.066062e-03 3.041436e-03 2.950578e-03 3.064640e-03 2.758951e-03 3.063556e-03 3.057138e-03 4.155282e-03 3.912239e-03 4.070938e-03 4.321400e-03 4.331221e-03 4.108553e-03 4.380196e-03 3.871190e-03 3.064421e-03 3.976876e-03 3.969133e-03 4.354109e-03 4.362102e-03 4.108136e-03 3.909004e-03 4.352963e-03 4.423420e-03 1.678886e-01 4.328616e-03 4.329909e-03 3.922286e-03 4.313893e-03 4.368653e-03 1.186049e-01 3.888046e-03 4.277061e-03 3.063018e-03 4.409137e-03 4.367230e-03 4.010522e-03 4.373451e-03 3.937404e-03 4.384691e-03 4.357768e-03 4.359926e-03 2.186756e-03 1.482828e-02 4.272807e-03 3.921189e-03 3.938183e-03 4.157378e-03 4.269473e-03 4.325699e-03 4.382949e-03 2.524486e-03 3.145893e-03 3.073816e-03 2.984426e-03 4.254804e-03 4.153210e-03 4.186423e-03 4.337882e-03 4.400535e-03 3.009767e-03 4.366209e-03 3.909622e-03 4.361995e-03 3.997645e-03 4.431872e-03 4.359062e-03 3.190737e-02 3.971339e-03
4.152425e-03 4.129464e-03 4.203195e-03 3.991766e-03 4.154657e-03 3.982039e-03 3.873032e-03 4.193512e-03 4.181887e-03 4.079268e-03 3.866065e-03 4.175393e-03 3.977626e-03 3.857622e-03 3.876942e-03 3.836466e-03 4.134187e-03 3.974472e-03 3.908281e-03 5.892701e-03 5.886373e-03 5.516759e-03 1.220526e-01 5.925306e-03 5.574396e-03 5.568324e-03 5.557337e-03 4.209414e-03 3.847195e-03 4.197160e-03 3.964063e-03 4.031554e-03 3.927504e-03 4.192339e-03 4.147054e-03 4.610485e-03 4.208486e-03 4.194828e-03 4.238071e-03 4.173143e-03 4.141288e-03 4.040489e-03 4.172265e-03 3.827391e-03 4.164259e-03 4.159283e-03 5.677022e-03 5.432131e-03 5.607862e-03 5.882414e-03 5.897114e-03 5.671052e-03 5.960183e-03 5.390681e-03 4.167028e-03 5.511443e-03 5.493971e-03 5.907492e-03 5.916282e-03 5.667472e-03 5.431663e-03 5.902932e-03 5.995268e-03 2.118720e-01 5.890011e-03 5.885909e-03 5.454576e-03 5.855639e-03 5.922931e-03 1.655276e-01 5.413351e-03 5.832695e-03 4.160165e-03 5.976964e-03 5.929854e-03 5.534545e-03 5.936723e-03 5.451276e-03 5.971573e-03 5.920821e-03 5.919826e-03 2.965596e-03 2.044329e-02 5.828574e-03 5.451445e-03 5.475232e-03 5.714249e-03 5.808517e-03 5.894784e-03 5.966013e-03 3.428235e-03 4.276245e-03 4.179295e-03 4.086742e-03 5.821384e-03 5.696588e-03 5.727885e-03 5.896903e-03 5.973306e-03 4.107293e-03 5.924312e-03 5.428392e-03 5.932079e-03 5.500277e-03 6.010269e-03 5.907584e-03 4.460271e-02 5.510606e-03
4.399515e-03 4.391027e-03 4.429283e-03 4.304274e-03 4.395673e-03 4.298884e-03 4.215785e-03 4.423397e-03 4.412841e-03 4.354035e-03 4.217970e-03 4.418336e-03 4.307330e-03 4.194135e-03 4.222951e-03 4.190182e-03 4.389378e-03 4.273603e-03 4.262500e-03 6.235253e-03 6.230620e-03 6.015872e-03 1.461342e-01 6.256588e-03 6.034485e-03 6.030523e-03 6.020832e-03 4.440806e-03 4.201774e-03 4.427666e-03 4.280523e-03 4.321828e-03 4.237743e-03 4.440730e-03 4.394038e-03 5.036135e-03 4.464692e-03 4.421539e-03 4.472373e-03 4.412417e-03 4.387043e-03 4.332357e-03 4.407887e-03 4.193969e-03 4.401484e-03 4.399097e-03 6.079672e-03 5.937317e-03 6.051930e-03 6.218457e-03 6.231205e-03 6.125857e-03 6.320454e-03 5.918125e-03 4.406158e-03 5.998301e-03 5.987268e-03 6.238162e-03 6.244193e-03 6.136483e-03 5.935159e-03 6.222917e-03 6.328705e-03 2.374303e-01 6.233247e-03 6.227699e-03 5.944189e-03 6.182457e-03 6.250855e-03 1.822791e-01 5.944487e-03 6.189795e-03 4.405165e-03 6.296760e-03 6.262081e-03 6.009275e-03 6.269265e-03 5.955949e-03 6.299006e-03 6.255675e-03 6.245344e-03 3.126207e-03 2.237707e-02 6.193749e-03 5.957611e-03 5.972461e-03 6.124552e-03 6.182294e-03 6.230944e-03 6.308903e-03 3.611781e-03 4.526223e-03 4.413258e-03 4.355782e-03 6.236936e-03 6.121303e-03 6.138333e-03 6.225191e-03 6.299597e-03 4.376202e-03 6.247595e-03 5.929366e-03 6.265767e-03 5.965669e-03 6.323980e-03 6.247831e-03 4.951447e-02 6.023752e-03
4.227441e-03 4.227202e-03 4.230408e-03 4.219811e-03 4.225223e-03 4.211135e-03 4.185235e-03 4.226370e-03 4.227475e-03 4.225169e-03 4.200944e-03 4.237274e-03 4.251890e-03 4.181991e-03 4.188625e-03 4.180076e-03 4.226885e-03 4.201767e-03 4.249119e-03 5.981317e-03 5.975235e-03 5.981838e-03 1.469550e-01 5.983434e-03 5.950912e-03 5.960740e-03 5.936985e-03 4.244722e-03 4.188135e-03 4.234346e-03 4.209445e-03 4.207524e-03 4.178488e-03 4.248691e-03 4.227678e-03 5.042609e-03 4.299798e-03 4.229572e-03 4.266753e-03 4.231658e-03 4.224436e-03 4.216647e-03 4.232584e-03 4.191175e-03 4.219839e-03 4.230435e-03 5.941729e-03 5.916099e-03 5.953256e-03 5.965778e-03 5.989165e-03 6.031300e-03 6.066299e-03 5.923176e-03 4.234747e-03 5.937949e-03 5.937629e-03 5.982815e-03 5.979134e-03 6.013732e-03 5.927579e-03 5.969319e-03 6.047609e-03 2.335514e-01 5.965819e-03 5.974863e-03 5.929769e-03 5.925006e-03 5.986643e-03 1.837133e-01 5.941625e-03 5.983979e-03 4.225239e-03 6.007615e-03 5.977263e-03 5.938759e-03 5.987431e-03 5.932285e-03 6.030024e-03 5.992968e-03 5.981148e-03 2.991759e-03 2.234870e-02 5.967824e-03 5.930642e-03 5.931888e-03 5.966221e-03 5.972773e-03 5.982067e-03 6.058515e-03 3.450647e-03 4.338396e-03 4.223140e-03 4.221966e-03 6.070526e-03 5.963628e-03 5.963169e-03 5.966725e-03 6.022428e-03 4.228630e-03 5.979906e-03 5.916207e-03 6.009751e-03 5.923086e-03 6.036163e-03 5.974820e-03 4.998442e-02 5.993943e-03
4.113041e-03 4.126351e-03 4.085233e-03 4.200592e-03 4.106923e-03 4.206416e-03 4.267404e-03 4.086280e-03 4.093281e-03 4.156468e-03 4.276317e-03 4.108372e-03 4.271416e-03 4.266926e-03 4.253963e-03 4.278973e-03 4.116999e-03 4.216680e-03 4.325115e-03 5.805970e-03 5.803655e-03 6.078581e-03 1.512371e-01 5.784255e-03 5.977486e-03 6.030050e-03 5.976735e-03 4.105841e-03 4.279611e-03 4.093351e-03 4.212399e-03 4.175613e-03 4.231232e-03 4.116885e-03 4.115320e-03 5.171813e-03 4.190391e-03 4.078950e-03 4.115688e-03 4.101270e-03 4.116616e-03 4.173561e-03 4.101026e-03 4.281919e-03 4.095827e-03 4.108644e-03 5.913649e-03 6.052302e-03 5.952876e-03 5.805294e-03 5.804017e-03 6.048681e-03 5.902283e-03 6.081701e-03 4.108938e-03 6.009152e-03 6.024301e-03 5.783657e-03 5.769708e-03 6.019081e-03 6.053258e-03 5.793645e-03 5.825068e-03 2.450040e-01 5.792221e-03 5.805317e-03 6.050303e-03 5.744275e-03 5.786705e-03 1.953450e-01 6.095770e-03 5.842563e-03 4.106236e-03 5.788253e-03 5.772099e-03 5.989524e-03 5.779868e-03 6.045846e-03 5.822481e-03 5.804403e-03 5.778714e-03 2.888847e-03 2.317561e-02 5.839062e-03 6.050629e-03 6.031079e-03 5.904841e-03 5.856705e-03 5.804459e-03 5.860757e-03 3.336000e-03 4.194461e-03 4.095493e-03 4.158427e-03 5.990172e-03 5.912545e-03 5.881994e-03 5.785033e-03 5.822559e-03 4.141857e-03 5.780708e-03 6.051063e-03 5.824557e-03 6.029392e-03 5.817442e-03 5.789813e-03 5.200585e-02 6.098276e-03
3.639941e-03 3.664826e-03 3.605183e-03 3.789838e-03 3.643752e-03 3.806322e-03 3.908485e-03 3.606778e-03 3.615653e-03 3.713609e-03 3.922136e-03 3.633400e-03 3.861001e-03 3.927039e-03 3.899148e-03 3.937322e-03 3.659575e-03 3.820159e-03 3.965106e-03 5.144752e-03 5.135429e-03 5.572130e-03 1.397254e-01 5.101268e-03 5.427612e-03 5.503375e-03 5.448347e-03 3.620327e-03 3.933522e-03 3.609834e-03 3.813701e-03 3.764002e-03 3.854910e-03 3.642205e-03 3.649879e-03 4.788645e-03 3.712206e-03 3.596817e-03 3.620825e-03 3.631372e-03 3.653452e-03 3.742579e-03 3.632929e-03 3.942352e-03 3.624931e-03 3.638521e-03 5.342363e-03 5.564052e-03 5.404225e-03 5.146005e-03 5.138893e-03 5.484705e-03 5.221685e-03 5.614415e-03 3.638354e-03 5.491039e-03 5.508540e-03 5.125236e-03 5.097257e-03 5.439408e-03 5.579695e-03 5.121246e-03 5.132344e-03 2.203260e-01 5.128158e-03 5.151474e-03 5.559580e-03 5.075017e-03 5.104793e-03 1.852781e-01 5.626852e-03 5.185501e-03 3.634669e-03 5.093159e-03 5.092915e-03 5.446694e-03 5.094830e-03 5.546254e-03 5.133437e-03 5.122349e-03 5.111474e-03 2.553886e-03 2.146672e-02 5.199684e-03 5.554956e-03 5.527991e-03 5.303799e-03 5.202258e-03 5.141860e-03 5.177543e-03 2.938494e-03 3.685885e-03 3.622804e-03 3.711990e-03 5.351081e-03 5.305726e-03 5.273246e-03 5.123312e-03 5.140488e-03 3.693963e-03 5.108531e-03 5.576731e-03 5.147599e-03 5.515475e-03 5.113320e-03 5.118606e-03 4.883916e-02 5.591610e-03
2.485514e-03 2.503711e-03 2.459767e-03 2.587637e-03 2.486021e-03 2.602235e-03 2.667139e-03 2.461433e-03 2.466017e-03 2.533401e-03 2.681374e-03 2.475046e-03 2.636349e-03 2.680285e-03 2.672818e-03 2.689817e-03 2.495421e-03 2.602204e-03 2.703097e-03 3.508798e-03 3.505741e-03 3.807033e-03 9.866023e-02 3.490437e-03 3.717934e-03 3.741131e-03 3.733949e-03 2.468681e-03 2.694956e-03 2.462600e-03 2.610176e-03 2.570535e-03 2.611627e-03 2.480457e-03 2.490795e-03 3.279168e-03 2.514544e-03 2.452743e-03 2.466636e-03 2.473161e-03 2.491861e-03 2.556347e-03 2.478037e-03 2.708565e-03 2.477890e-03 2.488046e-03 3.641792e-03 3.811652e-03 3.700519e-03 3.508571e-03 3.504392e-03 3.744829e-03 3.536589e-03 3.846536e-03 2.480821e-03 3.760561e-03 3.772263e-03 3.494614e-03 3.478361e-03 3.715411e-03 3.830846e-03 3.492112e-03 3.494204e-03 1.532606e-01 3.498416e-03 3.512322e-03 3.811001e-03 3.465016e-03 3.486155e-03 1.277660e-01 3.860636e-03 3.541346e-03 2.481871e-03 3.475752e-03 3.474386e-03 3.733780e-03 3.480650e-03 3.792905e-03 3.501591e-03 3.498909e-03 3.484211e-03 1.744397e-03 1.483916e-02 3.545588e-03 3.797694e-03 3.790662e-03 3.625587e-03 3.549369e-03 3.510173e-03 3.522250e-03 2.006212e-03 2.502137e-03 2.470231e-03 2.530478e-03 3.631408e-03 3.622944e-03 3.599404e-03 3.489412e-03 3.502880e-03 2.511038e-03 3.485191e-03 3.818913e-03 3.499445e-03 3.759806e-03 3.485230e-03 3.494235e-03 3.379181e-02 3.827319e-03
4.874801e-04 4.903223e-04 4.818612e-04 4.977081e-04 4.818682e-04 4.955793e-04 5.119628e-04 4.829616e-04 4.807352e-04 4.906374e-04 5.140464e-04 4.790713e-04 4.993751e-04 5.149451e-04 5.114694e-04 5.182902e-04 4.867345e-04 4.991655e-04 5.167169e-04 6.838451e-04 6.814272e-04 7.306936e-04 2.433460e-02 6.870255e-04 7.095203e-04 7.277475e-04 7.214264e-04 4.792805e-04 5.100862e-04 4.771650e-04 5.005753e-04 4.947164e-04 5.018399e-04 4.833468e-04 4.882198e-04 6.406133e-04 4.867386e-04 4.816985e-04 4.771796e-04 4.854650e-04 4.846110e-04 4.941350e-04 4.810293e-04 5.153721e-04 4.845217e-04 4.839024e-04 7.089011e-04 7.259602e-04 7.086705e-04 6.843549e-04 6.818540e-04 7.168120e-04 6.861397e-04 7.360593e-04 4.791995e-04 7.293939e-04 7.191399e-04 6.777734e-04 6.809959e-04 7.127815e-04 7.314546e-04 6.851930e-04 6.749770e-04 3.231018e-02 6.824802e-04 6.839925e-04 7.336137e-04 6.776856e-04 6.854840e-04 3.073771e-02 7.357927e-04 6.827884e-04 4.818998e-04 6.726550e-04 6.869227e-04 7.092790e-04 6.757419e-04 7.217503e-04 6.824230e-04 6.830127e-04 6.833416e-04 3.413265e-04 2.912683e-03 6.895502e-04 7.259417e-04 7.276125e-04 7.051110e-04 6.894898e-04 6.801867e-04 6.800875e-04 3.931529e-04 4.835994e-04 4.810657e-04 4.887975e-04 6.976908e-04 7.005822e-04 6.945959e-04 6.782985e-04 6.840644e-04 4.915430e-04 6.798829e-04 7.307847e-04 6.787679e-04 7.242557e-04 6.777210e-04 6.869132e-04 6.740256e-03 7.341942e-04
