# Version 0.0
# Data /lustre/isaac24/proj/UTK0244/cbaillar/Bayes_HEP/Detroit_tune_Project/input/Data/Data__200__pp__PHENIX_2025_I2820229__d06-x01-y05.dat
# Observable: $\frac{1}{N_{jet}}(j_T/p_T^{jet})\frac{dN}{d(j_T/p_T^{jet})}$
# Subobservable: $j_T/p_T^{jet}$
# Design Design_Rivet.dat
# design_point1 design_point2 design_point3 design_point4 design_point5 design_point6 design_point7 design_point8 design_point9 design_point10 design_point11 design_point12 design_point13 design_point14 design_point15 design_point16 design_point17 design_point18 design_point19 design_point20 design_point21 design_point22 design_point23 design_point24 design_point25 design_point26 design_point27 design_point28 design_point29 design_point30 design_point31 design_point32 design_point33 design_point34 design_point35 design_point36 design_point37 design_point38 design_point39 design_point40 design_point41 design_point42 design_point43 design_point44 design_point45 design_point46 design_point47 design_point48 design_point49 design_point50 design_point51 design_point52 design_point53 design_point54 design_point55 design_point56 design_point57 design_point58 design_point59 design_point60 design_point61 design_point62 design_point63 design_point64 design_point65 design_point66 design_point67 design_point68 design_point69 design_point70 design_point71 design_point72 design_point73 design_point74 design_point75 design_point76 design_point77 design_point78 design_point79 design_point80 design_point81 design_point82 design_point83 design_point84 design_point85 design_point86 design_point87 design_point88 design_point89 design_point90 design_point91 design_point92 design_point93 design_point94 design_point95 design_point96 design_point97 design_point98 design_point99 design_point100 design_point101 design_point102 design_point103 design_point104 design_point105 design_point106 design_point107 design_point108
1.343619e+05 1.328502e+05 1.306766e+05 1.515101e+05 1.314182e+05 1.820839e+05 1.766819e+05 1.261360e+05 1.284557e+05 1.670830e+05 1.779063e+05 1.391926e+05 1.588502e+05 1.952945e+05 1.743836e+05 1.770833e+05 1.369809e+05 1.756509e+05 1.742952e+05 1.341299e+05 1.360516e+05 1.734079e+05 1.652773e+05 1.259699e+05 1.635339e+05 1.886712e+05 1.573696e+05 1.264280e+05 1.765766e+05 1.323300e+05 1.550596e+05 1.496965e+05 1.808934e+05 1.287198e+05 1.424528e+05 1.759726e+05 1.390077e+05 1.387746e+05 1.700311e+05 1.314948e+05 1.337928e+05 1.447020e+05 1.292538e+05 2.042629e+05 1.282523e+05 1.446993e+05 1.716869e+05 1.717754e+05 1.534928e+05 1.315999e+05 1.306172e+05 1.610842e+05 1.353858e+05 1.801890e+05 1.333567e+05 1.768871e+05 1.658161e+05 1.281661e+05 1.271276e+05 1.660624e+05 1.714347e+05 1.500988e+05 1.259292e+05 1.565690e+05 1.297039e+05 1.320135e+05 1.775266e+05 1.447273e+05 1.383479e+05 1.787778e+05 1.779895e+05 1.369361e+05 1.506035e+05 1.417491e+05 1.261328e+05 1.622478e+05 1.806881e+05 1.722651e+05 1.470898e+05 1.343384e+05 1.264191e+05 1.320150e+05 1.717520e+05 1.393172e+05 1.731495e+05 1.677802e+05 1.500904e+05 1.809943e+05 1.332081e+05 1.998435e+05 2.078562e+05 1.318035e+05 1.363806e+05 6.064717e+05 1.509262e+05 1.462537e+05 1.658063e+05 1.678470e+05 1.279487e+05 1.362930e+05 1.282031e+05 3.100552e+05 1.484673e+05 1.795563e+05 1.259337e+05 1.424985e+05 1.693091e+05 1.695597e+05
1.042404e+04 1.046226e+04 1.039598e+04 1.056851e+04 1.043248e+04 1.058065e+04 1.066292e+04 1.041123e+04 1.041322e+04 1.049848e+04 1.067858e+04 1.042612e+04 1.060532e+04 1.066576e+04 1.065699e+04 1.069423e+04 1.044680e+04 1.057853e+04 1.067914e+04 1.042868e+04 1.042746e+04 1.066680e+04 1.066199e+04 1.040449e+04 1.059447e+04 1.063850e+04 1.061955e+04 1.040720e+04 1.069770e+04 1.040054e+04 1.058087e+04 1.052409e+04 1.060951e+04 1.043117e+04 1.043424e+04 1.079401e+04 1.046181e+04 1.040356e+04 1.039390e+04 1.042228e+04 1.044825e+04 1.052680e+04 1.042944e+04 1.069610e+04 1.041853e+04 1.043419e+04 1.054708e+04 1.067687e+04 1.058839e+04 1.045132e+04 1.043444e+04 1.058529e+04 1.045852e+04 1.071056e+04 1.042187e+04 1.064556e+04 1.064371e+04 1.040120e+04 1.040847e+04 1.059733e+04 1.069820e+04 1.043502e+04 1.039741e+04 1.050879e+04 1.042490e+04 1.044966e+04 1.067155e+04 1.042847e+04 1.040988e+04 1.054369e+04 1.070582e+04 1.048049e+04 1.044012e+04 1.040554e+04 1.038956e+04 1.059800e+04 1.039478e+04 1.065683e+04 1.041007e+04 1.042504e+04 1.040585e+04 1.040650e+04 1.080821e+04 1.045006e+04 1.066922e+04 1.066058e+04 1.054522e+04 1.047431e+04 1.042989e+04 1.042427e+04 1.040423e+04 1.042940e+04 1.040615e+04 1.049831e+04 1.054631e+04 1.053434e+04 1.052891e+04 1.041797e+04 1.040839e+04 1.048384e+04 1.039967e+04 1.069582e+04 1.041777e+04 1.064059e+04 1.039355e+04 1.040228e+04 1.071379e+04 1.067570e+04
2.060889e+03 2.066546e+03 2.053992e+03 2.084393e+03 2.059821e+03 2.079922e+03 2.083813e+03 2.055371e+03 2.057467e+03 2.071936e+03 2.098505e+03 2.058181e+03 2.092068e+03 2.085742e+03 2.093476e+03 2.089463e+03 2.062039e+03 2.068595e+03 2.092300e+03 2.059937e+03 2.058788e+03 2.096336e+03 2.142277e+03 2.058919e+03 2.086459e+03 2.080455e+03 2.091761e+03 2.054963e+03 2.090987e+03 2.053575e+03 2.081292e+03 2.079146e+03 2.055300e+03 2.057639e+03 2.065697e+03 2.115361e+03 2.059086e+03 2.052143e+03 2.058546e+03 2.061471e+03 2.068783e+03 2.080972e+03 2.060329e+03 2.097320e+03 2.060495e+03 2.065265e+03 2.067457e+03 2.103379e+03 2.087034e+03 2.058976e+03 2.062861e+03 2.088577e+03 2.061595e+03 2.107288e+03 2.061309e+03 2.090324e+03 2.099583e+03 2.061726e+03 2.054165e+03 2.083525e+03 2.098198e+03 2.057692e+03 2.051478e+03 2.266965e+03 2.060573e+03 2.062156e+03 2.092129e+03 2.057660e+03 2.056796e+03 2.079583e+03 2.107012e+03 2.064322e+03 2.060975e+03 2.058818e+03 2.055860e+03 2.088844e+03 2.056374e+03 2.094366e+03 2.057692e+03 2.060083e+03 2.057991e+03 2.053633e+03 2.118802e+03 2.063158e+03 2.096564e+03 2.098576e+03 2.077460e+03 2.063578e+03 2.061945e+03 2.056896e+03 2.054526e+03 2.054928e+03 2.058023e+03 2.071098e+03 2.072893e+03 2.079353e+03 2.077275e+03 2.059327e+03 2.062181e+03 2.066087e+03 2.053878e+03 2.096003e+03 2.062916e+03 2.076027e+03 2.055600e+03 2.054694e+03 2.077127e+03 2.099646e+03
3.565786e+02 3.539856e+02 3.535658e+02 3.581011e+02 3.564186e+02 3.579983e+02 3.554515e+02 3.536969e+02 3.535667e+02 3.553593e+02 3.598549e+02 3.550921e+02 3.594239e+02 3.582097e+02 3.595676e+02 3.575217e+02 3.582297e+02 3.548412e+02 3.614344e+02 3.548983e+02 3.542079e+02 3.599593e+02 3.091075e+02 3.548505e+02 3.611830e+02 3.560095e+02 3.591988e+02 3.548109e+02 3.591633e+02 3.549652e+02 3.580215e+02 3.579490e+02 3.497200e+02 3.538199e+02 3.540329e+02 3.665104e+02 3.538624e+02 3.524058e+02 3.548593e+02 3.534033e+02 3.559122e+02 3.572775e+02 3.534162e+02 3.595035e+02 3.553668e+02 3.540817e+02 3.544035e+02 3.612679e+02 3.604132e+02 3.550036e+02 3.532960e+02 3.583481e+02 3.547982e+02 3.618107e+02 3.559548e+02 3.600167e+02 3.595241e+02 3.545099e+02 3.548520e+02 3.577296e+02 3.607222e+02 3.554693e+02 3.537080e+02 3.664517e+02 3.546245e+02 3.558200e+02 3.593501e+02 3.566396e+02 3.533534e+02 3.701976e+02 3.621550e+02 3.539426e+02 3.540253e+02 3.555836e+02 3.558842e+02 3.583021e+02 3.553228e+02 3.606924e+02 3.532733e+02 3.531440e+02 3.540471e+02 3.548105e+02 3.750356e+02 3.558359e+02 3.593917e+02 3.600320e+02 3.581432e+02 3.535468e+02 3.550559e+02 3.551892e+02 3.543346e+02 3.528924e+02 3.557525e+02 3.546571e+02 3.546920e+02 3.580097e+02 3.574489e+02 3.553919e+02 3.535906e+02 3.544258e+02 3.562420e+02 3.602551e+02 3.557508e+02 3.552002e+02 3.512340e+02 3.534326e+02 3.798224e+02 3.630699e+02
4.706300e+01 4.642330e+01 4.717632e+01 4.700209e+01 4.687496e+01 4.666568e+01 4.539381e+01 4.704324e+01 4.716911e+01 4.671833e+01 4.638698e+01 4.697186e+01 4.680076e+01 4.606500e+01 4.654672e+01 4.656885e+01 4.725739e+01 4.626480e+01 4.673900e+01 4.705063e+01 4.705481e+01 4.648433e+01 4.861541e+01 4.622763e+01 4.700995e+01 4.606276e+01 4.732283e+01 4.775294e+01 4.607026e+01 4.732565e+01 4.738151e+01 4.684367e+01 4.513414e+01 4.731080e+01 4.737187e+01 4.724383e+01 4.731513e+01 4.745157e+01 4.725635e+01 4.695051e+01 4.703167e+01 4.701145e+01 4.662045e+01 4.681583e+01 4.689365e+01 4.674220e+01 4.588539e+01 4.663386e+01 4.645933e+01 4.648415e+01 4.737772e+01 4.624686e+01 4.660845e+01 4.684332e+01 4.693024e+01 4.728219e+01 4.730483e+01 4.697704e+01 4.683039e+01 4.691492e+01 4.670128e+01 4.652996e+01 4.720396e+01 6.284190e+01 4.716678e+01 4.727089e+01 4.668288e+01 4.681613e+01 4.733079e+01 3.863579e+01 4.685050e+01 4.667144e+01 4.704498e+01 4.756521e+01 4.704859e+01 4.699997e+01 4.734652e+01 4.669098e+01 4.657462e+01 4.658084e+01 4.727376e+01 4.703912e+01 4.789749e+01 4.728294e+01 4.643511e+01 4.660627e+01 4.685272e+01 4.662810e+01 4.716369e+01 4.735969e+01 4.732697e+01 4.635083e+01 4.690703e+01 4.638541e+01 4.586160e+01 4.711189e+01 4.664769e+01 4.665910e+01 4.799866e+01 4.677106e+01 4.710924e+01 4.716864e+01 4.716106e+01 4.571605e+01 4.687996e+01 4.720419e+01 4.671230e+01 4.635737e+01
3.943419e+00 3.966550e+00 3.838143e+00 3.737814e+00 3.850115e+00 3.780000e+00 3.540250e+00 3.924626e+00 4.013237e+00 3.817264e+00 3.618905e+00 3.830020e+00 3.580054e+00 3.487307e+00 3.557183e+00 3.585966e+00 3.830673e+00 3.766205e+00 3.476158e+00 3.826209e+00 3.840734e+00 3.429780e+00 3.348992e+00 3.743260e+00 3.734608e+00 3.595319e+00 3.704397e+00 3.862367e+00 3.685532e+00 4.001247e+00 3.735724e+00 3.809205e+00 3.491974e+00 3.901975e+00 3.873723e+00 3.625410e+00 3.904315e+00 3.823479e+00 3.735532e+00 3.775634e+00 3.888415e+00 3.790106e+00 3.822338e+00 3.649642e+00 3.699043e+00 3.737064e+00 3.533795e+00 3.678354e+00 3.773190e+00 3.756693e+00 4.071776e+00 3.651145e+00 3.676714e+00 3.619127e+00 3.762248e+00 3.670478e+00 3.643311e+00 3.921961e+00 3.802861e+00 3.643342e+00 3.508880e+00 3.792649e+00 3.937856e+00 5.937652e+00 3.816808e+00 3.838559e+00 3.535614e+00 3.918907e+00 3.917129e+00 7.919643e+00 3.663802e+00 3.908111e+00 3.843020e+00 4.024788e+00 3.926347e+00 3.662910e+00 3.774272e+00 3.520950e+00 3.953495e+00 3.752445e+00 4.011499e+00 3.960277e+00 3.547634e+00 3.917531e+00 3.413381e+00 3.640187e+00 3.821644e+00 3.834794e+00 4.057205e+00 4.079016e+00 3.962346e+00 3.874546e+00 3.889840e+00 3.750643e+00 3.794392e+00 3.980845e+00 3.761310e+00 4.098387e+00 3.830139e+00 3.854093e+00 3.909984e+00 3.596815e+00 3.929726e+00 3.537395e+00 4.016172e+00 3.631085e+00 3.000550e+00 3.516355e+00
6.070068e-02 4.733016e-02 3.779614e-02 4.552461e-02 5.192781e-02 5.016071e-02 4.290121e-02 5.253342e-02 5.423720e-02 4.710944e-02 5.512819e-02 5.192414e-02 4.334588e-02 2.769154e-02 4.597792e-02 4.006301e-02 4.040292e-02 3.678695e-02 4.245161e-02 7.011739e-02 6.848610e-02 3.795835e-02 0.000000e+00 6.370374e-02 4.116719e-02 3.424007e-02 3.848759e-02 4.573949e-02 2.454646e-02 4.360373e-02 4.541613e-02 4.604846e-02 3.175625e-02 5.671532e-02 5.295615e-02 5.911955e-02 4.660700e-02 5.789735e-02 5.553161e-02 4.525244e-02 5.163025e-02 5.341890e-02 5.471932e-02 3.675619e-02 4.706261e-02 4.698115e-02 3.822297e-02 4.103528e-02 4.953251e-02 5.909380e-02 3.511505e-02 5.527385e-02 7.832315e-02 3.677351e-02 5.169093e-02 4.004927e-02 5.975794e-02 5.438693e-02 3.800726e-02 3.697659e-02 4.164604e-02 5.143392e-02 3.099614e-02 0.000000e+00 5.487550e-02 4.890201e-02 5.391161e-02 5.017915e-02 3.950089e-02 0.000000e+00 3.394931e-02 3.657523e-02 3.663850e-02 3.994940e-02 4.425973e-02 4.270073e-02 5.906113e-02 3.362854e-02 6.494183e-02 5.333565e-02 5.184930e-02 3.671305e-02 0.000000e+00 5.614089e-02 3.785740e-02 3.365716e-02 4.447176e-02 3.673871e-02 5.493157e-02 5.899228e-02 5.163921e-02 4.448700e-02 5.002357e-02 5.015133e-02 4.092985e-02 4.738328e-02 4.068258e-02 5.581980e-02 6.928351e-02 4.864842e-02 3.431239e-02 3.514924e-02 3.684822e-02 3.342998e-02 3.566873e-02 4.825412e-02 0.000000e+00 3.887468e-02
