# Version 0.0
# Data /lustre/isaac24/proj/UTK0244/cbaillar/Bayes_HEP/Detroit_tune_Project/input/Data/Data__200__pp__PHENIX_2025_I2820229__d07-x01-y01.dat
# Observable: $\frac{1}{N_{jet}}(j_T/p_T^{jet})\frac{dN}{d(j_T/p_T^{jet})}$
# Subobservable: $j_T/p_T^{jet}$
# Design Design_Rivet.dat
# design_point1 design_point2 design_point3 design_point4 design_point5 design_point6 design_point7 design_point8 design_point9 design_point10 design_point11 design_point12 design_point13 design_point14 design_point15 design_point16 design_point17 design_point18 design_point19 design_point20 design_point21 design_point22 design_point23 design_point24 design_point25 design_point26 design_point27 design_point28 design_point29 design_point30 design_point31 design_point32 design_point33 design_point34 design_point35 design_point36 design_point37 design_point38 design_point39 design_point40 design_point41 design_point42 design_point43 design_point44 design_point45 design_point46 design_point47 design_point48 design_point49 design_point50 design_point51 design_point52 design_point53 design_point54 design_point55 design_point56 design_point57 design_point58 design_point59 design_point60 design_point61 design_point62 design_point63 design_point64 design_point65 design_point66 design_point67 design_point68 design_point69 design_point70 design_point71 design_point72 design_point73 design_point74 design_point75 design_point76 design_point77 design_point78 design_point79 design_point80 design_point81 design_point82 design_point83 design_point84 design_point85 design_point86 design_point87 design_point88 design_point89 design_point90 design_point91 design_point92 design_point93 design_point94 design_point95 design_point96 design_point97 design_point98 design_point99 design_point100 design_point101 design_point102 design_point103 design_point104 design_point105 design_point106 design_point107 design_point108
5.410886e+04 5.306357e+04 5.636137e+03 1.885315e+03 2.845866e+03 8.243481e+03 3.010363e+03 1.440365e+03 2.001336e+03 8.821605e+02 4.172924e+02 6.374275e+03 8.603732e+02 2.072034e+04 6.850841e+02 2.939675e+03 2.763430e+04 4.902425e+02 8.427341e+03 2.438479e+04 4.323264e+04 6.680876e+03 9.930408e+03 4.879436e+03 1.634043e+03 3.473505e+03 1.185960e+03 7.686357e+03 6.314148e+03 1.458955e+04 1.260009e+03 4.014600e+03 3.023077e+04 1.056365e+03 4.511661e+05 5.084327e+02 2.087354e+03 9.810759e+02 7.187793e+03 6.928569e+02 8.776619e+03 8.493546e+03 3.562893e+04 1.136706e+04 3.221467e+03 5.510955e+03 5.913879e+03 3.709232e+03 3.748414e+03 3.496116e+03 5.206488e+03 2.162661e+03 1.072382e+05 3.078504e+03 4.459179e+02 9.234460e+02 4.042146e+03 1.285208e+03 4.581376e+02 6.137663e+02 3.001108e+04 6.627351e+02 6.953277e+02 1.641250e+04 7.024945e+03 2.306768e+04 2.594904e+03 1.364150e+03 1.119194e+03 1.387502e+04 2.516836e+03 1.039178e+03 4.266821e+02 1.462051e+03 1.999093e+04 6.359496e+02 1.209424e+04 2.763939e+04 1.270227e+04 1.557744e+04 5.310071e+03 3.871698e+03 2.684455e+03 5.716446e+02 1.190826e+04 2.045398e+04 1.255852e+03 1.714028e+04 2.435161e+03 7.856248e+03 2.858441e+02 8.636383e+02 6.722986e+02 2.941759e+03 6.986925e+02 4.985912e+04 1.938226e+03 3.461542e+04 9.222442e+03 5.458471e+02 8.695680e+02 3.263564e+04 1.003537e+03 2.423655e+03 1.384600e+03 1.701022e+03 3.228142e+03 1.180666e+03
7.669153e+00 7.672837e+00 7.654497e+00 7.706540e+00 7.647448e+00 7.716396e+00 7.739125e+00 7.643820e+00 7.635029e+00 7.677826e+00 7.744898e+00 7.661911e+00 7.794373e+00 7.738010e+00 7.734180e+00 7.749538e+00 7.650525e+00 7.701159e+00 7.848597e+00 1.084689e+01 1.081963e+01 1.106751e+01 2.472057e+02 1.081075e+01 1.092245e+01 1.098496e+01 1.092308e+01 7.682254e+00 7.749690e+00 7.659709e+00 7.712920e+00 7.693739e+00 7.690821e+00 7.675057e+00 7.657074e+00 1.032735e+01 7.797528e+00 7.629838e+00 7.723641e+00 7.664492e+00 7.660549e+00 7.695853e+00 7.656569e+00 7.749706e+00 7.635722e+00 7.656015e+00 1.087099e+01 1.095828e+01 1.089573e+01 1.083593e+01 1.083119e+01 1.107496e+01 1.100993e+01 1.097675e+01 7.665496e+00 1.094350e+01 1.094384e+01 1.080030e+01 1.078774e+01 1.103222e+01 1.095956e+01 1.080697e+01 1.092213e+01 4.207452e+02 1.079355e+01 1.084719e+01 1.096753e+01 1.080889e+01 1.080137e+01 3.405292e+02 1.101651e+01 1.085020e+01 7.658140e+00 1.082852e+01 1.079319e+01 1.090339e+01 1.079679e+01 1.093859e+01 1.091304e+01 1.084931e+01 1.079506e+01 5.404525e+00 4.610150e+01 1.084336e+01 1.094378e+01 1.095909e+01 1.088982e+01 1.084319e+01 1.082372e+01 1.093663e+01 6.234930e+00 7.838945e+00 7.651099e+00 7.690766e+00 1.105811e+01 1.087900e+01 1.086039e+01 1.078704e+01 1.088269e+01 7.685586e+00 1.080736e+01 1.095349e+01 1.086701e+01 1.094505e+01 1.089650e+01 1.081531e+01 8.769656e+01 1.108055e+01
2.278505e+00 2.279086e+00 2.272491e+00 2.293801e+00 2.275127e+00 2.296892e+00 2.295526e+00 2.273440e+00 2.267594e+00 2.285334e+00 2.303986e+00 2.275972e+00 2.317603e+00 2.297421e+00 2.299694e+00 2.300347e+00 2.273287e+00 2.284816e+00 2.329884e+00 3.223967e+00 3.213901e+00 3.288863e+00 7.304116e+01 3.209051e+00 3.250267e+00 3.257593e+00 3.252176e+00 2.278777e+00 2.303982e+00 2.273927e+00 2.293803e+00 2.288632e+00 2.270568e+00 2.284200e+00 2.278052e+00 3.071963e+00 2.313981e+00 2.269572e+00 2.290142e+00 2.277666e+00 2.276793e+00 2.288954e+00 2.274157e+00 2.305300e+00 2.268442e+00 2.277126e+00 3.228398e+00 3.260810e+00 3.245025e+00 3.222366e+00 3.221201e+00 3.295347e+00 3.271620e+00 3.264890e+00 2.279353e+00 3.259150e+00 3.263291e+00 3.209947e+00 3.207251e+00 3.283791e+00 3.263674e+00 3.210917e+00 3.247915e+00 1.229441e+02 3.208365e+00 3.223041e+00 3.258863e+00 3.211006e+00 3.209815e+00 9.841992e+01 3.283739e+00 3.221190e+00 2.274456e+00 3.216223e+00 3.206214e+00 3.246831e+00 3.208517e+00 3.249385e+00 3.242629e+00 3.221956e+00 3.207559e+00 1.607962e+00 1.380873e+01 3.217412e+00 3.255971e+00 3.261906e+00 3.238531e+00 3.220034e+00 3.217114e+00 3.253366e+00 1.851818e+00 2.330524e+00 2.269011e+00 2.287901e+00 3.281947e+00 3.233379e+00 3.228692e+00 3.209017e+00 3.237679e+00 2.287349e+00 3.210787e+00 3.257658e+00 3.228692e+00 3.244804e+00 3.239485e+00 3.211253e+00 2.616220e+01 3.297602e+00
7.007318e-01 7.010240e-01 7.005931e-01 7.071082e-01 6.976535e-01 7.048487e-01 7.061050e-01 7.002743e-01 6.972252e-01 7.025918e-01 7.087770e-01 6.996939e-01 7.120826e-01 7.065828e-01 7.067563e-01 7.078335e-01 6.984712e-01 7.029053e-01 7.152650e-01 9.939598e-01 9.905030e-01 1.013212e+00 2.053930e+01 9.916226e-01 9.970589e-01 9.968729e-01 9.975628e-01 7.020429e-01 7.100358e-01 6.990018e-01 7.049900e-01 7.026578e-01 6.952634e-01 7.031239e-01 7.001814e-01 9.504132e-01 7.121588e-01 6.987916e-01 7.025236e-01 6.993111e-01 7.019019e-01 7.058777e-01 6.996943e-01 7.091795e-01 6.989200e-01 7.000258e-01 9.922914e-01 1.001163e+00 9.993878e-01 9.909332e-01 9.928748e-01 1.009439e+00 1.005503e+00 1.006620e+00 7.025821e-01 1.005473e+00 1.004212e+00 9.915534e-01 9.895354e-01 1.006971e+00 1.004563e+00 9.889322e-01 9.972085e-01 3.631198e+01 9.880175e-01 9.913637e-01 1.003981e+00 9.913554e-01 9.888598e-01 2.909643e+01 1.007090e+00 9.900035e-01 6.992237e-01 9.919254e-01 9.906635e-01 9.977432e-01 9.901483e-01 1.000113e+00 9.977053e-01 9.923747e-01 9.855862e-01 4.943262e-01 4.284904e+00 9.897853e-01 9.979480e-01 1.001764e+00 9.969129e-01 9.905157e-01 9.894018e-01 1.002692e+00 5.714888e-01 7.157232e-01 7.003136e-01 7.044840e-01 1.008283e+00 9.958872e-01 9.926472e-01 9.848916e-01 9.946078e-01 7.027568e-01 9.890308e-01 1.004299e+00 9.923759e-01 9.945578e-01 9.950694e-01 9.915454e-01 8.139123e+00 1.013825e+00
2.042228e-01 2.045004e-01 2.051704e-01 2.054739e-01 2.061848e-01 2.041396e-01 2.031738e-01 2.059791e-01 2.042942e-01 2.040440e-01 2.044718e-01 2.048889e-01 2.060693e-01 2.030835e-01 2.056957e-01 2.031171e-01 2.053165e-01 2.040791e-01 2.057798e-01 2.899271e-01 2.907434e-01 2.885202e-01 6.119902e+00 2.911128e-01 2.882188e-01 2.900774e-01 2.892925e-01 2.053243e-01 2.051659e-01 2.043384e-01 2.041586e-01 2.041277e-01 1.996598e-01 2.037777e-01 2.038066e-01 2.741846e-01 2.066088e-01 2.031164e-01 2.052343e-01 2.058126e-01 2.044734e-01 2.059143e-01 2.038865e-01 2.036084e-01 2.060795e-01 2.050686e-01 2.880767e-01 2.887524e-01 2.883036e-01 2.887241e-01 2.885321e-01 2.939403e-01 2.929563e-01 2.897548e-01 2.054626e-01 2.924391e-01 2.908110e-01 2.905164e-01 2.896725e-01 2.900855e-01 2.888551e-01 2.909667e-01 2.905638e-01 1.420292e+01 2.896762e-01 2.898828e-01 2.895240e-01 2.904899e-01 2.908378e-01 9.375327e+00 2.909162e-01 2.872886e-01 2.054253e-01 2.907400e-01 2.908387e-01 2.881855e-01 2.895489e-01 2.861194e-01 2.909017e-01 2.879395e-01 2.883638e-01 1.453104e-01 1.234517e+00 2.896507e-01 2.873689e-01 2.909257e-01 2.886911e-01 2.895607e-01 2.880094e-01 2.916073e-01 1.674534e-01 2.085645e-01 2.063932e-01 2.045521e-01 2.924102e-01 2.899126e-01 2.891043e-01 2.891842e-01 2.918374e-01 2.049143e-01 2.872333e-01 2.897053e-01 2.908144e-01 2.864392e-01 2.935752e-01 2.909150e-01 2.307237e+00 2.900585e-01
4.953949e-02 5.132031e-02 5.085505e-02 4.869017e-02 5.063449e-02 4.865798e-02 4.938480e-02 4.990750e-02 5.016872e-02 4.962898e-02 4.910343e-02 5.047645e-02 4.997609e-02 4.743643e-02 4.877345e-02 4.902958e-02 5.167303e-02 4.872123e-02 4.889409e-02 7.384192e-02 7.133297e-02 7.047401e-02 1.427012e+00 7.209939e-02 7.000176e-02 6.825246e-02 6.950797e-02 5.162162e-02 4.918095e-02 5.004980e-02 4.820382e-02 4.938435e-02 4.773336e-02 5.138644e-02 5.076286e-02 6.377183e-02 5.025432e-02 5.024838e-02 5.209212e-02 5.085242e-02 5.087543e-02 5.045560e-02 5.084638e-02 4.814032e-02 5.099798e-02 5.047065e-02 7.122350e-02 7.076578e-02 7.296667e-02 7.056155e-02 7.215709e-02 7.180774e-02 7.164772e-02 6.807478e-02 5.104660e-02 6.829712e-02 6.822943e-02 7.108501e-02 7.127745e-02 6.989062e-02 6.877322e-02 7.154962e-02 7.221904e-02 4.115530e+00 7.196757e-02 7.161519e-02 6.962453e-02 7.243633e-02 7.108127e-02 1.915045e+00 6.939604e-02 6.947484e-02 5.091115e-02 7.283060e-02 7.131513e-02 7.063417e-02 7.095941e-02 6.752816e-02 7.124304e-02 7.018568e-02 7.276945e-02 3.547641e-02 3.024958e-01 6.892645e-02 6.913560e-02 6.878610e-02 6.964047e-02 7.155700e-02 7.026871e-02 7.255866e-02 4.159512e-02 5.204611e-02 5.138159e-02 4.938346e-02 7.086641e-02 7.138616e-02 7.039610e-02 7.249648e-02 7.243885e-02 4.976056e-02 7.354718e-02 6.806268e-02 7.041393e-02 6.746401e-02 7.175913e-02 7.264750e-02 4.756416e-01 7.010892e-02
