# Version 0.0
# Data /lustre/isaac24/proj/UTK0244/cbaillar/Bayes_HEP/Knoxville_Project/input_all_108/Data/Data__200__pp__BRAHMS_2007_I742956__d01-x01-y01.dat
# Observable: $\frac{1}{2\pi\bar{p_{T}}}\frac{d^2\sigma}{dp_{T}dy}\left[mb(GeV^{-2})c^3\right]$
# Subobservable: $p_T \left[GeV\right]$
# Title: Invariant Cross Section for Pion$^+$ (y= 2.95)
# XScale: linear
# YScale: log
# XLims: 3.500000e-01 5.200000e+00
# YLims: 9.000000e-07 1.100000e+02
# Design Design_Rivet.dat
# design_point1 design_point2 design_point3 design_point4 design_point5 design_point6 design_point7 design_point8 design_point9 design_point10 design_point11 design_point12 design_point13 design_point14 design_point15 design_point16 design_point17 design_point18 design_point19 design_point20 design_point21 design_point22 design_point23 design_point24 design_point25 design_point26 design_point27 design_point28 design_point29 design_point30 design_point31 design_point32 design_point33 design_point34 design_point35 design_point36 design_point37 design_point38 design_point39 design_point40 design_point41 design_point42 design_point43 design_point44 design_point45 design_point46 design_point47 design_point48 design_point49 design_point50 design_point51 design_point52 design_point53 design_point54 design_point55 design_point56 design_point57 design_point58 design_point59 design_point60 design_point61 design_point62 design_point63 design_point64 design_point65 design_point66 design_point67 design_point68 design_point69 design_point70 design_point71 design_point72 design_point73 design_point74 design_point75 design_point76 design_point77 design_point78 design_point79 design_point80 design_point81 design_point82 design_point83 design_point84 design_point85 design_point86 design_point87 design_point88 design_point89 design_point90 design_point91 design_point92 design_point93 design_point94 design_point95 design_point96 design_point97 design_point98 design_point99 design_point100 design_point101 design_point102 design_point103 design_point104 design_point105 design_point106 design_point107 design_point108
8.252631e-02 8.309403e-02 8.169454e-02 8.740814e-02 8.253183e-02 8.709550e-02 9.354627e-02 8.185100e-02 8.207240e-02 8.450902e-02 9.343160e-02 8.222769e-02 8.916636e-02 9.170237e-02 8.865496e-02 9.271215e-02 8.312505e-02 8.751955e-02 9.273022e-02 8.240376e-02 8.222045e-02 9.390276e-02 9.410354e-02 8.167608e-02 8.861240e-02 8.990581e-02 8.653324e-02 8.163149e-02 9.177437e-02 8.171373e-02 8.838180e-02 8.443408e-02 9.361863e-02 8.227783e-02 8.276689e-02 9.372399e-02 8.347186e-02 8.157532e-02 8.158069e-02 8.228718e-02 8.281118e-02 8.567903e-02 8.226091e-02 9.261925e-02 8.208961e-02 8.253746e-02 8.309208e-02 9.119258e-02 8.564087e-02 8.253968e-02 8.252959e-02 8.745437e-02 8.358818e-02 9.322080e-02 8.243731e-02 8.945104e-02 9.072565e-02 8.196738e-02 8.162955e-02 8.830444e-02 8.929170e-02 8.209607e-02 8.180841e-02 9.311780e-02 8.232133e-02 8.251979e-02 9.132072e-02 8.224998e-02 8.189886e-02 1.206593e-01 9.227264e-02 8.375062e-02 8.243242e-02 8.194098e-02 8.131486e-02 8.951678e-02 8.151800e-02 9.345263e-02 8.214861e-02 8.221495e-02 8.166010e-02 8.158728e-02 9.406336e-02 8.264821e-02 9.334296e-02 9.007884e-02 8.628759e-02 8.436287e-02 8.217920e-02 8.240157e-02 8.156000e-02 8.258753e-02 8.202147e-02 8.487895e-02 8.685688e-02 8.637329e-02 8.503279e-02 8.203426e-02 8.200684e-02 8.387292e-02 8.173328e-02 9.198734e-02 8.215246e-02 9.295138e-02 8.152861e-02 8.196536e-02 9.389701e-02 9.056750e-02
6.717401e-02 6.778654e-02 6.668239e-02 7.128027e-02 6.722266e-02 7.089034e-02 7.644389e-02 6.656389e-02 6.672779e-02 6.902919e-02 7.642218e-02 6.697346e-02 7.294024e-02 7.513769e-02 7.247669e-02 7.561250e-02 6.764684e-02 7.135471e-02 7.557146e-02 6.696779e-02 6.717339e-02 7.677675e-02 7.690946e-02 6.654672e-02 7.207950e-02 7.323972e-02 7.069154e-02 6.684412e-02 7.478441e-02 6.634940e-02 7.234600e-02 6.901839e-02 7.661829e-02 6.713992e-02 6.722122e-02 7.652205e-02 6.784207e-02 6.662940e-02 6.663204e-02 6.714072e-02 6.750552e-02 6.990264e-02 6.712187e-02 7.556135e-02 6.683613e-02 6.738575e-02 6.760388e-02 7.452826e-02 6.979029e-02 6.723566e-02 6.727219e-02 7.127741e-02 6.813776e-02 7.622173e-02 6.721555e-02 7.301917e-02 7.381949e-02 6.680250e-02 6.633678e-02 7.213967e-02 7.301989e-02 6.687202e-02 6.671892e-02 7.586402e-02 6.696536e-02 6.737422e-02 7.461891e-02 6.704613e-02 6.656401e-02 9.837036e-02 7.522152e-02 6.809939e-02 6.728695e-02 6.661077e-02 6.669356e-02 7.304498e-02 6.651011e-02 7.644179e-02 6.704119e-02 6.664811e-02 6.651556e-02 6.664241e-02 7.693012e-02 6.731037e-02 7.639751e-02 7.367897e-02 7.011139e-02 6.885896e-02 6.689520e-02 6.713050e-02 6.643881e-02 6.728139e-02 6.683712e-02 6.927010e-02 7.086617e-02 7.029829e-02 6.956620e-02 6.696501e-02 6.676540e-02 6.849398e-02 6.654655e-02 7.523308e-02 6.681936e-02 7.616469e-02 6.639106e-02 6.693248e-02 7.678970e-02 7.402578e-02
5.511854e-02 5.545174e-02 5.451018e-02 5.854351e-02 5.514579e-02 5.836239e-02 6.290907e-02 5.456866e-02 5.478935e-02 5.665751e-02 6.262453e-02 5.498701e-02 5.964861e-02 6.165907e-02 5.946583e-02 6.221984e-02 5.533473e-02 5.832368e-02 6.206440e-02 5.488103e-02 5.503221e-02 6.311843e-02 6.292454e-02 5.459553e-02 5.944758e-02 6.021823e-02 5.806789e-02 5.460687e-02 6.160686e-02 5.456334e-02 5.933465e-02 5.649925e-02 6.287219e-02 5.495194e-02 5.522022e-02 6.298941e-02 5.565335e-02 5.442622e-02 5.453343e-02 5.482769e-02 5.552762e-02 5.754615e-02 5.509785e-02 6.212120e-02 5.496644e-02 5.510205e-02 5.546980e-02 6.111689e-02 5.728903e-02 5.509502e-02 5.492236e-02 5.866101e-02 5.570596e-02 6.279397e-02 5.498045e-02 6.007953e-02 6.071531e-02 5.476089e-02 5.463089e-02 5.914108e-02 5.996874e-02 5.497207e-02 5.469782e-02 6.244238e-02 5.496299e-02 5.505545e-02 6.120235e-02 5.485915e-02 5.458391e-02 8.100026e-02 6.192628e-02 5.604879e-02 5.516020e-02 5.462227e-02 5.444659e-02 5.992170e-02 5.447459e-02 6.290606e-02 5.505310e-02 5.496835e-02 5.457463e-02 5.448792e-02 6.317781e-02 5.513780e-02 6.267696e-02 6.046037e-02 5.765787e-02 5.617207e-02 5.492996e-02 5.507284e-02 5.451717e-02 5.508755e-02 5.473363e-02 5.688345e-02 5.805870e-02 5.786765e-02 5.708124e-02 5.490959e-02 5.453161e-02 5.631736e-02 5.470310e-02 6.186448e-02 5.480407e-02 6.240008e-02 5.457792e-02 5.468205e-02 6.308508e-02 6.064821e-02
4.536579e-02 4.564302e-02 4.465159e-02 4.822054e-02 4.539379e-02 4.800783e-02 5.195454e-02 4.498889e-02 4.490729e-02 4.664502e-02 5.183318e-02 4.513446e-02 4.938373e-02 5.080961e-02 4.896905e-02 5.152192e-02 4.545284e-02 4.805008e-02 5.130420e-02 4.528016e-02 4.521693e-02 5.189573e-02 5.190534e-02 4.491773e-02 4.901511e-02 4.946085e-02 4.772948e-02 4.479609e-02 5.079625e-02 4.482480e-02 4.888366e-02 4.659015e-02 5.179901e-02 4.522905e-02 4.530000e-02 5.211912e-02 4.574233e-02 4.469902e-02 4.490904e-02 4.511853e-02 4.560279e-02 4.716296e-02 4.513491e-02 5.139436e-02 4.508849e-02 4.543814e-02 4.563978e-02 5.055423e-02 4.717104e-02 4.538862e-02 4.510706e-02 4.813246e-02 4.596495e-02 5.184194e-02 4.519945e-02 4.946892e-02 5.010659e-02 4.498858e-02 4.487171e-02 4.882148e-02 4.937828e-02 4.514229e-02 4.477578e-02 5.154736e-02 4.520470e-02 4.528373e-02 5.057479e-02 4.517900e-02 4.478909e-02 6.670175e-02 5.140760e-02 4.595603e-02 4.515276e-02 4.474435e-02 4.466419e-02 4.958113e-02 4.461288e-02 5.182158e-02 4.509613e-02 4.505926e-02 4.488697e-02 4.483423e-02 5.211417e-02 4.538182e-02 5.188267e-02 4.993629e-02 4.737415e-02 4.651203e-02 4.521476e-02 4.526345e-02 4.482271e-02 4.536714e-02 4.510261e-02 4.679556e-02 4.792579e-02 4.749858e-02 4.709724e-02 4.509144e-02 4.495277e-02 4.625550e-02 4.477568e-02 5.114440e-02 4.507544e-02 5.156554e-02 4.476601e-02 4.491061e-02 5.206072e-02 5.021305e-02
3.739223e-02 3.760342e-02 3.684343e-02 3.987459e-02 3.725207e-02 3.958569e-02 4.300123e-02 3.683906e-02 3.696064e-02 3.849649e-02 4.300522e-02 3.707422e-02 4.077528e-02 4.219071e-02 4.065304e-02 4.271359e-02 3.748213e-02 3.955336e-02 4.258734e-02 3.711167e-02 3.722204e-02 4.326518e-02 4.296353e-02 3.693370e-02 4.042180e-02 4.120617e-02 3.942026e-02 3.687405e-02 4.206114e-02 3.683643e-02 4.040903e-02 3.832413e-02 4.279494e-02 3.714942e-02 3.740814e-02 4.308601e-02 3.760674e-02 3.677013e-02 3.690658e-02 3.707692e-02 3.749482e-02 3.897363e-02 3.724290e-02 4.268618e-02 3.708781e-02 3.736438e-02 3.756039e-02 4.191363e-02 3.886511e-02 3.723457e-02 3.726717e-02 3.984890e-02 3.783918e-02 4.282196e-02 3.716764e-02 4.085953e-02 4.161123e-02 3.687678e-02 3.680156e-02 4.037182e-02 4.094278e-02 3.719138e-02 3.699990e-02 4.236468e-02 3.723272e-02 3.728069e-02 4.179394e-02 3.709293e-02 3.699728e-02 5.511559e-02 4.245817e-02 3.790986e-02 3.726047e-02 3.682705e-02 3.680079e-02 4.103724e-02 3.664056e-02 4.296350e-02 3.701206e-02 3.692575e-02 3.680315e-02 3.688451e-02 4.316591e-02 3.724809e-02 4.305278e-02 4.121188e-02 3.914692e-02 3.822370e-02 3.717532e-02 3.717263e-02 3.672796e-02 3.736511e-02 3.702482e-02 3.850311e-02 3.957288e-02 3.926663e-02 3.873856e-02 3.700614e-02 3.688676e-02 3.805417e-02 3.682152e-02 4.238308e-02 3.697412e-02 4.274511e-02 3.683461e-02 3.694163e-02 4.322781e-02 4.152560e-02
3.079519e-02 3.108926e-02 3.032139e-02 3.298647e-02 3.073068e-02 3.281308e-02 3.575617e-02 3.022418e-02 3.049368e-02 3.172090e-02 3.558931e-02 3.060532e-02 3.391855e-02 3.504239e-02 3.354131e-02 3.557620e-02 3.102075e-02 3.276126e-02 3.537627e-02 3.068432e-02 3.062253e-02 3.584840e-02 3.569068e-02 3.041262e-02 3.358387e-02 3.410080e-02 3.264135e-02 3.023798e-02 3.493393e-02 3.032126e-02 3.361949e-02 3.169804e-02 3.545869e-02 3.056178e-02 3.063113e-02 3.570804e-02 3.103567e-02 3.021720e-02 3.037179e-02 3.060600e-02 3.089572e-02 3.237183e-02 3.061432e-02 3.534118e-02 3.050471e-02 3.066756e-02 3.096930e-02 3.480323e-02 3.219997e-02 3.067023e-02 3.067346e-02 3.294105e-02 3.112077e-02 3.583815e-02 3.071446e-02 3.395370e-02 3.458039e-02 3.058339e-02 3.032740e-02 3.353403e-02 3.398204e-02 3.051457e-02 3.046876e-02 3.524316e-02 3.063284e-02 3.072136e-02 3.479538e-02 3.041181e-02 3.038335e-02 4.589208e-02 3.519727e-02 3.122237e-02 3.059891e-02 3.032830e-02 3.024123e-02 3.393036e-02 3.016420e-02 3.573435e-02 3.060534e-02 3.061340e-02 3.040436e-02 3.033140e-02 3.591323e-02 3.079614e-02 3.574838e-02 3.419657e-02 3.234670e-02 3.160920e-02 3.068513e-02 3.059655e-02 3.027370e-02 3.074049e-02 3.048982e-02 3.176506e-02 3.279010e-02 3.241547e-02 3.201354e-02 3.041843e-02 3.045700e-02 3.150029e-02 3.025955e-02 3.517648e-02 3.049920e-02 3.576813e-02 3.028528e-02 3.045895e-02 3.566217e-02 3.450451e-02
2.534889e-02 2.552076e-02 2.486422e-02 2.735073e-02 2.529181e-02 2.734601e-02 2.989776e-02 2.487486e-02 2.503582e-02 2.620740e-02 2.971027e-02 2.522626e-02 2.810964e-02 2.928388e-02 2.789710e-02 2.964422e-02 2.557416e-02 2.703080e-02 2.940625e-02 2.532801e-02 2.522356e-02 2.993764e-02 2.974371e-02 2.500106e-02 2.782069e-02 2.835874e-02 2.701558e-02 2.496452e-02 2.903512e-02 2.479381e-02 2.782795e-02 2.628481e-02 2.954777e-02 2.517365e-02 2.535272e-02 2.968955e-02 2.574101e-02 2.494724e-02 2.482291e-02 2.518137e-02 2.557922e-02 2.678010e-02 2.523103e-02 2.963534e-02 2.515053e-02 2.529915e-02 2.547137e-02 2.908018e-02 2.656893e-02 2.533858e-02 2.534279e-02 2.739753e-02 2.589112e-02 2.989877e-02 2.529878e-02 2.818443e-02 2.863121e-02 2.501994e-02 2.504158e-02 2.772553e-02 2.832681e-02 2.522513e-02 2.490176e-02 2.930180e-02 2.506364e-02 2.541101e-02 2.902514e-02 2.516051e-02 2.502681e-02 3.808767e-02 2.948809e-02 2.580433e-02 2.535652e-02 2.500375e-02 2.496326e-02 2.831536e-02 2.483581e-02 2.979657e-02 2.536818e-02 2.501997e-02 2.498903e-02 2.492318e-02 2.988816e-02 2.537457e-02 2.970078e-02 2.847178e-02 2.692067e-02 2.602491e-02 2.524627e-02 2.519858e-02 2.492051e-02 2.526447e-02 2.502942e-02 2.640060e-02 2.712892e-02 2.698790e-02 2.658627e-02 2.525203e-02 2.501861e-02 2.596575e-02 2.502862e-02 2.944243e-02 2.521714e-02 2.973516e-02 2.478638e-02 2.511369e-02 2.983006e-02 2.872512e-02
2.088437e-02 2.112790e-02 2.054161e-02 2.281743e-02 2.095637e-02 2.264442e-02 2.505213e-02 2.053333e-02 2.065896e-02 2.167719e-02 2.478166e-02 2.077220e-02 2.334809e-02 2.437097e-02 2.315133e-02 2.476526e-02 2.115406e-02 2.242542e-02 2.471313e-02 2.091350e-02 2.071960e-02 2.489522e-02 2.471878e-02 2.063964e-02 2.321268e-02 2.356548e-02 2.245327e-02 2.073998e-02 2.426942e-02 2.056614e-02 2.314529e-02 2.167558e-02 2.463660e-02 2.077031e-02 2.089435e-02 2.489669e-02 2.110722e-02 2.048351e-02 2.063541e-02 2.076925e-02 2.098112e-02 2.210621e-02 2.082209e-02 2.462375e-02 2.072165e-02 2.087371e-02 2.098792e-02 2.421708e-02 2.214650e-02 2.082441e-02 2.089570e-02 2.277373e-02 2.131197e-02 2.504596e-02 2.084163e-02 2.354124e-02 2.398474e-02 2.070550e-02 2.047111e-02 2.302215e-02 2.347918e-02 2.067924e-02 2.063287e-02 2.437831e-02 2.076415e-02 2.091291e-02 2.418517e-02 2.066477e-02 2.058164e-02 3.186850e-02 2.473694e-02 2.142512e-02 2.074945e-02 2.053390e-02 2.053701e-02 2.354183e-02 2.049481e-02 2.487299e-02 2.077289e-02 2.067360e-02 2.057436e-02 2.056588e-02 2.497015e-02 2.100110e-02 2.488705e-02 2.375343e-02 2.224807e-02 2.147445e-02 2.069209e-02 2.082335e-02 2.042723e-02 2.084104e-02 2.059044e-02 2.171689e-02 2.251165e-02 2.234948e-02 2.196394e-02 2.062461e-02 2.055569e-02 2.152456e-02 2.047044e-02 2.458711e-02 2.074910e-02 2.487443e-02 2.041137e-02 2.064166e-02 2.486455e-02 2.386228e-02
1.723383e-02 1.735309e-02 1.681204e-02 1.894267e-02 1.725325e-02 1.880935e-02 2.096961e-02 1.682968e-02 1.701503e-02 1.798018e-02 2.071718e-02 1.700259e-02 1.946402e-02 2.050069e-02 1.932224e-02 2.082806e-02 1.738122e-02 1.854936e-02 2.060918e-02 1.717439e-02 1.702883e-02 2.072813e-02 2.057988e-02 1.692494e-02 1.941343e-02 1.965893e-02 1.865396e-02 1.702539e-02 2.036308e-02 1.688625e-02 1.918096e-02 1.788843e-02 2.069513e-02 1.706251e-02 1.721419e-02 2.079894e-02 1.752673e-02 1.678148e-02 1.689354e-02 1.701846e-02 1.725943e-02 1.828148e-02 1.704143e-02 2.065356e-02 1.708937e-02 1.721927e-02 1.739135e-02 2.027849e-02 1.833651e-02 1.714595e-02 1.721589e-02 1.885376e-02 1.766631e-02 2.090462e-02 1.718262e-02 1.965586e-02 2.006802e-02 1.705230e-02 1.679835e-02 1.922268e-02 1.965733e-02 1.702874e-02 1.694303e-02 2.008661e-02 1.706239e-02 1.723108e-02 2.023851e-02 1.709327e-02 1.685933e-02 2.656641e-02 2.066343e-02 1.763622e-02 1.719480e-02 1.680250e-02 1.685096e-02 1.953145e-02 1.687952e-02 2.079877e-02 1.706806e-02 1.706541e-02 1.688690e-02 1.691097e-02 2.083555e-02 1.727196e-02 2.079857e-02 1.984382e-02 1.851501e-02 1.780468e-02 1.714110e-02 1.707000e-02 1.688217e-02 1.721081e-02 1.692702e-02 1.806178e-02 1.866891e-02 1.849446e-02 1.818305e-02 1.710206e-02 1.704718e-02 1.767768e-02 1.689571e-02 2.054070e-02 1.707243e-02 2.082089e-02 1.683306e-02 1.700808e-02 2.073417e-02 1.999279e-02
1.414689e-02 1.440830e-02 1.379148e-02 1.574990e-02 1.430925e-02 1.556466e-02 1.762161e-02 1.383625e-02 1.401033e-02 1.483497e-02 1.743947e-02 1.407519e-02 1.621922e-02 1.722369e-02 1.617085e-02 1.751512e-02 1.444072e-02 1.538373e-02 1.728670e-02 1.412074e-02 1.405943e-02 1.750432e-02 1.728039e-02 1.391111e-02 1.617122e-02 1.649363e-02 1.558248e-02 1.393597e-02 1.706106e-02 1.386830e-02 1.612290e-02 1.488250e-02 1.728664e-02 1.420783e-02 1.425987e-02 1.752375e-02 1.437326e-02 1.380927e-02 1.397789e-02 1.411625e-02 1.428356e-02 1.520961e-02 1.412962e-02 1.735036e-02 1.402182e-02 1.420703e-02 1.422350e-02 1.708135e-02 1.529342e-02 1.422364e-02 1.418954e-02 1.566111e-02 1.457732e-02 1.771162e-02 1.409617e-02 1.649079e-02 1.671844e-02 1.399042e-02 1.381257e-02 1.610246e-02 1.651277e-02 1.401394e-02 1.399083e-02 1.681097e-02 1.418451e-02 1.422678e-02 1.694308e-02 1.412031e-02 1.396805e-02 2.229585e-02 1.737327e-02 1.447622e-02 1.415452e-02 1.391960e-02 1.381637e-02 1.632168e-02 1.379765e-02 1.742089e-02 1.397877e-02 1.397203e-02 1.397380e-02 1.395383e-02 1.744776e-02 1.414468e-02 1.744365e-02 1.660011e-02 1.527902e-02 1.481232e-02 1.407320e-02 1.405216e-02 1.388914e-02 1.418395e-02 1.393326e-02 1.495201e-02 1.559822e-02 1.543526e-02 1.518830e-02 1.400773e-02 1.388074e-02 1.470038e-02 1.380451e-02 1.725592e-02 1.408024e-02 1.756105e-02 1.383059e-02 1.405680e-02 1.735560e-02 1.672409e-02
1.177259e-02 1.196834e-02 1.140224e-02 1.319171e-02 1.183132e-02 1.310257e-02 1.482772e-02 1.140083e-02 1.147017e-02 1.238085e-02 1.464734e-02 1.161711e-02 1.367956e-02 1.457223e-02 1.359176e-02 1.480549e-02 1.186145e-02 1.278180e-02 1.460948e-02 1.159220e-02 1.165948e-02 1.485354e-02 1.448726e-02 1.145893e-02 1.350970e-02 1.375162e-02 1.296282e-02 1.146750e-02 1.442751e-02 1.144725e-02 1.352084e-02 1.227851e-02 1.448305e-02 1.171412e-02 1.178656e-02 1.465103e-02 1.187429e-02 1.144737e-02 1.142018e-02 1.154297e-02 1.185003e-02 1.267900e-02 1.171447e-02 1.466554e-02 1.155301e-02 1.163002e-02 1.185544e-02 1.430033e-02 1.267256e-02 1.161032e-02 1.175320e-02 1.312022e-02 1.200127e-02 1.495375e-02 1.168168e-02 1.380200e-02 1.407937e-02 1.141674e-02 1.138304e-02 1.344013e-02 1.379620e-02 1.157825e-02 1.143643e-02 1.402058e-02 1.154409e-02 1.168829e-02 1.423600e-02 1.151971e-02 1.147433e-02 1.872871e-02 1.469627e-02 1.207927e-02 1.160132e-02 1.143726e-02 1.140204e-02 1.375496e-02 1.126830e-02 1.468870e-02 1.156035e-02 1.148815e-02 1.147493e-02 1.129256e-02 1.470276e-02 1.174674e-02 1.468384e-02 1.390486e-02 1.281773e-02 1.217359e-02 1.168130e-02 1.169652e-02 1.148397e-02 1.165912e-02 1.151634e-02 1.253522e-02 1.289041e-02 1.287898e-02 1.257940e-02 1.157317e-02 1.142216e-02 1.217437e-02 1.145102e-02 1.450969e-02 1.164865e-02 1.468351e-02 1.135929e-02 1.158947e-02 1.459310e-02 1.411418e-02
9.679175e-03 9.822180e-03 9.348991e-03 1.106804e-02 9.652587e-03 1.089459e-02 1.252299e-02 9.484529e-03 9.532338e-03 1.025184e-02 1.236691e-02 9.576209e-03 1.147662e-02 1.230159e-02 1.145053e-02 1.261265e-02 9.823183e-03 1.067550e-02 1.236113e-02 9.689976e-03 9.552129e-03 1.248749e-02 1.210287e-02 9.438326e-03 1.132493e-02 1.166760e-02 1.079502e-02 9.427213e-03 1.213352e-02 9.323001e-03 1.136168e-02 1.033635e-02 1.227322e-02 9.573004e-03 9.607341e-03 1.234912e-02 9.911944e-03 9.388360e-03 9.444569e-03 9.594616e-03 9.845208e-03 1.052834e-02 9.641357e-03 1.247047e-02 9.498961e-03 9.641739e-03 9.709027e-03 1.215073e-02 1.050172e-02 9.684816e-03 9.677216e-03 1.094461e-02 9.994903e-03 1.266099e-02 9.646642e-03 1.151065e-02 1.191017e-02 9.510209e-03 9.389599e-03 1.133947e-02 1.164778e-02 9.554410e-03 9.382077e-03 1.179108e-02 9.600629e-03 9.738498e-03 1.202154e-02 9.592230e-03 9.447014e-03 1.576869e-02 1.244608e-02 9.984966e-03 9.619389e-03 9.441653e-03 9.374194e-03 1.162324e-02 9.335385e-03 1.241965e-02 9.573650e-03 9.499499e-03 9.438123e-03 9.364993e-03 1.240296e-02 9.676158e-03 1.239175e-02 1.180104e-02 1.080218e-02 1.021199e-02 9.576897e-03 9.563838e-03 9.406815e-03 9.764350e-03 9.558872e-03 1.036869e-02 1.089000e-02 1.080807e-02 1.048208e-02 9.490589e-03 9.549495e-03 1.007751e-02 9.340007e-03 1.238550e-02 9.646519e-03 1.249276e-02 9.374279e-03 9.521797e-03 1.233916e-02 1.178192e-02
8.073378e-03 8.113036e-03 7.697980e-03 9.277365e-03 8.080099e-03 9.161404e-03 1.060170e-02 7.714579e-03 7.886010e-03 8.578598e-03 1.046307e-02 7.909846e-03 9.615392e-03 1.044081e-02 9.672340e-03 1.064844e-02 8.199226e-03 8.867212e-03 1.046581e-02 7.955695e-03 7.913730e-03 1.057558e-02 1.030426e-02 7.832162e-03 9.580784e-03 9.860661e-03 9.103115e-03 7.770805e-03 1.034467e-02 7.758422e-03 9.557469e-03 8.668067e-03 1.036357e-02 7.931439e-03 8.005434e-03 1.043303e-02 8.178997e-03 7.695107e-03 7.781760e-03 7.936684e-03 8.143544e-03 8.845895e-03 8.003288e-03 1.060263e-02 7.803070e-03 8.022302e-03 8.088570e-03 1.028967e-02 8.865436e-03 8.004999e-03 8.055967e-03 9.229786e-03 8.387489e-03 1.079500e-02 8.004040e-03 9.789118e-03 1.012123e-02 7.856023e-03 7.798341e-03 9.499113e-03 9.818154e-03 8.008554e-03 7.860270e-03 9.940705e-03 7.930326e-03 8.012819e-03 1.026070e-02 7.912323e-03 7.787732e-03 1.314662e-02 1.060985e-02 8.364352e-03 7.918439e-03 7.794946e-03 7.710691e-03 9.765521e-03 7.840611e-03 1.052096e-02 7.878927e-03 7.816313e-03 7.848949e-03 7.777596e-03 1.041854e-02 8.022781e-03 1.057059e-02 9.961187e-03 8.912225e-03 8.435419e-03 7.960100e-03 7.974895e-03 7.754215e-03 7.994955e-03 7.840307e-03 8.688039e-03 9.127493e-03 9.012132e-03 8.783703e-03 7.835421e-03 7.830284e-03 8.408422e-03 7.799497e-03 1.045613e-02 7.876803e-03 1.064837e-02 7.724847e-03 7.846224e-03 1.042246e-02 1.002272e-02
4.358446e-03 4.450086e-03 4.190639e-03 5.150266e-03 4.348210e-03 5.096421e-03 5.962203e-03 4.192702e-03 4.265371e-03 4.738050e-03 5.864220e-03 4.275332e-03 5.394744e-03 5.862772e-03 5.341620e-03 6.012718e-03 4.450256e-03 4.832267e-03 5.849067e-03 4.314433e-03 4.310544e-03 5.880000e-03 5.708070e-03 4.207246e-03 5.291366e-03 5.502128e-03 5.005076e-03 4.200483e-03 5.733663e-03 4.199277e-03 5.315513e-03 4.659158e-03 5.781328e-03 4.313381e-03 4.352891e-03 5.823367e-03 4.487038e-03 4.133818e-03 4.175371e-03 4.312593e-03 4.448364e-03 4.879720e-03 4.307539e-03 5.925719e-03 4.283960e-03 4.350377e-03 4.428590e-03 5.762362e-03 4.867818e-03 4.333555e-03 4.372785e-03 5.024786e-03 4.523197e-03 6.071288e-03 4.359805e-03 5.440205e-03 5.625822e-03 4.235326e-03 4.180625e-03 5.279980e-03 5.501390e-03 4.255632e-03 4.215857e-03 5.485954e-03 4.303395e-03 4.305524e-03 5.738152e-03 4.255646e-03 4.237021e-03 7.386600e-03 5.927777e-03 4.578836e-03 4.326265e-03 4.195806e-03 4.170282e-03 5.446948e-03 4.165278e-03 5.902763e-03 4.278027e-03 4.243024e-03 4.179806e-03 4.167668e-03 5.869541e-03 4.362460e-03 5.913243e-03 5.580003e-03 4.952608e-03 4.622995e-03 4.340756e-03 4.308761e-03 4.131573e-03 4.329414e-03 4.216451e-03 4.791916e-03 5.027302e-03 4.958678e-03 4.812133e-03 4.229614e-03 4.220214e-03 4.644316e-03 4.209132e-03 5.900687e-03 4.320353e-03 5.974584e-03 4.157423e-03 4.235339e-03 5.797232e-03 5.612859e-03
3.061310e-03 3.176126e-03 2.896954e-03 3.731445e-03 3.060555e-03 3.683715e-03 4.451048e-03 2.903820e-03 2.941076e-03 3.395558e-03 4.261727e-03 2.997772e-03 3.950935e-03 4.343473e-03 3.943744e-03 4.473450e-03 3.143010e-03 3.449458e-03 4.321221e-03 3.068286e-03 3.023946e-03 4.358461e-03 4.140803e-03 2.953803e-03 3.868427e-03 4.023310e-03 3.634300e-03 2.950740e-03 4.276752e-03 2.910050e-03 3.851045e-03 3.359891e-03 4.248993e-03 3.024782e-03 3.088746e-03 4.280795e-03 3.132774e-03 2.855013e-03 2.906708e-03 3.017206e-03 3.113254e-03 3.538121e-03 3.037034e-03 4.368504e-03 3.002264e-03 3.051965e-03 3.115242e-03 4.248869e-03 3.482874e-03 3.054229e-03 3.065991e-03 3.692786e-03 3.210805e-03 4.516210e-03 3.080545e-03 3.989651e-03 4.139744e-03 2.959989e-03 2.920361e-03 3.871787e-03 4.087040e-03 2.981586e-03 2.941659e-03 4.001984e-03 3.044269e-03 3.074274e-03 4.217796e-03 3.022357e-03 2.916622e-03 5.390548e-03 4.410499e-03 3.262947e-03 3.058698e-03 2.942858e-03 2.889112e-03 3.970716e-03 2.836887e-03 4.345127e-03 2.990958e-03 2.961237e-03 2.919907e-03 2.931553e-03 4.265152e-03 3.069378e-03 4.365739e-03 4.107964e-03 3.581016e-03 3.316141e-03 3.008247e-03 3.038736e-03 2.889445e-03 3.046575e-03 2.958161e-03 3.396712e-03 3.674524e-03 3.603893e-03 3.462190e-03 2.973779e-03 2.979527e-03 3.307728e-03 2.902006e-03 4.380395e-03 3.000236e-03 4.361283e-03 2.901983e-03 2.986628e-03 4.202494e-03 4.165611e-03
2.236756e-03 2.303354e-03 2.066115e-03 2.757377e-03 2.189323e-03 2.740596e-03 3.323598e-03 2.079767e-03 2.110695e-03 2.474714e-03 3.214188e-03 2.107216e-03 2.962082e-03 3.252912e-03 2.921007e-03 3.404192e-03 2.259611e-03 2.521233e-03 3.218800e-03 2.173850e-03 2.181323e-03 3.260031e-03 3.092789e-03 2.073487e-03 2.887622e-03 3.035967e-03 2.674046e-03 2.085022e-03 3.201778e-03 2.053415e-03 2.876336e-03 2.456536e-03 3.174593e-03 2.163929e-03 2.199202e-03 3.205725e-03 2.250806e-03 2.053922e-03 2.082066e-03 2.197159e-03 2.264215e-03 2.593522e-03 2.161443e-03 3.324427e-03 2.139186e-03 2.188245e-03 2.237563e-03 3.229985e-03 2.572251e-03 2.216955e-03 2.180005e-03 2.691596e-03 2.320809e-03 3.393775e-03 2.204410e-03 2.994784e-03 3.105002e-03 2.124942e-03 2.078611e-03 2.890695e-03 3.050617e-03 2.167586e-03 2.102374e-03 2.918713e-03 2.122621e-03 2.190465e-03 3.167919e-03 2.144870e-03 2.100414e-03 4.036950e-03 3.335582e-03 2.395859e-03 2.165035e-03 2.081813e-03 2.071659e-03 2.971150e-03 2.048914e-03 3.247337e-03 2.128687e-03 2.129397e-03 2.066405e-03 2.071738e-03 3.195871e-03 2.183110e-03 3.306198e-03 3.101557e-03 2.612456e-03 2.403488e-03 2.183697e-03 2.173047e-03 2.064989e-03 2.217748e-03 2.133204e-03 2.502198e-03 2.685517e-03 2.654581e-03 2.527928e-03 2.132611e-03 2.092122e-03 2.374862e-03 2.082994e-03 3.283398e-03 2.157490e-03 3.326647e-03 2.049983e-03 2.109046e-03 3.174993e-03 3.147452e-03
1.639887e-03 1.688554e-03 1.503698e-03 2.071509e-03 1.650160e-03 2.083574e-03 2.530564e-03 1.522394e-03 1.517496e-03 1.840791e-03 2.437080e-03 1.606322e-03 2.228246e-03 2.538964e-03 2.225675e-03 2.588623e-03 1.702259e-03 1.880862e-03 2.470822e-03 1.564610e-03 1.607070e-03 2.444477e-03 2.333660e-03 1.542302e-03 2.171251e-03 2.295349e-03 2.025524e-03 1.520032e-03 2.428728e-03 1.529463e-03 2.180340e-03 1.828836e-03 2.432541e-03 1.603886e-03 1.627361e-03 2.426510e-03 1.687813e-03 1.504894e-03 1.537171e-03 1.584377e-03 1.692082e-03 1.974227e-03 1.608449e-03 2.509238e-03 1.575372e-03 1.627105e-03 1.649655e-03 2.458050e-03 1.946871e-03 1.619470e-03 1.592789e-03 2.029780e-03 1.735678e-03 2.633406e-03 1.621006e-03 2.300354e-03 2.391239e-03 1.538172e-03 1.499979e-03 2.147427e-03 2.294273e-03 1.556901e-03 1.517304e-03 2.205006e-03 1.577012e-03 1.641708e-03 2.428379e-03 1.586728e-03 1.508973e-03 3.014111e-03 2.580537e-03 1.697353e-03 1.596309e-03 1.535434e-03 1.491090e-03 2.262374e-03 1.477242e-03 2.453232e-03 1.602501e-03 1.540814e-03 1.523249e-03 1.532793e-03 2.404563e-03 1.600509e-03 2.488961e-03 2.361239e-03 1.974556e-03 1.816399e-03 1.609017e-03 1.589317e-03 1.509119e-03 1.622264e-03 1.527812e-03 1.853538e-03 2.049036e-03 1.982604e-03 1.881096e-03 1.556854e-03 1.533505e-03 1.799377e-03 1.519092e-03 2.548312e-03 1.574990e-03 2.538485e-03 1.511982e-03 1.560036e-03 2.399797e-03 2.381598e-03
1.213583e-03 1.260227e-03 1.107646e-03 1.634264e-03 1.223798e-03 1.567712e-03 1.972425e-03 1.123686e-03 1.171743e-03 1.415580e-03 1.858608e-03 1.185598e-03 1.752479e-03 1.962982e-03 1.735355e-03 2.031243e-03 1.298927e-03 1.421562e-03 1.924646e-03 1.190200e-03 1.212244e-03 1.869453e-03 1.764229e-03 1.131455e-03 1.703048e-03 1.792673e-03 1.568757e-03 1.122841e-03 1.903830e-03 1.112880e-03 1.677964e-03 1.396431e-03 1.850989e-03 1.205964e-03 1.227884e-03 1.862767e-03 1.307592e-03 1.098718e-03 1.145802e-03 1.172807e-03 1.261847e-03 1.504377e-03 1.203152e-03 1.986358e-03 1.184641e-03 1.211434e-03 1.256044e-03 1.918273e-03 1.487727e-03 1.226065e-03 1.219353e-03 1.574430e-03 1.306026e-03 2.043605e-03 1.203215e-03 1.771872e-03 1.852217e-03 1.158848e-03 1.129892e-03 1.667382e-03 1.799334e-03 1.171278e-03 1.137932e-03 1.665982e-03 1.199537e-03 1.213269e-03 1.873897e-03 1.160615e-03 1.138105e-03 2.284835e-03 2.008723e-03 1.312322e-03 1.194606e-03 1.162655e-03 1.101309e-03 1.783944e-03 1.110281e-03 1.893799e-03 1.168029e-03 1.157149e-03 1.162235e-03 1.117056e-03 1.852125e-03 1.195829e-03 1.923916e-03 1.836245e-03 1.513687e-03 1.359270e-03 1.196339e-03 1.181502e-03 1.100247e-03 1.229953e-03 1.150165e-03 1.432407e-03 1.549452e-03 1.532293e-03 1.441877e-03 1.171599e-03 1.156182e-03 1.355422e-03 1.151158e-03 1.986189e-03 1.230961e-03 1.960653e-03 1.132657e-03 1.163571e-03 1.846329e-03 1.827469e-03
9.649637e-04 9.648736e-04 8.438996e-04 1.265207e-03 9.355413e-04 1.245537e-03 1.534108e-03 8.504652e-04 8.746447e-04 1.077812e-03 1.444473e-03 9.120064e-04 1.388352e-03 1.533273e-03 1.372976e-03 1.597105e-03 9.581960e-04 1.098774e-03 1.510885e-03 9.073545e-04 9.251309e-04 1.473857e-03 1.355341e-03 8.811485e-04 1.324549e-03 1.407656e-03 1.230579e-03 8.905823e-04 1.498086e-03 8.540979e-04 1.335377e-03 1.098326e-03 1.444930e-03 9.255001e-04 9.500753e-04 1.439968e-03 9.934750e-04 8.508503e-04 8.739669e-04 9.073200e-04 9.635881e-04 1.170401e-03 9.201387e-04 1.556824e-03 9.091266e-04 9.397721e-04 9.647988e-04 1.523027e-03 1.175608e-03 9.586370e-04 9.360859e-04 1.233780e-03 1.011197e-03 1.605398e-03 9.494149e-04 1.383108e-03 1.443044e-03 8.581840e-04 8.514728e-04 1.313010e-03 1.419873e-03 9.109679e-04 8.664988e-04 1.278448e-03 9.145701e-04 9.370803e-04 1.496364e-03 8.840737e-04 8.521017e-04 1.807256e-03 1.589102e-03 1.033399e-03 8.916587e-04 8.506311e-04 8.745648e-04 1.370807e-03 8.553253e-04 1.483759e-03 8.891452e-04 8.653595e-04 8.683691e-04 8.649984e-04 1.444048e-03 9.449122e-04 1.503793e-03 1.454192e-03 1.179060e-03 1.064929e-03 9.344802e-04 8.952607e-04 8.560737e-04 9.315600e-04 9.034367e-04 1.123361e-03 1.218711e-03 1.207885e-03 1.131650e-03 8.914584e-04 8.940380e-04 1.041138e-03 8.842311e-04 1.557400e-03 9.310380e-04 1.544463e-03 8.503576e-04 9.037208e-04 1.440167e-03 1.438122e-03
7.352428e-04 7.953748e-04 6.537987e-04 1.018952e-03 7.173994e-04 9.820668e-04 1.229179e-03 6.841713e-04 7.134845e-04 8.669446e-04 1.167771e-03 7.129967e-04 1.094322e-03 1.243678e-03 1.080136e-03 1.275465e-03 7.723371e-04 8.490139e-04 1.211656e-03 7.112079e-04 7.074029e-04 1.176211e-03 1.070205e-03 6.865762e-04 1.074172e-03 1.102693e-03 9.639339e-04 6.975328e-04 1.213529e-03 6.531608e-04 1.045071e-03 8.618845e-04 1.150764e-03 7.045099e-04 7.502085e-04 1.119318e-03 7.585198e-04 6.680932e-04 6.708722e-04 7.264592e-04 7.776830e-04 9.052866e-04 7.175544e-04 1.218595e-03 7.036947e-04 7.205223e-04 7.614578e-04 1.199530e-03 9.135257e-04 7.226616e-04 7.110285e-04 9.686739e-04 7.853398e-04 1.298387e-03 7.164339e-04 1.106524e-03 1.162165e-03 6.931300e-04 6.678945e-04 1.045905e-03 1.149324e-03 6.908258e-04 6.662002e-04 1.008824e-03 7.308219e-04 7.254210e-04 1.165621e-03 7.103933e-04 6.752885e-04 1.406282e-03 1.263200e-03 8.197230e-04 7.293379e-04 6.910562e-04 6.627626e-04 1.093117e-03 6.289037e-04 1.167716e-03 7.003065e-04 6.752931e-04 6.766832e-04 6.767371e-04 1.117962e-03 7.224834e-04 1.208362e-03 1.123496e-03 9.475512e-04 8.217586e-04 7.175533e-04 7.288922e-04 6.451487e-04 7.348496e-04 6.756709e-04 8.746390e-04 9.631996e-04 9.522010e-04 8.579027e-04 7.039388e-04 6.827041e-04 8.255701e-04 6.783274e-04 1.225181e-03 7.128745e-04 1.259040e-03 6.658069e-04 6.907114e-04 1.094653e-03 1.166097e-03
5.840326e-04 5.874946e-04 5.123051e-04 8.171453e-04 5.875581e-04 7.906973e-04 9.937717e-04 5.239094e-04 5.355939e-04 6.980230e-04 9.058543e-04 5.489875e-04 8.656967e-04 9.941805e-04 8.829515e-04 1.041558e-03 6.293108e-04 6.994327e-04 9.276790e-04 5.825782e-04 5.918091e-04 9.312291e-04 8.432540e-04 5.423117e-04 8.620787e-04 8.939737e-04 7.888516e-04 5.370886e-04 9.767342e-04 5.345873e-04 8.696947e-04 6.901789e-04 9.328847e-04 5.867602e-04 6.014035e-04 9.016900e-04 6.065066e-04 5.179233e-04 5.459945e-04 5.651591e-04 5.995471e-04 7.414719e-04 5.854940e-04 9.842727e-04 5.529530e-04 5.757692e-04 6.009890e-04 9.672999e-04 7.332188e-04 5.667896e-04 5.790010e-04 7.736875e-04 6.408906e-04 9.966930e-04 5.905691e-04 8.850242e-04 9.371255e-04 5.643940e-04 5.349376e-04 8.236523e-04 9.234935e-04 5.574554e-04 5.399692e-04 8.021159e-04 5.726699e-04 5.518843e-04 9.295416e-04 5.584445e-04 5.494597e-04 1.113561e-03 1.014665e-03 6.481895e-04 5.714974e-04 5.303826e-04 5.047560e-04 8.764357e-04 5.303335e-04 9.391403e-04 5.628262e-04 5.550859e-04 5.393102e-04 5.183008e-04 8.969109e-04 5.910018e-04 9.391990e-04 9.463053e-04 7.560944e-04 6.482435e-04 5.601534e-04 5.685488e-04 5.166167e-04 5.677372e-04 5.505364e-04 6.894667e-04 7.925270e-04 7.740474e-04 7.065684e-04 5.653924e-04 5.449770e-04 6.798533e-04 5.425257e-04 1.009592e-03 5.667461e-04 9.960844e-04 5.223132e-04 5.730037e-04 8.764197e-04 9.294074e-04
4.624787e-04 4.931885e-04 4.016740e-04 6.428545e-04 4.748124e-04 6.322024e-04 8.183644e-04 4.255141e-04 4.361546e-04 5.378036e-04 7.559068e-04 4.330359e-04 7.194609e-04 8.342118e-04 7.046438e-04 8.348756e-04 4.677019e-04 5.503742e-04 7.731524e-04 4.487947e-04 4.418630e-04 7.475850e-04 6.709189e-04 4.413360e-04 6.846636e-04 7.206579e-04 6.344286e-04 4.404311e-04 7.934280e-04 4.320123e-04 6.881589e-04 5.424976e-04 7.378652e-04 4.791607e-04 4.710569e-04 7.104040e-04 5.273195e-04 3.992673e-04 4.066434e-04 4.472003e-04 4.732011e-04 5.971876e-04 4.768315e-04 8.042135e-04 4.406137e-04 4.635979e-04 4.986598e-04 8.063355e-04 5.992762e-04 4.708142e-04 4.568739e-04 6.497255e-04 5.182664e-04 8.306721e-04 4.737328e-04 7.265709e-04 7.838953e-04 4.648267e-04 4.073065e-04 7.044192e-04 7.516272e-04 4.444860e-04 4.242908e-04 6.206997e-04 4.634765e-04 4.639972e-04 7.602369e-04 4.585940e-04 4.246943e-04 8.574201e-04 8.204938e-04 5.295077e-04 4.570933e-04 4.220173e-04 4.270863e-04 7.147212e-04 4.027264e-04 7.238644e-04 4.589211e-04 4.438973e-04 4.272896e-04 4.225505e-04 7.071727e-04 4.796010e-04 7.626091e-04 7.746004e-04 6.009170e-04 5.514268e-04 4.418224e-04 4.661354e-04 4.213932e-04 4.665417e-04 3.949049e-04 5.728160e-04 6.265137e-04 6.161146e-04 5.777588e-04 4.478301e-04 4.187471e-04 5.131962e-04 4.110661e-04 8.176467e-04 4.432328e-04 8.178867e-04 4.185512e-04 4.504062e-04 7.134122e-04 7.577581e-04
3.819884e-04 4.144364e-04 3.368862e-04 5.473022e-04 3.734744e-04 5.191198e-04 6.529882e-04 3.250981e-04 3.442541e-04 4.641883e-04 6.179427e-04 3.617348e-04 5.883836e-04 6.598146e-04 5.774412e-04 6.983381e-04 3.843354e-04 4.447646e-04 6.239872e-04 3.539259e-04 3.642898e-04 5.869196e-04 5.538012e-04 3.561182e-04 5.629427e-04 6.049007e-04 5.267470e-04 3.658170e-04 6.497449e-04 3.483717e-04 5.609600e-04 4.421622e-04 6.025038e-04 3.634519e-04 3.816982e-04 5.817353e-04 3.948347e-04 3.271125e-04 3.448254e-04 3.743829e-04 4.054003e-04 4.763631e-04 3.713467e-04 6.484456e-04 3.515558e-04 3.877393e-04 4.023759e-04 6.630281e-04 4.873388e-04 3.837695e-04 3.822786e-04 5.454649e-04 3.990073e-04 6.856915e-04 3.924686e-04 6.055624e-04 6.250797e-04 3.408361e-04 3.496554e-04 5.664030e-04 6.295015e-04 3.801774e-04 3.540740e-04 5.014384e-04 3.786321e-04 3.809044e-04 6.379061e-04 3.613504e-04 3.638680e-04 7.320354e-04 6.901441e-04 4.215776e-04 3.616383e-04 3.376787e-04 3.325191e-04 5.982088e-04 3.343327e-04 6.103573e-04 3.479534e-04 3.626059e-04 3.492368e-04 3.391591e-04 5.705671e-04 3.624120e-04 6.322554e-04 6.170385e-04 5.019762e-04 4.467595e-04 3.806391e-04 3.726314e-04 3.530451e-04 3.688188e-04 3.519214e-04 4.805529e-04 5.420461e-04 4.879694e-04 4.974059e-04 3.753913e-04 3.630117e-04 4.418154e-04 3.445310e-04 6.966854e-04 3.489593e-04 6.624403e-04 3.317236e-04 3.391129e-04 5.663176e-04 6.510424e-04
2.077235e-04 2.083773e-04 1.847331e-04 2.933418e-04 1.920461e-04 2.987147e-04 3.452216e-04 1.805337e-04 1.898039e-04 2.399376e-04 3.177673e-04 2.028298e-04 3.199233e-04 3.621773e-04 3.166320e-04 3.605194e-04 2.167705e-04 2.412401e-04 3.375032e-04 2.001259e-04 2.064074e-04 3.169247e-04 2.903487e-04 1.960881e-04 3.062229e-04 3.284780e-04 2.835283e-04 1.775009e-04 3.412763e-04 1.768204e-04 2.980612e-04 2.531439e-04 3.155779e-04 2.008370e-04 2.086171e-04 3.141431e-04 2.180222e-04 1.798981e-04 1.794052e-04 1.970420e-04 2.035213e-04 2.589342e-04 2.012825e-04 3.494868e-04 1.984702e-04 2.024754e-04 2.240027e-04 3.533278e-04 2.575898e-04 1.976342e-04 2.112640e-04 2.774451e-04 2.220460e-04 3.646198e-04 2.046882e-04 3.185663e-04 3.347279e-04 1.881070e-04 1.711808e-04 3.059101e-04 3.314426e-04 2.004945e-04 1.930861e-04 2.556761e-04 1.996512e-04 2.059327e-04 3.287236e-04 1.862529e-04 1.892361e-04 3.631205e-04 3.695192e-04 2.284784e-04 2.011781e-04 1.814708e-04 1.720439e-04 3.220644e-04 1.721954e-04 3.182631e-04 1.931925e-04 1.946719e-04 1.850353e-04 1.804132e-04 3.068487e-04 2.044704e-04 3.352123e-04 3.302353e-04 2.689399e-04 2.305469e-04 2.000926e-04 2.076993e-04 1.762884e-04 2.039389e-04 1.845238e-04 2.550892e-04 2.804074e-04 2.774253e-04 2.491008e-04 1.810519e-04 1.829216e-04 2.235430e-04 1.828373e-04 3.674138e-04 1.878385e-04 3.491492e-04 1.852065e-04 1.879518e-04 2.975463e-04 3.326278e-04
1.361976e-04 1.499013e-04 1.325557e-04 1.929259e-04 1.408258e-04 2.017690e-04 2.369864e-04 1.285293e-04 1.269252e-04 1.673998e-04 2.065598e-04 1.357395e-04 2.132364e-04 2.524455e-04 2.249737e-04 2.691185e-04 1.469915e-04 1.650107e-04 2.315090e-04 1.320590e-04 1.438815e-04 2.170289e-04 1.887870e-04 1.264641e-04 2.096154e-04 2.268222e-04 1.996510e-04 1.303735e-04 2.366982e-04 1.202229e-04 2.095485e-04 1.723539e-04 2.173741e-04 1.442689e-04 1.369789e-04 2.060242e-04 1.605698e-04 1.236835e-04 1.283172e-04 1.327934e-04 1.450970e-04 1.950192e-04 1.432706e-04 2.318982e-04 1.404025e-04 1.306669e-04 1.583372e-04 2.417365e-04 1.792080e-04 1.326242e-04 1.412374e-04 1.942040e-04 1.580351e-04 2.564023e-04 1.355095e-04 2.215817e-04 2.353527e-04 1.314646e-04 1.261839e-04 2.183370e-04 2.329241e-04 1.336649e-04 1.284311e-04 1.729272e-04 1.431894e-04 1.389996e-04 2.369226e-04 1.333736e-04 1.203122e-04 2.367152e-04 2.578526e-04 1.541646e-04 1.451044e-04 1.250545e-04 1.203381e-04 2.290221e-04 1.188525e-04 2.260572e-04 1.281710e-04 1.238683e-04 1.316661e-04 1.235356e-04 2.038415e-04 1.397594e-04 2.199651e-04 2.380109e-04 1.823770e-04 1.668232e-04 1.410642e-04 1.417553e-04 1.250988e-04 1.393407e-04 1.295876e-04 1.727072e-04 1.926449e-04 1.860491e-04 1.763929e-04 1.304190e-04 1.266197e-04 1.628142e-04 1.301010e-04 2.574181e-04 1.389961e-04 2.547713e-04 1.187425e-04 1.320815e-04 2.014848e-04 2.360625e-04
1.010694e-04 1.032388e-04 9.223241e-05 1.439801e-04 1.047952e-04 1.354970e-04 1.660568e-04 9.774676e-05 9.265396e-05 1.217639e-04 1.523699e-04 9.908014e-05 1.542729e-04 1.704041e-04 1.558040e-04 1.807875e-04 1.107143e-04 1.063056e-04 1.651374e-04 9.081726e-05 1.009092e-04 1.518458e-04 1.332279e-04 9.819296e-05 1.548596e-04 1.649942e-04 1.379963e-04 8.427310e-05 1.640943e-04 9.068915e-05 1.524289e-04 1.253296e-04 1.465159e-04 9.327842e-05 1.028936e-04 1.484204e-04 1.074688e-04 9.091634e-05 8.902834e-05 9.895698e-05 1.002402e-04 1.319270e-04 9.322773e-05 1.725700e-04 9.918839e-05 9.613569e-05 1.182666e-04 1.744959e-04 1.263704e-04 9.998679e-05 9.668708e-05 1.363950e-04 1.148828e-04 1.761600e-04 9.178339e-05 1.624780e-04 1.653728e-04 9.336851e-05 8.694308e-05 1.455543e-04 1.707705e-04 9.369070e-05 9.445841e-05 1.245675e-04 9.126196e-05 1.018350e-04 1.656794e-04 9.706500e-05 9.697513e-05 1.698874e-04 1.803073e-04 1.091481e-04 1.017982e-04 8.856962e-05 7.720615e-05 1.614207e-04 8.717712e-05 1.545366e-04 9.665926e-05 9.184641e-05 9.051295e-05 8.961586e-05 1.426811e-04 1.052140e-04 1.578886e-04 1.691696e-04 1.274534e-04 1.227120e-04 9.628157e-05 8.871994e-05 8.925641e-05 9.387411e-05 9.579378e-05 1.265858e-04 1.443073e-04 1.346014e-04 1.328067e-04 1.018252e-04 9.353511e-05 1.132380e-04 9.042614e-05 1.773318e-04 9.421559e-05 1.814213e-04 8.932795e-05 9.010684e-05 1.333269e-04 1.718253e-04
4.600608e-05 4.632992e-05 3.956363e-05 6.564731e-05 4.505703e-05 6.546800e-05 7.276007e-05 3.936581e-05 3.848079e-05 5.504044e-05 6.618643e-05 4.398084e-05 6.814397e-05 8.016720e-05 6.933041e-05 8.124216e-05 4.555169e-05 4.838071e-05 7.029448e-05 4.516536e-05 4.004464e-05 6.873833e-05 5.874019e-05 4.292028e-05 7.384489e-05 7.240124e-05 6.365481e-05 4.026226e-05 7.319349e-05 4.044146e-05 6.724679e-05 5.319446e-05 6.781629e-05 4.340311e-05 4.149180e-05 6.027993e-05 4.898471e-05 4.022295e-05 3.843197e-05 4.342760e-05 4.622323e-05 5.596510e-05 4.688203e-05 7.553954e-05 3.780887e-05 4.458023e-05 5.246229e-05 7.947760e-05 5.722214e-05 4.594299e-05 4.397883e-05 6.185767e-05 4.788937e-05 8.215821e-05 4.238950e-05 7.289569e-05 7.406908e-05 4.250286e-05 4.172254e-05 6.562172e-05 7.573995e-05 4.382033e-05 4.063309e-05 4.985652e-05 4.322151e-05 4.537248e-05 7.411818e-05 4.349654e-05 3.980235e-05 7.240154e-05 8.195380e-05 5.192077e-05 4.497498e-05 3.935756e-05 3.655670e-05 7.103475e-05 3.745894e-05 6.701029e-05 4.472115e-05 4.141464e-05 3.983875e-05 4.114407e-05 6.082824e-05 4.819035e-05 6.842834e-05 7.603033e-05 5.908655e-05 5.437160e-05 4.438685e-05 4.332954e-05 3.684507e-05 4.278419e-05 4.242344e-05 5.471151e-05 5.891180e-05 5.760576e-05 5.772787e-05 4.421188e-05 4.040155e-05 5.314006e-05 3.973653e-05 8.151941e-05 3.890046e-05 7.566587e-05 3.691964e-05 4.297518e-05 5.823569e-05 7.714828e-05
2.474229e-05 2.404449e-05 2.011166e-05 3.596050e-05 2.622334e-05 3.441486e-05 3.834480e-05 2.119971e-05 2.253685e-05 2.899460e-05 3.583315e-05 2.478050e-05 4.148450e-05 4.532789e-05 3.722042e-05 4.538643e-05 2.643400e-05 2.689691e-05 3.722912e-05 2.369549e-05 2.119389e-05 3.642622e-05 2.548137e-05 2.199143e-05 3.696334e-05 3.929657e-05 3.792207e-05 1.960489e-05 3.890197e-05 2.348084e-05 3.557374e-05 2.980862e-05 3.133737e-05 2.386169e-05 2.480638e-05 3.269503e-05 2.828085e-05 2.024745e-05 2.357617e-05 2.237308e-05 2.559401e-05 3.206148e-05 2.042867e-05 4.122539e-05 2.112924e-05 2.477033e-05 2.789358e-05 4.312117e-05 3.543321e-05 2.408351e-05 2.547175e-05 3.196462e-05 2.587783e-05 4.525970e-05 2.491150e-05 3.348596e-05 3.892524e-05 2.437705e-05 1.764864e-05 3.562377e-05 3.990711e-05 2.133992e-05 2.201400e-05 2.419697e-05 2.281855e-05 2.425105e-05 3.970109e-05 2.337788e-05 2.100411e-05 3.655701e-05 4.569149e-05 2.476349e-05 2.537573e-05 2.384948e-05 2.056093e-05 3.801656e-05 2.190464e-05 3.472289e-05 2.230366e-05 2.267592e-05 2.312901e-05 2.280312e-05 3.275293e-05 2.529946e-05 3.504041e-05 4.332005e-05 3.433332e-05 2.759067e-05 2.577554e-05 1.981955e-05 2.041470e-05 2.256151e-05 2.275603e-05 3.032651e-05 3.394496e-05 3.142597e-05 2.787705e-05 2.261702e-05 2.325038e-05 2.771068e-05 2.303277e-05 4.342952e-05 2.555241e-05 4.202838e-05 2.484937e-05 1.871285e-05 2.815190e-05 4.151701e-05
1.296460e-05 1.158143e-05 1.237293e-05 1.856985e-05 1.128778e-05 2.308388e-05 2.062626e-05 1.354590e-05 1.340966e-05 1.589805e-05 1.852978e-05 1.398941e-05 2.259826e-05 2.492225e-05 2.272886e-05 2.485417e-05 1.555240e-05 1.437434e-05 2.170508e-05 1.397540e-05 1.504258e-05 1.966143e-05 1.462591e-05 1.353348e-05 2.078877e-05 2.216487e-05 2.123843e-05 1.140396e-05 2.392991e-05 1.125565e-05 1.840185e-05 1.739391e-05 1.772973e-05 1.383351e-05 1.342408e-05 1.613984e-05 1.290808e-05 1.299007e-05 1.181675e-05 1.148747e-05 1.424516e-05 1.709978e-05 1.492363e-05 2.558765e-05 1.165116e-05 1.154879e-05 1.451912e-05 2.575262e-05 1.795398e-05 1.707578e-05 1.232645e-05 2.058678e-05 1.442912e-05 2.570675e-05 1.170032e-05 2.320304e-05 2.312919e-05 1.487799e-05 1.308566e-05 2.169462e-05 2.217702e-05 1.243153e-05 1.196926e-05 1.371930e-05 1.540339e-05 1.563847e-05 2.246089e-05 1.433366e-05 9.770850e-06 1.861969e-05 2.354237e-05 1.657293e-05 1.229077e-05 1.051510e-05 1.387682e-05 2.306745e-05 1.126683e-05 1.723042e-05 1.411861e-05 1.612517e-05 1.223411e-05 1.257865e-05 1.515696e-05 1.164580e-05 1.860377e-05 2.233043e-05 1.901321e-05 1.512967e-05 1.267586e-05 1.337721e-05 1.087875e-05 1.323684e-05 1.369231e-05 1.691906e-05 1.756750e-05 1.716325e-05 1.626621e-05 1.334733e-05 6.959980e-06 1.323912e-05 1.163913e-05 2.267923e-05 1.333343e-05 2.054688e-05 1.040592e-05 1.218530e-05 1.593905e-05 2.449928e-05
1.084031e-05 7.691082e-06 9.530630e-06 1.049836e-05 9.878006e-06 1.071006e-05 1.420883e-05 7.310544e-06 6.302751e-06 9.095704e-06 1.072324e-05 7.770022e-06 1.186874e-05 1.317888e-05 1.453878e-05 1.386149e-05 7.794488e-06 6.933371e-06 1.244019e-05 5.818581e-06 6.806044e-06 9.064929e-06 6.924506e-06 5.813781e-06 1.103675e-05 1.206711e-05 1.228347e-05 7.767012e-06 1.280189e-05 7.384189e-06 1.177669e-05 9.436387e-06 1.003802e-05 6.843642e-06 9.115568e-06 9.430147e-06 8.721721e-06 8.749599e-06 8.827824e-06 8.237804e-06 9.017576e-06 1.097887e-05 4.511201e-06 1.442979e-05 8.309744e-06 8.793393e-06 8.546431e-06 1.325734e-05 1.272775e-05 8.328151e-06 6.871204e-06 1.171177e-05 9.399326e-06 1.329400e-05 9.045014e-06 1.304852e-05 1.138422e-05 7.367804e-06 8.236665e-06 1.497900e-05 1.479785e-05 8.321139e-06 7.878778e-06 6.436957e-06 7.507466e-06 6.976789e-06 1.300631e-05 6.302270e-06 6.544296e-06 1.288730e-05 1.379911e-05 8.685401e-06 5.845246e-06 6.837068e-06 6.494267e-06 1.189719e-05 8.339282e-06 1.074519e-05 5.773694e-06 7.749651e-06 7.474153e-06 7.758603e-06 1.044420e-05 8.652873e-06 8.541232e-06 1.482739e-05 9.778799e-06 9.393720e-06 7.843825e-06 7.724310e-06 7.805620e-06 6.869838e-06 7.431968e-06 7.395295e-06 1.125773e-05 1.107287e-05 9.768177e-06 6.926375e-06 6.876693e-06 8.532361e-06 4.555599e-06 1.321393e-05 5.899166e-06 1.271945e-05 7.036821e-06 7.799282e-06 9.864364e-06 1.165532e-05
1.769757e-06 1.328564e-06 2.430613e-06 2.244445e-06 1.474315e-06 3.398962e-06 2.541923e-06 2.436605e-06 1.624253e-06 2.050243e-06 3.184236e-06 2.208427e-06 3.936616e-06 4.457297e-06 3.928835e-06 3.116123e-06 2.593276e-06 2.062001e-06 3.818515e-06 2.076855e-06 2.456527e-06 3.431214e-06 2.305034e-06 1.317386e-06 3.102950e-06 3.463538e-06 3.213220e-06 1.780311e-06 3.988392e-06 1.882919e-06 3.030320e-06 1.831892e-06 2.456458e-06 1.798141e-06 2.037213e-06 3.131289e-06 2.062298e-06 1.546551e-06 1.841551e-06 2.496935e-06 2.466165e-06 2.769419e-06 2.228085e-06 3.027415e-06 2.182083e-06 2.006253e-06 2.834380e-06 3.556710e-06 3.688710e-06 1.666556e-06 1.574786e-06 2.930700e-06 3.159649e-06 3.029168e-06 1.525202e-06 3.099290e-06 2.938015e-06 2.101506e-06 2.274514e-06 3.608093e-06 3.955527e-06 2.576232e-06 1.907688e-06 0.000000e+00 2.489816e-06 2.033064e-06 3.477902e-06 2.415926e-06 2.248407e-06 1.591498e-06 3.833954e-06 2.233418e-06 2.244179e-06 1.542254e-06 1.787077e-06 3.859779e-06 2.156732e-06 2.307287e-06 1.617172e-06 2.073077e-06 1.790102e-06 1.611662e-06 2.761820e-06 3.183750e-06 3.097412e-06 3.050435e-06 2.981127e-06 2.433511e-06 1.516498e-06 3.115116e-06 1.641626e-06 2.711196e-06 2.227591e-06 2.826777e-06 2.923590e-06 2.828460e-06 3.066660e-06 1.769424e-06 2.079154e-06 2.506415e-06 2.288866e-06 4.304481e-06 1.310853e-06 3.651351e-06 2.003396e-06 1.471971e-06 2.225193e-06 4.070432e-06
