# Version 0.0
# Data /lustre/isaac24/proj/UTK0244/cbaillar/Bayes_HEP/Detroit_tune_Project/input/Data/Data__200__pp__PHENIX_2025_I2820229__d02-x01-y04.dat
# Observable: $\frac{1}{N_{jet}}\frac{dN}{dz_g}$
# Subobservable: $z_g$
# Design Design_Rivet.dat
# design_point1 design_point2 design_point3 design_point4 design_point5 design_point6 design_point7 design_point8 design_point9 design_point10 design_point11 design_point12 design_point13 design_point14 design_point15 design_point16 design_point17 design_point18 design_point19 design_point20 design_point21 design_point22 design_point23 design_point24 design_point25 design_point26 design_point27 design_point28 design_point29 design_point30 design_point31 design_point32 design_point33 design_point34 design_point35 design_point36 design_point37 design_point38 design_point39 design_point40 design_point41 design_point42 design_point43 design_point44 design_point45 design_point46 design_point47 design_point48 design_point49 design_point50 design_point51 design_point52 design_point53 design_point54 design_point55 design_point56 design_point57 design_point58 design_point59 design_point60 design_point61 design_point62 design_point63 design_point64 design_point65 design_point66 design_point67 design_point68 design_point69 design_point70 design_point71 design_point72 design_point73 design_point74 design_point75 design_point76 design_point77 design_point78 design_point79 design_point80 design_point81 design_point82 design_point83 design_point84 design_point85 design_point86 design_point87 design_point88 design_point89 design_point90 design_point91 design_point92 design_point93 design_point94 design_point95 design_point96 design_point97 design_point98 design_point99 design_point100 design_point101 design_point102 design_point103 design_point104 design_point105 design_point106 design_point107 design_point108
1.049206e-02 1.050380e-02 1.052891e-02 1.048570e-02 1.049231e-02 1.048475e-02 1.048903e-02 1.052385e-02 1.049065e-02 1.049860e-02 1.048476e-02 1.053091e-02 1.055915e-02 1.048943e-02 1.048508e-02 1.048973e-02 1.045685e-02 1.049048e-02 1.058923e-02 1.487731e-02 1.483397e-02 1.501249e-02 3.060856e-01 1.485827e-02 1.487194e-02 1.490913e-02 1.482147e-02 1.053906e-02 1.050107e-02 1.050347e-02 1.049352e-02 1.050060e-02 1.043796e-02 1.054502e-02 1.047604e-02 1.490913e-02 1.068280e-02 1.049380e-02 1.059338e-02 1.049494e-02 1.048878e-02 1.048920e-02 1.052497e-02 1.046292e-02 1.048325e-02 1.050574e-02 1.483260e-02 1.478695e-02 1.482456e-02 1.482882e-02 1.488607e-02 1.502721e-02 1.507109e-02 1.482510e-02 1.053047e-02 1.483944e-02 1.482154e-02 1.482338e-02 1.479088e-02 1.496891e-02 1.485080e-02 1.484962e-02 1.503285e-02 5.482025e-01 1.485053e-02 1.486348e-02 1.483107e-02 1.483534e-02 1.487658e-02 3.895638e-01 1.488301e-02 1.484824e-02 1.054003e-02 1.501632e-02 1.485173e-02 1.479033e-02 1.480396e-02 1.476026e-02 1.497197e-02 1.484364e-02 1.487679e-02 7.460497e-03 6.572968e-02 1.488736e-02 1.478091e-02 1.483893e-02 1.487676e-02 1.485993e-02 1.489126e-02 1.498321e-02 8.578537e-03 1.074559e-02 1.051811e-02 1.051802e-02 1.508235e-02 1.481704e-02 1.481110e-02 1.480897e-02 1.496647e-02 1.049832e-02 1.485312e-02 1.478531e-02 1.493783e-02 1.481563e-02 1.500324e-02 1.484387e-02 1.149049e-01 1.495302e-02
9.630577e-03 9.612981e-03 9.659045e-03 9.617696e-03 9.604869e-03 9.598738e-03 9.578816e-03 9.605136e-03 9.602311e-03 9.605812e-03 9.632278e-03 9.630543e-03 9.666722e-03 9.616969e-03 9.601660e-03 9.654487e-03 9.637872e-03 9.561219e-03 9.725572e-03 1.362130e-02 1.359789e-02 1.377381e-02 2.802976e-01 1.356965e-02 1.360871e-02 1.366526e-02 1.358808e-02 9.645801e-03 9.613310e-03 9.615822e-03 9.606403e-03 9.586104e-03 9.580044e-03 9.626433e-03 9.613080e-03 1.365134e-02 9.759904e-03 9.609141e-03 9.700013e-03 9.661599e-03 9.638580e-03 9.643422e-03 9.619851e-03 9.598597e-03 9.577131e-03 9.602223e-03 1.359491e-02 1.361511e-02 1.359220e-02 1.357383e-02 1.361711e-02 1.378235e-02 1.378770e-02 1.361223e-02 9.601878e-03 1.360254e-02 1.359699e-02 1.357950e-02 1.354112e-02 1.369258e-02 1.362447e-02 1.358889e-02 1.375120e-02 5.161155e-01 1.355308e-02 1.361508e-02 1.362448e-02 1.360091e-02 1.361383e-02 3.824931e-01 1.367180e-02 1.358546e-02 9.593745e-03 1.375298e-02 1.360804e-02 1.359418e-02 1.358957e-02 1.354658e-02 1.370517e-02 1.360114e-02 1.360769e-02 6.804620e-03 6.114572e-02 1.361038e-02 1.355078e-02 1.357460e-02 1.359381e-02 1.362654e-02 1.363844e-02 1.372479e-02 7.849609e-03 9.799165e-03 9.640509e-03 9.614467e-03 1.379555e-02 1.360587e-02 1.355578e-02 1.356396e-02 1.372783e-02 9.634073e-03 1.362656e-02 1.365674e-02 1.361402e-02 1.360417e-02 1.368107e-02 1.359810e-02 1.049792e-01 1.375277e-02
8.892216e-03 8.893940e-03 8.904689e-03 8.892897e-03 8.877174e-03 8.917455e-03 8.874156e-03 8.887441e-03 8.880786e-03 8.880274e-03 8.876886e-03 8.896656e-03 8.964418e-03 8.899751e-03 8.923037e-03 8.914248e-03 8.861493e-03 8.877651e-03 8.997910e-03 1.259023e-02 1.250372e-02 1.276276e-02 2.737712e-01 1.254699e-02 1.259350e-02 1.263989e-02 1.260852e-02 8.892251e-03 8.921432e-03 8.885459e-03 8.875422e-03 8.884521e-03 8.857292e-03 8.917503e-03 8.891083e-03 1.269064e-02 9.036023e-03 8.877743e-03 8.918656e-03 8.903802e-03 8.864876e-03 8.885075e-03 8.872780e-03 8.890468e-03 8.876753e-03 8.840446e-03 1.257627e-02 1.259871e-02 1.257244e-02 1.254892e-02 1.259737e-02 1.269604e-02 1.273473e-02 1.258484e-02 8.889923e-03 1.262449e-02 1.261141e-02 1.252559e-02 1.251462e-02 1.266196e-02 1.259026e-02 1.255075e-02 1.269417e-02 3.787253e-01 1.253952e-02 1.259208e-02 1.263060e-02 1.254223e-02 1.255520e-02 3.353434e-01 1.263737e-02 1.252158e-02 8.883760e-03 1.270175e-02 1.250948e-02 1.258464e-02 1.258253e-02 1.255917e-02 1.262319e-02 1.259747e-02 1.254025e-02 6.289935e-03 5.653589e-02 1.253090e-02 1.258684e-02 1.261552e-02 1.258564e-02 1.255100e-02 1.257209e-02 1.267129e-02 7.261506e-03 9.075328e-03 8.874802e-03 8.895205e-03 1.274515e-02 1.252317e-02 1.256613e-02 1.248560e-02 1.266686e-02 8.888346e-03 1.254572e-02 1.260872e-02 1.257925e-02 1.261049e-02 1.262163e-02 1.256006e-02 1.005407e-01 1.269568e-02
8.309196e-03 8.291055e-03 8.308618e-03 8.290936e-03 8.299394e-03 8.319070e-03 8.340105e-03 8.276039e-03 8.295075e-03 8.294008e-03 8.295727e-03 8.281958e-03 8.378216e-03 8.336082e-03 8.326370e-03 8.354361e-03 8.291362e-03 8.309854e-03 8.414927e-03 1.175953e-02 1.169605e-02 1.193965e-02 2.479370e-01 1.172416e-02 1.177869e-02 1.186260e-02 1.177970e-02 8.300589e-03 8.361108e-03 8.298703e-03 8.330319e-03 8.319739e-03 8.288406e-03 8.321530e-03 8.306338e-03 1.188513e-02 8.448708e-03 8.260484e-03 8.365704e-03 8.315318e-03 8.292074e-03 8.351099e-03 8.318871e-03 8.327795e-03 8.275726e-03 8.283540e-03 1.177609e-02 1.180897e-02 1.175314e-02 1.170355e-02 1.177073e-02 1.192650e-02 1.188942e-02 1.181099e-02 8.321539e-03 1.179800e-02 1.177199e-02 1.172960e-02 1.170167e-02 1.190039e-02 1.177980e-02 1.171903e-02 1.184129e-02 4.747573e-01 1.167701e-02 1.174157e-02 1.183028e-02 1.172038e-02 1.173074e-02 3.527959e-01 1.184113e-02 1.173515e-02 8.314611e-03 1.178861e-02 1.169910e-02 1.176386e-02 1.171882e-02 1.173109e-02 1.182162e-02 1.175270e-02 1.174067e-02 5.878613e-03 5.235540e-02 1.175394e-02 1.177423e-02 1.180849e-02 1.176132e-02 1.173669e-02 1.173328e-02 1.184929e-02 6.769785e-03 8.455818e-03 8.302879e-03 8.315546e-03 1.191557e-02 1.177110e-02 1.172510e-02 1.167283e-02 1.183233e-02 8.303579e-03 1.172825e-02 1.178997e-02 1.177875e-02 1.179259e-02 1.178295e-02 1.171178e-02 9.440578e-02 1.193713e-02
7.887742e-03 7.882149e-03 7.888188e-03 7.888257e-03 7.866352e-03 7.907128e-03 7.925188e-03 7.868192e-03 7.846260e-03 7.887343e-03 7.918344e-03 7.868392e-03 7.953770e-03 7.910044e-03 7.928647e-03 7.914617e-03 7.890665e-03 7.911436e-03 8.025429e-03 1.111513e-02 1.110321e-02 1.133164e-02 2.220578e-01 1.110761e-02 1.123959e-02 1.124732e-02 1.120381e-02 7.885099e-03 7.906753e-03 7.867993e-03 7.893242e-03 7.884671e-03 7.903120e-03 7.879168e-03 7.874775e-03 1.133171e-02 8.020516e-03 7.826388e-03 7.925408e-03 7.858014e-03 7.847393e-03 7.906355e-03 7.866833e-03 7.918060e-03 7.840640e-03 7.864477e-03 1.118004e-02 1.117859e-02 1.116915e-02 1.112324e-02 1.112152e-02 1.130734e-02 1.129282e-02 1.125601e-02 7.888247e-03 1.120970e-02 1.122357e-02 1.113263e-02 1.107777e-02 1.126955e-02 1.122574e-02 1.108529e-02 1.120286e-02 4.048744e-01 1.109901e-02 1.114136e-02 1.123495e-02 1.110162e-02 1.112399e-02 3.203577e-01 1.126419e-02 1.114581e-02 7.868055e-03 1.123092e-02 1.109248e-02 1.119533e-02 1.106728e-02 1.113210e-02 1.118973e-02 1.112183e-02 1.109451e-02 5.580499e-03 5.075054e-02 1.113480e-02 1.118114e-02 1.125332e-02 1.116089e-02 1.116998e-02 1.110803e-02 1.121042e-02 6.439541e-03 8.018824e-03 7.876300e-03 7.887700e-03 1.134395e-02 1.117819e-02 1.111355e-02 1.108864e-02 1.119836e-02 7.905978e-03 1.112617e-02 1.121922e-02 1.114600e-02 1.118236e-02 1.119111e-02 1.112819e-02 8.925510e-02 1.134305e-02
7.572203e-03 7.560646e-03 7.595379e-03 7.612768e-03 7.579759e-03 7.589349e-03 7.605732e-03 7.571465e-03 7.584654e-03 7.575296e-03 7.627199e-03 7.574382e-03 7.652373e-03 7.635239e-03 7.624847e-03 7.624908e-03 7.560374e-03 7.602381e-03 7.742201e-03 1.071638e-02 1.069713e-02 1.091620e-02 2.307692e-01 1.073518e-02 1.079907e-02 1.082148e-02 1.074571e-02 7.595716e-03 7.659348e-03 7.578028e-03 7.614598e-03 7.605291e-03 7.592982e-03 7.612672e-03 7.559872e-03 1.095699e-02 7.691007e-03 7.539921e-03 7.650321e-03 7.584051e-03 7.569782e-03 7.584300e-03 7.564152e-03 7.616705e-03 7.558110e-03 7.562103e-03 1.074544e-02 1.081777e-02 1.077595e-02 1.071625e-02 1.072106e-02 1.089204e-02 1.091124e-02 1.078652e-02 7.597011e-03 1.079603e-02 1.078885e-02 1.068097e-02 1.064138e-02 1.087451e-02 1.079028e-02 1.072080e-02 1.082862e-02 4.214065e-01 1.074011e-02 1.071113e-02 1.080668e-02 1.067316e-02 1.071482e-02 3.117211e-01 1.085228e-02 1.067268e-02 7.592222e-03 1.080058e-02 1.066388e-02 1.074139e-02 1.068439e-02 1.077421e-02 1.076095e-02 1.072183e-02 1.074826e-02 5.355582e-03 4.851385e-02 1.073525e-02 1.075329e-02 1.077492e-02 1.072950e-02 1.073211e-02 1.072105e-02 1.079953e-02 6.187657e-03 7.710582e-03 7.573520e-03 7.602774e-03 1.089820e-02 1.071547e-02 1.069878e-02 1.067495e-02 1.077709e-02 7.608579e-03 1.070066e-02 1.081945e-02 1.077321e-02 1.081038e-02 1.075384e-02 1.069014e-02 8.447110e-02 1.090351e-02
7.374615e-03 7.416265e-03 7.378812e-03 7.403644e-03 7.397945e-03 7.446242e-03 7.434204e-03 7.355719e-03 7.382728e-03 7.403200e-03 7.442519e-03 7.398079e-03 7.475124e-03 7.418663e-03 7.415791e-03 7.416685e-03 7.381150e-03 7.430506e-03 7.499328e-03 1.048668e-02 1.044538e-02 1.067768e-02 2.114413e-01 1.044257e-02 1.051915e-02 1.052289e-02 1.051274e-02 7.395961e-03 7.422832e-03 7.377034e-03 7.412064e-03 7.403588e-03 7.399802e-03 7.444260e-03 7.398059e-03 1.059896e-02 7.508078e-03 7.366585e-03 7.409807e-03 7.415607e-03 7.404191e-03 7.404353e-03 7.408146e-03 7.450039e-03 7.376788e-03 7.383018e-03 1.047202e-02 1.050340e-02 1.048952e-02 1.047618e-02 1.047061e-02 1.064757e-02 1.061627e-02 1.051698e-02 7.385785e-03 1.050151e-02 1.052505e-02 1.042944e-02 1.043118e-02 1.056316e-02 1.052324e-02 1.042441e-02 1.050768e-02 4.132232e-01 1.040274e-02 1.045306e-02 1.050649e-02 1.046004e-02 1.040600e-02 3.028384e-01 1.056790e-02 1.045021e-02 7.384995e-03 1.051273e-02 1.040425e-02 1.049295e-02 1.043501e-02 1.048456e-02 1.049657e-02 1.045312e-02 1.042350e-02 5.223375e-03 4.728951e-02 1.046003e-02 1.054867e-02 1.049837e-02 1.050396e-02 1.045059e-02 1.049603e-02 1.056883e-02 6.024587e-03 7.541222e-03 7.403982e-03 7.402100e-03 1.063208e-02 1.048095e-02 1.045666e-02 1.040628e-02 1.052551e-02 7.421749e-03 1.044205e-02 1.050369e-02 1.047691e-02 1.051161e-02 1.050579e-02 1.043550e-02 8.342473e-02 1.064474e-02
7.262056e-03 7.288585e-03 7.311986e-03 7.296981e-03 7.241503e-03 7.286806e-03 7.323659e-03 7.253211e-03 7.273298e-03 7.265982e-03 7.312881e-03 7.296609e-03 7.356729e-03 7.299926e-03 7.317649e-03 7.314619e-03 7.257525e-03 7.288632e-03 7.399861e-03 1.029074e-02 1.024338e-02 1.049881e-02 2.183254e-01 1.030813e-02 1.033920e-02 1.035433e-02 1.030793e-02 7.327890e-03 7.326338e-03 7.281869e-03 7.298650e-03 7.296205e-03 7.284352e-03 7.289466e-03 7.277894e-03 1.050064e-02 7.398266e-03 7.246580e-03 7.326838e-03 7.287280e-03 7.275307e-03 7.288786e-03 7.281596e-03 7.293905e-03 7.237071e-03 7.297147e-03 1.031238e-02 1.033063e-02 1.031977e-02 1.029483e-02 1.025019e-02 1.047603e-02 1.041937e-02 1.034361e-02 7.288960e-03 1.038814e-02 1.036166e-02 1.024917e-02 1.018655e-02 1.042326e-02 1.036493e-02 1.027152e-02 1.036629e-02 4.450550e-01 1.027121e-02 1.025158e-02 1.031683e-02 1.025720e-02 1.028481e-02 2.955399e-01 1.045472e-02 1.028879e-02 7.267041e-03 1.033667e-02 1.025197e-02 1.031815e-02 1.029025e-02 1.026784e-02 1.032448e-02 1.028031e-02 1.024113e-02 5.140996e-03 4.634251e-02 1.026572e-02 1.035503e-02 1.039696e-02 1.030573e-02 1.031579e-02 1.029900e-02 1.040154e-02 5.923530e-03 7.443782e-03 7.268059e-03 7.304801e-03 1.045210e-02 1.030464e-02 1.025949e-02 1.023486e-02 1.033252e-02 7.301201e-03 1.024702e-02 1.035725e-02 1.026491e-02 1.032753e-02 1.033536e-02 1.027232e-02 8.494969e-02 1.044973e-02
