# Version 0.0
# Data /lustre/isaac24/proj/UTK0244/cbaillar/Bayes_HEP/Detroit_tune_Project/input/Data/Data__200__pp__STAR_2020_I1783875__d07-x01-y01.dat
# Observable: $1/N_{jets}$
# Subobservable: $z_{g}$
# Design Design_Rivet.dat
# design_point1 design_point2 design_point3 design_point4 design_point5 design_point6 design_point7 design_point8 design_point9 design_point10 design_point11 design_point12 design_point13 design_point14 design_point15 design_point16 design_point17 design_point18 design_point19 design_point20 design_point21 design_point22 design_point23 design_point24 design_point25 design_point26 design_point27 design_point28 design_point29 design_point30 design_point31 design_point32 design_point33 design_point34 design_point35 design_point36 design_point37 design_point38 design_point39 design_point40 design_point41 design_point42 design_point43 design_point44 design_point45 design_point46 design_point47 design_point48 design_point49 design_point50 design_point51 design_point52 design_point53 design_point54 design_point55 design_point56 design_point57 design_point58 design_point59 design_point60 design_point61 design_point62 design_point63 design_point64 design_point65 design_point66 design_point67 design_point68 design_point69 design_point70 design_point71 design_point72 design_point73 design_point74 design_point75 design_point76 design_point77 design_point78 design_point79 design_point80 design_point81 design_point82 design_point83 design_point84 design_point85 design_point86 design_point87 design_point88 design_point89 design_point90 design_point91 design_point92 design_point93 design_point94 design_point95 design_point96 design_point97 design_point98 design_point99 design_point100 design_point101 design_point102 design_point103 design_point104 design_point105 design_point106 design_point107 design_point108
4.819071e-03 4.813557e-03 4.821920e-03 4.821365e-03 4.812030e-03 4.819763e-03 4.831004e-03 4.807492e-03 4.809573e-03 4.817977e-03 4.837834e-03 4.867966e-03 5.122830e-03 4.823099e-03 4.819740e-03 4.830344e-03 4.807285e-03 4.821818e-03 5.177736e-03 6.811092e-03 6.792365e-03 6.872823e-03 1.313615e-01 6.808250e-03 6.823551e-03 7.114568e-03 6.809949e-03 4.963146e-03 4.829606e-03 4.864206e-03 4.820364e-03 4.816951e-03 4.816479e-03 5.000905e-03 4.816185e-03 5.123040e-03 5.452174e-03 4.804067e-03 5.095213e-03 4.821016e-03 4.809757e-03 4.819920e-03 4.813994e-03 4.828449e-03 4.800056e-03 4.811392e-03 6.805662e-03 6.812329e-03 6.807846e-03 6.806276e-03 6.814843e-03 7.402586e-03 7.621675e-03 6.831363e-03 4.864074e-03 6.827858e-03 6.853583e-03 6.793972e-03 6.791638e-03 7.316878e-03 6.912713e-03 6.794762e-03 7.310160e-03 2.540085e-01 6.800693e-03 6.830680e-03 6.832747e-03 6.780837e-03 6.806747e-03 1.855973e-01 6.993351e-03 6.814013e-03 4.811046e-03 7.089332e-03 6.793511e-03 6.805775e-03 6.794066e-03 6.820577e-03 7.151391e-03 6.896299e-03 6.795289e-03 3.405316e-03 2.217030e-02 6.809816e-03 6.832251e-03 6.822875e-03 6.816501e-03 6.807287e-03 6.804889e-03 7.392353e-03 3.927313e-03 5.789711e-03 4.810764e-03 4.824387e-03 7.627417e-03 6.809872e-03 6.802791e-03 6.786982e-03 7.090109e-03 4.824764e-03 6.798810e-03 6.821683e-03 7.035639e-03 6.832863e-03 7.238284e-03 6.801915e-03 4.594059e-02 7.282855e-03
3.766455e-03 3.764741e-03 3.770968e-03 3.757500e-03 3.758852e-03 3.757666e-03 3.756563e-03 3.760706e-03 3.764440e-03 3.759301e-03 3.761647e-03 3.802742e-03 3.991250e-03 3.754143e-03 3.752798e-03 3.755413e-03 3.757278e-03 3.760271e-03 4.023087e-03 5.329601e-03 5.316061e-03 5.347751e-03 1.022728e-01 5.325018e-03 5.309965e-03 5.539736e-03 5.307355e-03 3.878433e-03 3.757391e-03 3.802085e-03 3.755129e-03 3.758311e-03 3.750195e-03 3.912979e-03 3.760245e-03 3.986160e-03 4.254452e-03 3.759236e-03 3.980605e-03 3.770877e-03 3.762532e-03 3.760214e-03 3.765598e-03 3.754286e-03 3.753337e-03 3.757268e-03 5.304096e-03 5.308273e-03 5.307945e-03 5.320353e-03 5.322883e-03 5.759395e-03 5.941479e-03 5.317300e-03 3.802028e-03 5.314554e-03 5.341157e-03 5.314831e-03 5.313627e-03 5.698477e-03 5.383608e-03 5.317904e-03 5.723946e-03 2.010141e-01 5.314897e-03 5.341685e-03 5.318405e-03 5.306208e-03 5.324725e-03 1.465510e-01 5.435550e-03 5.321632e-03 3.766157e-03 5.542367e-03 5.313967e-03 5.302597e-03 5.308180e-03 5.308451e-03 5.587853e-03 5.393928e-03 5.315810e-03 2.660892e-03 1.723690e-02 5.319676e-03 5.313007e-03 5.308235e-03 5.321923e-03 5.316299e-03 5.319970e-03 5.774763e-03 3.069536e-03 4.517649e-03 3.763301e-03 3.763737e-03 5.948623e-03 5.313449e-03 5.310243e-03 5.307073e-03 5.542253e-03 3.765506e-03 5.314752e-03 5.308634e-03 5.508485e-03 5.315965e-03 5.662357e-03 5.315183e-03 3.618790e-02 5.669299e-03
3.114684e-03 3.107699e-03 3.125741e-03 3.097949e-03 3.111435e-03 3.090014e-03 3.084101e-03 3.114064e-03 3.110625e-03 3.108048e-03 3.087582e-03 3.150828e-03 3.275261e-03 3.082755e-03 3.081383e-03 3.080835e-03 3.108157e-03 3.097978e-03 3.297170e-03 4.410682e-03 4.393498e-03 4.386326e-03 8.674653e-02 4.406671e-03 4.369913e-03 4.549122e-03 4.368813e-03 3.217866e-03 3.087453e-03 3.152957e-03 3.087882e-03 3.100765e-03 3.084581e-03 3.234012e-03 3.110427e-03 3.269048e-03 3.516233e-03 3.116945e-03 3.299915e-03 3.116798e-03 3.112569e-03 3.103820e-03 3.117501e-03 3.080184e-03 3.112489e-03 3.114774e-03 4.376036e-03 4.352287e-03 4.368187e-03 4.399200e-03 4.408671e-03 4.738304e-03 4.913511e-03 4.356508e-03 3.143262e-03 4.364624e-03 4.385046e-03 4.401760e-03 4.399567e-03 4.685874e-03 4.413102e-03 4.405294e-03 4.730184e-03 1.573701e-01 4.389766e-03 4.425282e-03 4.359663e-03 4.393745e-03 4.405052e-03 1.233518e-01 4.459491e-03 4.402114e-03 3.113056e-03 4.597156e-03 4.399012e-03 4.355467e-03 4.404479e-03 4.362232e-03 4.629739e-03 4.463242e-03 4.409396e-03 2.203700e-03 1.421085e-02 4.397941e-03 4.364931e-03 4.358717e-03 4.386671e-03 4.397138e-03 4.400572e-03 4.772619e-03 2.545239e-03 3.737188e-03 3.115462e-03 3.110134e-03 4.898461e-03 4.378124e-03 4.383782e-03 4.393686e-03 4.592676e-03 3.106269e-03 4.406138e-03 4.356838e-03 4.553564e-03 4.368658e-03 4.692264e-03 4.403789e-03 2.978419e-02 4.645929e-03
2.702834e-03 2.699778e-03 2.710654e-03 2.673019e-03 2.697581e-03 2.672912e-03 2.657453e-03 2.705589e-03 2.705102e-03 2.687579e-03 2.654623e-03 2.732190e-03 2.824439e-03 2.649986e-03 2.652543e-03 2.652741e-03 2.691571e-03 2.672953e-03 2.835155e-03 3.829487e-03 3.816540e-03 3.777609e-03 7.396102e-02 3.831901e-03 3.775319e-03 3.923147e-03 3.764649e-03 2.789625e-03 2.653960e-03 2.734058e-03 2.667724e-03 2.681964e-03 2.662874e-03 2.807408e-03 2.698178e-03 2.813789e-03 3.038798e-03 2.704652e-03 2.863989e-03 2.707109e-03 2.699913e-03 2.682014e-03 2.704583e-03 2.651768e-03 2.695176e-03 2.699089e-03 3.782232e-03 3.745440e-03 3.767602e-03 3.819208e-03 3.825968e-03 4.082021e-03 4.264381e-03 3.740462e-03 2.730282e-03 3.760291e-03 3.777503e-03 3.821844e-03 3.822503e-03 4.037257e-03 3.791514e-03 3.818741e-03 4.109924e-03 1.495852e-01 3.813563e-03 3.836961e-03 3.758157e-03 3.815567e-03 3.830154e-03 1.049259e-01 3.829771e-03 3.815011e-03 2.704584e-03 3.989686e-03 3.819986e-03 3.757075e-03 3.821884e-03 3.751692e-03 4.014232e-03 3.883032e-03 3.821329e-03 1.913444e-03 1.218101e-02 3.812498e-03 3.754815e-03 3.751610e-03 3.788797e-03 3.808474e-03 3.817869e-03 4.139638e-03 2.208825e-03 3.234705e-03 2.704276e-03 2.689550e-03 4.233317e-03 3.786913e-03 3.797066e-03 3.817521e-03 3.985701e-03 2.694029e-03 3.826647e-03 3.744676e-03 3.953140e-03 3.767693e-03 4.072542e-03 3.825190e-03 2.569304e-02 3.989748e-03
2.436004e-03 2.434405e-03 2.449046e-03 2.402859e-03 2.433920e-03 2.399820e-03 2.382890e-03 2.442058e-03 2.439779e-03 2.421829e-03 2.378624e-03 2.463535e-03 2.535777e-03 2.378098e-03 2.378796e-03 2.374940e-03 2.427031e-03 2.399399e-03 2.542562e-03 3.449141e-03 3.439437e-03 3.386182e-03 6.539237e-02 3.454078e-03 3.385808e-03 3.516070e-03 3.378385e-03 2.518225e-03 2.377931e-03 2.469916e-03 2.394966e-03 2.409110e-03 2.393349e-03 2.528834e-03 2.433053e-03 2.525242e-03 2.739084e-03 2.438973e-03 2.583919e-03 2.441893e-03 2.430221e-03 2.414350e-03 2.436833e-03 2.370078e-03 2.430726e-03 2.433238e-03 3.404688e-03 3.350846e-03 3.380750e-03 3.441637e-03 3.453304e-03 3.658730e-03 3.836766e-03 3.346541e-03 2.460900e-03 3.373260e-03 3.390755e-03 3.447172e-03 3.448203e-03 3.623382e-03 3.392488e-03 3.442522e-03 3.705944e-03 1.224319e-01 3.444490e-03 3.451317e-03 3.357967e-03 3.442361e-03 3.451728e-03 8.961054e-02 3.422649e-03 3.436837e-03 2.436088e-03 3.599848e-03 3.444715e-03 3.372526e-03 3.448717e-03 3.360492e-03 3.621272e-03 3.496273e-03 3.449637e-03 1.728774e-03 1.098833e-02 3.433894e-03 3.362751e-03 3.357791e-03 3.410373e-03 3.431738e-03 3.442885e-03 3.733886e-03 1.993460e-03 2.919775e-03 2.437049e-03 2.420664e-03 3.808286e-03 3.406983e-03 3.408741e-03 3.435676e-03 3.594702e-03 2.425857e-03 3.453880e-03 3.355465e-03 3.562216e-03 3.381249e-03 3.674838e-03 3.447081e-03 2.316680e-02 3.574866e-03
2.262679e-03 2.259051e-03 2.274649e-03 2.232244e-03 2.264392e-03 2.227795e-03 2.207989e-03 2.272853e-03 2.269449e-03 2.248363e-03 2.203717e-03 2.292133e-03 2.348389e-03 2.199214e-03 2.205520e-03 2.198435e-03 2.257069e-03 2.227789e-03 2.348978e-03 3.211690e-03 3.204024e-03 3.141371e-03 6.084726e-02 3.214662e-03 3.139394e-03 3.255353e-03 3.130459e-03 2.337554e-03 2.205448e-03 2.294885e-03 2.217229e-03 2.236143e-03 2.220276e-03 2.357081e-03 2.264478e-03 2.336548e-03 2.545483e-03 2.271228e-03 2.400106e-03 2.273460e-03 2.259529e-03 2.238226e-03 2.270593e-03 2.194827e-03 2.263327e-03 2.264104e-03 3.162850e-03 3.106937e-03 3.141971e-03 3.202201e-03 3.208298e-03 3.396050e-03 3.568231e-03 3.100093e-03 2.290416e-03 3.120592e-03 3.138114e-03 3.206448e-03 3.212211e-03 3.357504e-03 3.145907e-03 3.206188e-03 3.448630e-03 1.241936e-01 3.200543e-03 3.214560e-03 3.111922e-03 3.202665e-03 3.208623e-03 9.163243e-02 3.169657e-03 3.193450e-03 2.265951e-03 3.352372e-03 3.210122e-03 3.125198e-03 3.210108e-03 3.104914e-03 3.371187e-03 3.254575e-03 3.207025e-03 1.607445e-03 1.011239e-02 3.195133e-03 3.111954e-03 3.113767e-03 3.170015e-03 3.191005e-03 3.207069e-03 3.465970e-03 1.855882e-03 2.706791e-03 2.267496e-03 2.252353e-03 3.533995e-03 3.158980e-03 3.172169e-03 3.197186e-03 3.346770e-03 2.255350e-03 3.210596e-03 3.108009e-03 3.310318e-03 3.129945e-03 3.421490e-03 3.208818e-03 2.106266e-02 3.304893e-03
2.163792e-03 2.157964e-03 2.176001e-03 2.124143e-03 2.160462e-03 2.124345e-03 2.101589e-03 2.169945e-03 2.167142e-03 2.148910e-03 2.100374e-03 2.189030e-03 2.240335e-03 2.097335e-03 2.102354e-03 2.097235e-03 2.157360e-03 2.126832e-03 2.238025e-03 3.064534e-03 3.054353e-03 2.988419e-03 5.790917e-02 3.074688e-03 2.989232e-03 3.107847e-03 2.987441e-03 2.236457e-03 2.099597e-03 2.193630e-03 2.115457e-03 2.134159e-03 2.115846e-03 2.252115e-03 2.164980e-03 2.225206e-03 2.432439e-03 2.168660e-03 2.298967e-03 2.170491e-03 2.160945e-03 2.135979e-03 2.167473e-03 2.090807e-03 2.162547e-03 2.160606e-03 3.014550e-03 2.954893e-03 2.995338e-03 3.059961e-03 3.066289e-03 3.231911e-03 3.414446e-03 2.952106e-03 2.184565e-03 2.975073e-03 2.982565e-03 3.064021e-03 3.060531e-03 3.200877e-03 2.996338e-03 3.060214e-03 3.291220e-03 1.098036e-01 3.060559e-03 3.069671e-03 2.963568e-03 3.059040e-03 3.071624e-03 8.439129e-02 3.017182e-03 3.050107e-03 2.163157e-03 3.200041e-03 3.062364e-03 2.980266e-03 3.067421e-03 2.964657e-03 3.220822e-03 3.104180e-03 3.061095e-03 1.535663e-03 9.674679e-03 3.046055e-03 2.966065e-03 2.966078e-03 3.018456e-03 3.048221e-03 3.058668e-03 3.316646e-03 1.771885e-03 2.590660e-03 2.165995e-03 2.149398e-03 3.368165e-03 3.023337e-03 3.019180e-03 3.053799e-03 3.192109e-03 2.156919e-03 3.062075e-03 2.957239e-03 3.168034e-03 2.981544e-03 3.260625e-03 3.060176e-03 2.033898e-02 3.152851e-03
2.114415e-03 2.108201e-03 2.127055e-03 2.076740e-03 2.113709e-03 2.074032e-03 2.050362e-03 2.119290e-03 2.117192e-03 2.093653e-03 2.048993e-03 2.138526e-03 2.185220e-03 2.046967e-03 2.046684e-03 2.039375e-03 2.101830e-03 2.075483e-03 2.185480e-03 2.993893e-03 2.985823e-03 2.916636e-03 5.686203e-02 2.999113e-03 2.921874e-03 3.030252e-03 2.911065e-03 2.184748e-03 2.046753e-03 2.146803e-03 2.067959e-03 2.084660e-03 2.068190e-03 2.196631e-03 2.115497e-03 2.171580e-03 2.374496e-03 2.123740e-03 2.248727e-03 2.122985e-03 2.111067e-03 2.089799e-03 2.117771e-03 2.041018e-03 2.111627e-03 2.111772e-03 2.947196e-03 2.886496e-03 2.926169e-03 2.983687e-03 2.999001e-03 3.161151e-03 3.324984e-03 2.877656e-03 2.137300e-03 2.906693e-03 2.911772e-03 2.994080e-03 2.995443e-03 3.127294e-03 2.917359e-03 2.990291e-03 3.223161e-03 1.122494e-01 2.990908e-03 2.997624e-03 2.892955e-03 2.991827e-03 2.997477e-03 7.943126e-02 2.941047e-03 2.981140e-03 2.114661e-03 3.121234e-03 2.997112e-03 2.908474e-03 2.997389e-03 2.887581e-03 3.149131e-03 3.034040e-03 2.998020e-03 1.500605e-03 9.377487e-03 2.980100e-03 2.892883e-03 2.891749e-03 2.954221e-03 2.973674e-03 2.988891e-03 3.243274e-03 1.732137e-03 2.526905e-03 2.120001e-03 2.094790e-03 3.293163e-03 2.945624e-03 2.952103e-03 2.986833e-03 3.119192e-03 2.107262e-03 3.000156e-03 2.889088e-03 3.101044e-03 2.916289e-03 3.189293e-03 2.997329e-03 1.982341e-02 3.071020e-03
