# Version 0.0
# Data /lustre/isaac24/proj/UTK0244/cbaillar/Bayes_HEP/Knoxville_Project/input_all_108/Data/Data__200__pp__BRAHMS_2007_I742956__d07-x01-y01.dat
# Observable: $\frac{1}{2\pi{p_{T}}}\frac{d^2\sigma}{dp_{T}dy}\left[mb(GeV^{-2})c^3\right]$
# Subobservable: $p_T \left[GeV\right]$
# Title: Invariant Cross Section for Pion$^+$ (y= 3.3)
# XScale: linear
# YScale: log
# XLims: 4.500000e-01 4.200000e+00
# YLims: 9.000000e-07 1.100000e+02
# Design Design_Rivet.dat
# design_point1 design_point2 design_point3 design_point4 design_point5 design_point6 design_point7 design_point8 design_point9 design_point10 design_point11 design_point12 design_point13 design_point14 design_point15 design_point16 design_point17 design_point18 design_point19 design_point20 design_point21 design_point22 design_point23 design_point24 design_point25 design_point26 design_point27 design_point28 design_point29 design_point30 design_point31 design_point32 design_point33 design_point34 design_point35 design_point36 design_point37 design_point38 design_point39 design_point40 design_point41 design_point42 design_point43 design_point44 design_point45 design_point46 design_point47 design_point48 design_point49 design_point50 design_point51 design_point52 design_point53 design_point54 design_point55 design_point56 design_point57 design_point58 design_point59 design_point60 design_point61 design_point62 design_point63 design_point64 design_point65 design_point66 design_point67 design_point68 design_point69 design_point70 design_point71 design_point72 design_point73 design_point74 design_point75 design_point76 design_point77 design_point78 design_point79 design_point80 design_point81 design_point82 design_point83 design_point84 design_point85 design_point86 design_point87 design_point88 design_point89 design_point90 design_point91 design_point92 design_point93 design_point94 design_point95 design_point96 design_point97 design_point98 design_point99 design_point100 design_point101 design_point102 design_point103 design_point104 design_point105 design_point106 design_point107 design_point108
1.127277e+01 1.138156e+01 1.126751e+01 1.200613e+01 1.131417e+01 1.188108e+01 1.240761e+01 1.114857e+01 1.125083e+01 1.160466e+01 1.252816e+01 1.122010e+01 1.218162e+01 1.215297e+01 1.187280e+01 1.219052e+01 1.140129e+01 1.192204e+01 1.235781e+01 1.136694e+01 1.126658e+01 1.264166e+01 1.289843e+01 1.118367e+01 1.201746e+01 1.200933e+01 1.177136e+01 1.118793e+01 1.216177e+01 1.122859e+01 1.206249e+01 1.152959e+01 1.242898e+01 1.126833e+01 1.129955e+01 1.276093e+01 1.142109e+01 1.117453e+01 1.120546e+01 1.133788e+01 1.126926e+01 1.172905e+01 1.124475e+01 1.217818e+01 1.127671e+01 1.130784e+01 1.128985e+01 1.221330e+01 1.164204e+01 1.130087e+01 1.126939e+01 1.199476e+01 1.151447e+01 1.235203e+01 1.131997e+01 1.204786e+01 1.226989e+01 1.122412e+01 1.119956e+01 1.206683e+01 1.187380e+01 1.131448e+01 1.122535e+01 1.278074e+01 1.126342e+01 1.131841e+01 1.221794e+01 1.124137e+01 1.115081e+01 1.291761e+01 1.213436e+01 1.151413e+01 1.128871e+01 1.120512e+01 1.116695e+01 1.209179e+01 1.120602e+01 1.264010e+01 1.123960e+01 1.120746e+01 1.121623e+01 1.125742e+01 1.273502e+01 1.125549e+01 1.254997e+01 1.220732e+01 1.173489e+01 1.146327e+01 1.123473e+01 1.127051e+01 1.119379e+01 1.127742e+01 1.118571e+01 1.160881e+01 1.192914e+01 1.180915e+01 1.167010e+01 1.126274e+01 1.115740e+01 1.149488e+01 1.123793e+01 1.214968e+01 1.131750e+01 1.234076e+01 1.114958e+01 1.126806e+01 1.276239e+01 1.205285e+01
8.352479e+00 8.442993e+00 8.292081e+00 8.929494e+00 8.397935e+00 8.896428e+00 9.301299e+00 8.346638e+00 8.330234e+00 8.640489e+00 9.361017e+00 8.350020e+00 9.017284e+00 9.005067e+00 8.846385e+00 9.111696e+00 8.426548e+00 8.874176e+00 9.107290e+00 8.395451e+00 8.364739e+00 9.380430e+00 9.541540e+00 8.313113e+00 8.970279e+00 8.938297e+00 8.731866e+00 8.329721e+00 9.058600e+00 8.288932e+00 9.012305e+00 8.574004e+00 9.238454e+00 8.447153e+00 8.438667e+00 9.437066e+00 8.476920e+00 8.212113e+00 8.340635e+00 8.303943e+00 8.440869e+00 8.717162e+00 8.367311e+00 9.139252e+00 8.347158e+00 8.393019e+00 8.363950e+00 9.068525e+00 8.674075e+00 8.406895e+00 8.415990e+00 8.819084e+00 8.529427e+00 9.199038e+00 8.400269e+00 9.019859e+00 9.162037e+00 8.323600e+00 8.323819e+00 8.930698e+00 8.826603e+00 8.400552e+00 8.304854e+00 9.513379e+00 8.389969e+00 8.358416e+00 9.091856e+00 8.346456e+00 8.380856e+00 9.612794e+00 9.046776e+00 8.590862e+00 8.293925e+00 8.302828e+00 8.332565e+00 8.995698e+00 8.329518e+00 9.413399e+00 8.364354e+00 8.306584e+00 8.336137e+00 8.310850e+00 9.490557e+00 8.417034e+00 9.378380e+00 9.056595e+00 8.813696e+00 8.616741e+00 8.325306e+00 8.351889e+00 8.306809e+00 8.392323e+00 8.316577e+00 8.651298e+00 8.840449e+00 8.809080e+00 8.666844e+00 8.286557e+00 8.336774e+00 8.557173e+00 8.260393e+00 9.033556e+00 8.367528e+00 9.216781e+00 8.237477e+00 8.314995e+00 9.519596e+00 9.051987e+00
6.223841e+00 6.248358e+00 6.140970e+00 6.571597e+00 6.245297e+00 6.570948e+00 6.892226e+00 6.106883e+00 6.166923e+00 6.348682e+00 6.976142e+00 6.155266e+00 6.699215e+00 6.690838e+00 6.535381e+00 6.764586e+00 6.294920e+00 6.468492e+00 6.816160e+00 6.164558e+00 6.161313e+00 7.011919e+00 7.088926e+00 6.141491e+00 6.607899e+00 6.614925e+00 6.495841e+00 6.114241e+00 6.756157e+00 6.121485e+00 6.646816e+00 6.408858e+00 6.846696e+00 6.167505e+00 6.169086e+00 6.997906e+00 6.262770e+00 6.089422e+00 6.122529e+00 6.137098e+00 6.194060e+00 6.481441e+00 6.198571e+00 6.818585e+00 6.191630e+00 6.194135e+00 6.149288e+00 6.731236e+00 6.359860e+00 6.179627e+00 6.195344e+00 6.540782e+00 6.289641e+00 6.844335e+00 6.189506e+00 6.692704e+00 6.739831e+00 6.157517e+00 6.136453e+00 6.629269e+00 6.535463e+00 6.168979e+00 6.114491e+00 7.062566e+00 6.153124e+00 6.172130e+00 6.667336e+00 6.225528e+00 6.116009e+00 7.076994e+00 6.700700e+00 6.275397e+00 6.189631e+00 6.096598e+00 6.128305e+00 6.710207e+00 6.071497e+00 6.897669e+00 6.147791e+00 6.166728e+00 6.164383e+00 6.111255e+00 7.044471e+00 6.159132e+00 6.945232e+00 6.688072e+00 6.503391e+00 6.313541e+00 6.236041e+00 6.179855e+00 6.100646e+00 6.231339e+00 6.115850e+00 6.379894e+00 6.545782e+00 6.478879e+00 6.387377e+00 6.152874e+00 6.152364e+00 6.296225e+00 6.123079e+00 6.774879e+00 6.154420e+00 6.796004e+00 6.086811e+00 6.177776e+00 7.088588e+00 6.683440e+00
4.562300e+00 4.615186e+00 4.485103e+00 4.898892e+00 4.535985e+00 4.811318e+00 5.111027e+00 4.478192e+00 4.507493e+00 4.670908e+00 5.168069e+00 4.562673e+00 4.915028e+00 4.945909e+00 4.864645e+00 4.996325e+00 4.597654e+00 4.769645e+00 5.067491e+00 4.526848e+00 4.502346e+00 5.203768e+00 5.189790e+00 4.509983e+00 4.894791e+00 4.900239e+00 4.778139e+00 4.523626e+00 4.972029e+00 4.510005e+00 4.918141e+00 4.687072e+00 5.080611e+00 4.524559e+00 4.500828e+00 5.193379e+00 4.593148e+00 4.462067e+00 4.483158e+00 4.533847e+00 4.572152e+00 4.747868e+00 4.562384e+00 5.028787e+00 4.546003e+00 4.539820e+00 4.507621e+00 4.964494e+00 4.717243e+00 4.519130e+00 4.542679e+00 4.818778e+00 4.630097e+00 5.069994e+00 4.532179e+00 4.958801e+00 5.042314e+00 4.478775e+00 4.483207e+00 4.887154e+00 4.872985e+00 4.547635e+00 4.498501e+00 5.187951e+00 4.548678e+00 4.536368e+00 4.979702e+00 4.471563e+00 4.469278e+00 5.261886e+00 5.020758e+00 4.609632e+00 4.558188e+00 4.499649e+00 4.469675e+00 4.929946e+00 4.454975e+00 5.154484e+00 4.505910e+00 4.523318e+00 4.482781e+00 4.482204e+00 5.218945e+00 4.556770e+00 5.120953e+00 4.937813e+00 4.791832e+00 4.676107e+00 4.527749e+00 4.543297e+00 4.495088e+00 4.570444e+00 4.504645e+00 4.723586e+00 4.876411e+00 4.800674e+00 4.715651e+00 4.504370e+00 4.540672e+00 4.624276e+00 4.458382e+00 5.004371e+00 4.530515e+00 5.092852e+00 4.473368e+00 4.518470e+00 5.246848e+00 4.942423e+00
3.294967e+00 3.366628e+00 3.234430e+00 3.592574e+00 3.336390e+00 3.530248e+00 3.781826e+00 3.269131e+00 3.268143e+00 3.417152e+00 3.837022e+00 3.278059e+00 3.624039e+00 3.679773e+00 3.518186e+00 3.694250e+00 3.368804e+00 3.494358e+00 3.733829e+00 3.332664e+00 3.298370e+00 3.859027e+00 3.835546e+00 3.288950e+00 3.593551e+00 3.600130e+00 3.512002e+00 3.273790e+00 3.689545e+00 3.279734e+00 3.586979e+00 3.404428e+00 3.720163e+00 3.291686e+00 3.314025e+00 3.853266e+00 3.379763e+00 3.262511e+00 3.236590e+00 3.303738e+00 3.339767e+00 3.467989e+00 3.314566e+00 3.722560e+00 3.315680e+00 3.330006e+00 3.290549e+00 3.674872e+00 3.455366e+00 3.319506e+00 3.323194e+00 3.532315e+00 3.361599e+00 3.738811e+00 3.340276e+00 3.654279e+00 3.686535e+00 3.291793e+00 3.238401e+00 3.603387e+00 3.553190e+00 3.340010e+00 3.280273e+00 3.820533e+00 3.263185e+00 3.328648e+00 3.632985e+00 3.330140e+00 3.278400e+00 3.866428e+00 3.708112e+00 3.384137e+00 3.290126e+00 3.259859e+00 3.249190e+00 3.612633e+00 3.227459e+00 3.792236e+00 3.313559e+00 3.296379e+00 3.289727e+00 3.258563e+00 3.844902e+00 3.314944e+00 3.812703e+00 3.628966e+00 3.510014e+00 3.411206e+00 3.325388e+00 3.290651e+00 3.258418e+00 3.312111e+00 3.286366e+00 3.459886e+00 3.538046e+00 3.502002e+00 3.457698e+00 3.262049e+00 3.289202e+00 3.415618e+00 3.235599e+00 3.711388e+00 3.293195e+00 3.750154e+00 3.267168e+00 3.318789e+00 3.834067e+00 3.640323e+00
2.405737e+00 2.454628e+00 2.331458e+00 2.588361e+00 2.414559e+00 2.568480e+00 2.796157e+00 2.353741e+00 2.382242e+00 2.518074e+00 2.789763e+00 2.394829e+00 2.668170e+00 2.718348e+00 2.622757e+00 2.714845e+00 2.421563e+00 2.546054e+00 2.736033e+00 2.391971e+00 2.395275e+00 2.818313e+00 2.826463e+00 2.376878e+00 2.605278e+00 2.648239e+00 2.558068e+00 2.367187e+00 2.720927e+00 2.367990e+00 2.660836e+00 2.494911e+00 2.745322e+00 2.404798e+00 2.410639e+00 2.830376e+00 2.432223e+00 2.316935e+00 2.384833e+00 2.393897e+00 2.464979e+00 2.555912e+00 2.396648e+00 2.749559e+00 2.397198e+00 2.401849e+00 2.389425e+00 2.701394e+00 2.498895e+00 2.409140e+00 2.414861e+00 2.578236e+00 2.468159e+00 2.776563e+00 2.389529e+00 2.671234e+00 2.731077e+00 2.379652e+00 2.343814e+00 2.680946e+00 2.594385e+00 2.384066e+00 2.364938e+00 2.787737e+00 2.381000e+00 2.423374e+00 2.688202e+00 2.399127e+00 2.382517e+00 2.813281e+00 2.746338e+00 2.516313e+00 2.388336e+00 2.361388e+00 2.367891e+00 2.649644e+00 2.369941e+00 2.802961e+00 2.382008e+00 2.373121e+00 2.363205e+00 2.381571e+00 2.828099e+00 2.420409e+00 2.809785e+00 2.686592e+00 2.543087e+00 2.487153e+00 2.404544e+00 2.368313e+00 2.362022e+00 2.398163e+00 2.387346e+00 2.518617e+00 2.605440e+00 2.563998e+00 2.548164e+00 2.363125e+00 2.361466e+00 2.493441e+00 2.370091e+00 2.719898e+00 2.385925e+00 2.781891e+00 2.355286e+00 2.390390e+00 2.826361e+00 2.699089e+00
1.742237e+00 1.759517e+00 1.699870e+00 1.934997e+00 1.729312e+00 1.875288e+00 2.048993e+00 1.716782e+00 1.723185e+00 1.842828e+00 2.059251e+00 1.712884e+00 1.988939e+00 1.990003e+00 1.929303e+00 1.998142e+00 1.770054e+00 1.847634e+00 2.047750e+00 1.734293e+00 1.728575e+00 2.083742e+00 2.091277e+00 1.706009e+00 1.933212e+00 1.923991e+00 1.870837e+00 1.693600e+00 2.005424e+00 1.698247e+00 1.951108e+00 1.826909e+00 2.018804e+00 1.728078e+00 1.740784e+00 2.088483e+00 1.770900e+00 1.690908e+00 1.697714e+00 1.715801e+00 1.770184e+00 1.869506e+00 1.731233e+00 2.008781e+00 1.701063e+00 1.752219e+00 1.728654e+00 1.999646e+00 1.854455e+00 1.733421e+00 1.728037e+00 1.901073e+00 1.794436e+00 2.044070e+00 1.742905e+00 1.965886e+00 1.997514e+00 1.728785e+00 1.699468e+00 1.941322e+00 1.928816e+00 1.722501e+00 1.723160e+00 2.020946e+00 1.748790e+00 1.749900e+00 1.975571e+00 1.723500e+00 1.703805e+00 2.109891e+00 1.996990e+00 1.796954e+00 1.709299e+00 1.716423e+00 1.699591e+00 1.984832e+00 1.698481e+00 2.083612e+00 1.710142e+00 1.733917e+00 1.710297e+00 1.705652e+00 2.063321e+00 1.737936e+00 2.052158e+00 1.968309e+00 1.884222e+00 1.811129e+00 1.731664e+00 1.749560e+00 1.707958e+00 1.734156e+00 1.731708e+00 1.835711e+00 1.912521e+00 1.883054e+00 1.846375e+00 1.726027e+00 1.715871e+00 1.804874e+00 1.695528e+00 2.025465e+00 1.726807e+00 2.042241e+00 1.678574e+00 1.684868e+00 2.077669e+00 1.973202e+00
1.241669e+00 1.277028e+00 1.218372e+00 1.403342e+00 1.241630e+00 1.407333e+00 1.527989e+00 1.206716e+00 1.238488e+00 1.325250e+00 1.499640e+00 1.250799e+00 1.453083e+00 1.473871e+00 1.404249e+00 1.485851e+00 1.264896e+00 1.312149e+00 1.490102e+00 1.244030e+00 1.249413e+00 1.526904e+00 1.498160e+00 1.203937e+00 1.411977e+00 1.411750e+00 1.350247e+00 1.216424e+00 1.460828e+00 1.196633e+00 1.420214e+00 1.320589e+00 1.486358e+00 1.238124e+00 1.243123e+00 1.526820e+00 1.281980e+00 1.209369e+00 1.206422e+00 1.247285e+00 1.281910e+00 1.346203e+00 1.231381e+00 1.490737e+00 1.244893e+00 1.254873e+00 1.226057e+00 1.465532e+00 1.332918e+00 1.254373e+00 1.236122e+00 1.372955e+00 1.296372e+00 1.529490e+00 1.251048e+00 1.451758e+00 1.486992e+00 1.215030e+00 1.233138e+00 1.410686e+00 1.405831e+00 1.241294e+00 1.235978e+00 1.490466e+00 1.230720e+00 1.261384e+00 1.460628e+00 1.255010e+00 1.224112e+00 1.547595e+00 1.492549e+00 1.296688e+00 1.254800e+00 1.225274e+00 1.214228e+00 1.438013e+00 1.212302e+00 1.532756e+00 1.243869e+00 1.227248e+00 1.227008e+00 1.212107e+00 1.535851e+00 1.242300e+00 1.513128e+00 1.443668e+00 1.369013e+00 1.314645e+00 1.229726e+00 1.230614e+00 1.216237e+00 1.251603e+00 1.243292e+00 1.311519e+00 1.384104e+00 1.372183e+00 1.331087e+00 1.225471e+00 1.235268e+00 1.296063e+00 1.222503e+00 1.482741e+00 1.248321e+00 1.496384e+00 1.200514e+00 1.230745e+00 1.528629e+00 1.447268e+00
8.914928e-01 9.153696e-01 8.601987e-01 1.023537e+00 8.921758e-01 1.005082e+00 1.123032e+00 8.689491e-01 8.827865e-01 9.588064e-01 1.110179e+00 8.910920e-01 1.053073e+00 1.071373e+00 1.016427e+00 1.097825e+00 9.153437e-01 9.569510e-01 1.096010e+00 8.917818e-01 9.098023e-01 1.136814e+00 1.121650e+00 8.623533e-01 1.032668e+00 1.044339e+00 9.814332e-01 8.673088e-01 1.074972e+00 8.695206e-01 1.053921e+00 9.475833e-01 1.095535e+00 8.890372e-01 8.966888e-01 1.132260e+00 9.185072e-01 8.613664e-01 8.666962e-01 8.855381e-01 9.027774e-01 9.789226e-01 8.792258e-01 1.095094e+00 8.947304e-01 8.947566e-01 8.651238e-01 1.086881e+00 9.666122e-01 8.934021e-01 8.931389e-01 9.817179e-01 9.268332e-01 1.131667e+00 9.068703e-01 1.065926e+00 1.083643e+00 8.802403e-01 8.821195e-01 1.037672e+00 1.019852e+00 8.783928e-01 8.703263e-01 1.076274e+00 8.895845e-01 9.068238e-01 1.057725e+00 8.869955e-01 8.667856e-01 1.115309e+00 1.118920e+00 9.485804e-01 9.077300e-01 8.843122e-01 8.686626e-01 1.057795e+00 8.683996e-01 1.130124e+00 8.739236e-01 8.765744e-01 8.701973e-01 8.747146e-01 1.118381e+00 8.981598e-01 1.121553e+00 1.057705e+00 9.812392e-01 9.443095e-01 8.853323e-01 9.002378e-01 8.778153e-01 9.042338e-01 8.854706e-01 9.622191e-01 1.024577e+00 1.003209e+00 9.731777e-01 8.773984e-01 8.739965e-01 9.504637e-01 8.805681e-01 1.100554e+00 8.939828e-01 1.094400e+00 8.744808e-01 8.894768e-01 1.124247e+00 1.060288e+00
6.391523e-01 6.543817e-01 6.140681e-01 7.527246e-01 6.424332e-01 7.456987e-01 8.315235e-01 6.182697e-01 6.248651e-01 6.956973e-01 8.059745e-01 6.307517e-01 7.816892e-01 8.041142e-01 7.485007e-01 8.174193e-01 6.602425e-01 6.877895e-01 8.176216e-01 6.429055e-01 6.362902e-01 8.253111e-01 8.051735e-01 6.223288e-01 7.757679e-01 7.532465e-01 7.225659e-01 6.283542e-01 7.978840e-01 6.085827e-01 7.699833e-01 6.837262e-01 8.072145e-01 6.394497e-01 6.359915e-01 8.301728e-01 6.587418e-01 6.142426e-01 6.134292e-01 6.243872e-01 6.552935e-01 7.129826e-01 6.353266e-01 8.179177e-01 6.417563e-01 6.385555e-01 6.306278e-01 8.000027e-01 7.021141e-01 6.507103e-01 6.467394e-01 7.248479e-01 6.718315e-01 8.316448e-01 6.437742e-01 7.700162e-01 7.983965e-01 6.234251e-01 6.132697e-01 7.710768e-01 7.545191e-01 6.375353e-01 6.313490e-01 7.920949e-01 6.402907e-01 6.476813e-01 8.058866e-01 6.337470e-01 6.068489e-01 8.175469e-01 8.115370e-01 6.748928e-01 6.400074e-01 6.061753e-01 6.099159e-01 7.700006e-01 6.215059e-01 8.311622e-01 6.339866e-01 6.277855e-01 6.245706e-01 6.247110e-01 8.322207e-01 6.389562e-01 8.324658e-01 7.831202e-01 7.220992e-01 6.845899e-01 6.279639e-01 6.435749e-01 6.152943e-01 6.335918e-01 6.265115e-01 7.043063e-01 7.519223e-01 7.222661e-01 7.106227e-01 6.257637e-01 6.205619e-01 6.694808e-01 6.352090e-01 8.090619e-01 6.408869e-01 8.105349e-01 6.119554e-01 6.261535e-01 8.330134e-01 7.855149e-01
4.584538e-01 4.846771e-01 4.431446e-01 5.442193e-01 4.611448e-01 5.346445e-01 6.124536e-01 4.462966e-01 4.458762e-01 4.992903e-01 6.030687e-01 4.495497e-01 5.723609e-01 5.967523e-01 5.559918e-01 6.202076e-01 4.658493e-01 5.041687e-01 5.945400e-01 4.490259e-01 4.540698e-01 6.114236e-01 6.093599e-01 4.562987e-01 5.510153e-01 5.546521e-01 5.251030e-01 4.547265e-01 5.889644e-01 4.463555e-01 5.668360e-01 4.964306e-01 5.985578e-01 4.525255e-01 4.592374e-01 6.112494e-01 4.671211e-01 4.406045e-01 4.436109e-01 4.556610e-01 4.608695e-01 5.142120e-01 4.669097e-01 5.998453e-01 4.475448e-01 4.565880e-01 4.560901e-01 5.845755e-01 5.021525e-01 4.548500e-01 4.545927e-01 5.351379e-01 4.838001e-01 6.283924e-01 4.609323e-01 5.739212e-01 5.908710e-01 4.402182e-01 4.420467e-01 5.654824e-01 5.640155e-01 4.540880e-01 4.441875e-01 5.725180e-01 4.527140e-01 4.636430e-01 5.774623e-01 4.484679e-01 4.396825e-01 6.121383e-01 6.140147e-01 4.859620e-01 4.590128e-01 4.433777e-01 4.370204e-01 5.736995e-01 4.273909e-01 6.092757e-01 4.540030e-01 4.504962e-01 4.450756e-01 4.513556e-01 6.101430e-01 4.596270e-01 6.117630e-01 5.806924e-01 5.223974e-01 4.895991e-01 4.664830e-01 4.673809e-01 4.357335e-01 4.557655e-01 4.509462e-01 5.136315e-01 5.348604e-01 5.247459e-01 5.124730e-01 4.455931e-01 4.551804e-01 4.978341e-01 4.415134e-01 5.965871e-01 4.470005e-01 6.132586e-01 4.404419e-01 4.491046e-01 6.023679e-01 5.769264e-01
2.893362e-01 2.921450e-01 2.665520e-01 3.498589e-01 2.859783e-01 3.377680e-01 4.052695e-01 2.669841e-01 2.739641e-01 3.182012e-01 3.923054e-01 2.799589e-01 3.715357e-01 3.858624e-01 3.546566e-01 4.060245e-01 2.937175e-01 3.123267e-01 3.883343e-01 2.841267e-01 2.789058e-01 4.014084e-01 3.875348e-01 2.695910e-01 3.585767e-01 3.647998e-01 3.279223e-01 2.728306e-01 3.917234e-01 2.733352e-01 3.712152e-01 3.142627e-01 3.823120e-01 2.813533e-01 2.799939e-01 3.970524e-01 2.951749e-01 2.684747e-01 2.671707e-01 2.819889e-01 2.855441e-01 3.312850e-01 2.830707e-01 3.959829e-01 2.806055e-01 2.887721e-01 2.720569e-01 3.851373e-01 3.256795e-01 2.838233e-01 2.820215e-01 3.361469e-01 2.966644e-01 4.090356e-01 2.829336e-01 3.657943e-01 3.830897e-01 2.755147e-01 2.643947e-01 3.624955e-01 3.650500e-01 2.761037e-01 2.713014e-01 3.631340e-01 2.813520e-01 2.862787e-01 3.848968e-01 2.783946e-01 2.727171e-01 3.860219e-01 3.977872e-01 3.028893e-01 2.799383e-01 2.683883e-01 2.669956e-01 3.709875e-01 2.682260e-01 4.047211e-01 2.756400e-01 2.708453e-01 2.749687e-01 2.729238e-01 3.978883e-01 2.794312e-01 3.997556e-01 3.795666e-01 3.341065e-01 3.099861e-01 2.817106e-01 2.785988e-01 2.670209e-01 2.854147e-01 2.710473e-01 3.205067e-01 3.476433e-01 3.371213e-01 3.228992e-01 2.797900e-01 2.738961e-01 3.079702e-01 2.688126e-01 3.943006e-01 2.823853e-01 3.993097e-01 2.632346e-01 2.753318e-01 3.906177e-01 3.786318e-01
1.535000e-01 1.590177e-01 1.381416e-01 1.977972e-01 1.505059e-01 1.905097e-01 2.285565e-01 1.406720e-01 1.431088e-01 1.697574e-01 2.243053e-01 1.481511e-01 2.037580e-01 2.251120e-01 2.000099e-01 2.350921e-01 1.543657e-01 1.678181e-01 2.244767e-01 1.468292e-01 1.456827e-01 2.240673e-01 2.138473e-01 1.433652e-01 1.957882e-01 2.021436e-01 1.804538e-01 1.391640e-01 2.193950e-01 1.386820e-01 2.055135e-01 1.672554e-01 2.150596e-01 1.483661e-01 1.462377e-01 2.231564e-01 1.523938e-01 1.385097e-01 1.397210e-01 1.450026e-01 1.525479e-01 1.784512e-01 1.510398e-01 2.252151e-01 1.471750e-01 1.460829e-01 1.463469e-01 2.219103e-01 1.760356e-01 1.470154e-01 1.486296e-01 1.859142e-01 1.586138e-01 2.378998e-01 1.487390e-01 2.118196e-01 2.192562e-01 1.430460e-01 1.374562e-01 2.021874e-01 2.032196e-01 1.449252e-01 1.412395e-01 2.024689e-01 1.467624e-01 1.511366e-01 2.114968e-01 1.447171e-01 1.393452e-01 2.199991e-01 2.284611e-01 1.629772e-01 1.497208e-01 1.391337e-01 1.329005e-01 2.083390e-01 1.403077e-01 2.274935e-01 1.492777e-01 1.452690e-01 1.408292e-01 1.389458e-01 2.197827e-01 1.506809e-01 2.291314e-01 2.108542e-01 1.836214e-01 1.632595e-01 1.508416e-01 1.475544e-01 1.427035e-01 1.489891e-01 1.452490e-01 1.710885e-01 1.902942e-01 1.813944e-01 1.794699e-01 1.428390e-01 1.421409e-01 1.672812e-01 1.415777e-01 2.295399e-01 1.480039e-01 2.318664e-01 1.368181e-01 1.426384e-01 2.189064e-01 2.135294e-01
8.430592e-02 8.690381e-02 7.256836e-02 1.096424e-01 8.324321e-02 1.088820e-01 1.376250e-01 7.419898e-02 7.634615e-02 9.761047e-02 1.284878e-01 7.999104e-02 1.217443e-01 1.314498e-01 1.148852e-01 1.418685e-01 8.499944e-02 9.271231e-02 1.313692e-01 8.292385e-02 8.059245e-02 1.328095e-01 1.236641e-01 7.592442e-02 1.162383e-01 1.174543e-01 1.040277e-01 7.553039e-02 1.319666e-01 7.461097e-02 1.184151e-01 9.524168e-02 1.315124e-01 8.022870e-02 8.103137e-02 1.294641e-01 8.507282e-02 7.041963e-02 7.468039e-02 8.045274e-02 8.350688e-02 1.038317e-01 7.843068e-02 1.332224e-01 7.939184e-02 8.250459e-02 7.660954e-02 1.287279e-01 9.922908e-02 8.262696e-02 8.126267e-02 1.075919e-01 8.999097e-02 1.376984e-01 7.658669e-02 1.195057e-01 1.284745e-01 7.631161e-02 7.438603e-02 1.185082e-01 1.215549e-01 7.608592e-02 7.704702e-02 1.172234e-01 7.922310e-02 8.202993e-02 1.258008e-01 7.975806e-02 7.507323e-02 1.264085e-01 1.381876e-01 8.943861e-02 8.116884e-02 7.449697e-02 7.163093e-02 1.205579e-01 7.216171e-02 1.303662e-01 7.501799e-02 7.677683e-02 7.525255e-02 7.464640e-02 1.283463e-01 7.761260e-02 1.332502e-01 1.242741e-01 1.052233e-01 9.193060e-02 8.015639e-02 8.010296e-02 7.168542e-02 8.016797e-02 7.523720e-02 9.696193e-02 1.072949e-01 1.055755e-01 9.887087e-02 7.806426e-02 7.550180e-02 9.319837e-02 7.286950e-02 1.330147e-01 7.845577e-02 1.346362e-01 7.163326e-02 7.862790e-02 1.258686e-01 1.244850e-01
4.528110e-02 4.840242e-02 4.075400e-02 6.573756e-02 4.503342e-02 6.709503e-02 8.217410e-02 3.994983e-02 4.342206e-02 5.526910e-02 7.577451e-02 4.477546e-02 7.432452e-02 7.978130e-02 6.996957e-02 8.435062e-02 4.851349e-02 5.319012e-02 7.645561e-02 4.679430e-02 4.273778e-02 7.822703e-02 7.032973e-02 4.234683e-02 6.744348e-02 7.455205e-02 6.133504e-02 4.172058e-02 7.917015e-02 4.120977e-02 6.944384e-02 5.343494e-02 7.667151e-02 4.490966e-02 4.536986e-02 7.806780e-02 4.782108e-02 3.995566e-02 4.005573e-02 4.374574e-02 4.726245e-02 6.042164e-02 4.531839e-02 7.884410e-02 4.389890e-02 4.640378e-02 4.467528e-02 8.078808e-02 5.617697e-02 4.628550e-02 4.528394e-02 6.259946e-02 5.283496e-02 8.679115e-02 4.423223e-02 7.269081e-02 7.846277e-02 4.182367e-02 3.830811e-02 6.826631e-02 6.989395e-02 4.568768e-02 4.050474e-02 6.577146e-02 4.489174e-02 4.712544e-02 7.583508e-02 4.286865e-02 4.058552e-02 7.354725e-02 8.372212e-02 5.112767e-02 4.508558e-02 3.939750e-02 3.974821e-02 7.259788e-02 4.206583e-02 7.924080e-02 4.347527e-02 4.106808e-02 4.099322e-02 4.127736e-02 7.875798e-02 4.378607e-02 8.095847e-02 7.470321e-02 6.196796e-02 5.525843e-02 4.624032e-02 4.406715e-02 3.924640e-02 4.465106e-02 4.254926e-02 5.742700e-02 6.226609e-02 6.309830e-02 5.926464e-02 4.280447e-02 4.163397e-02 5.434570e-02 4.064173e-02 8.459616e-02 4.426129e-02 8.198230e-02 4.092076e-02 4.418858e-02 7.556377e-02 7.578626e-02
2.606309e-02 2.833733e-02 2.332583e-02 4.048524e-02 2.622740e-02 3.882496e-02 5.129595e-02 2.290223e-02 2.428670e-02 3.283488e-02 4.591196e-02 2.587891e-02 4.522920e-02 5.183461e-02 4.303353e-02 5.162761e-02 2.858354e-02 3.061437e-02 4.935616e-02 2.638828e-02 2.606255e-02 4.725923e-02 4.447123e-02 2.508748e-02 4.034247e-02 4.488058e-02 3.808525e-02 2.471575e-02 4.843636e-02 2.345450e-02 4.294246e-02 3.333955e-02 4.797088e-02 2.561351e-02 2.597822e-02 4.623944e-02 2.702619e-02 2.397702e-02 2.452543e-02 2.679313e-02 2.839201e-02 3.649892e-02 2.575554e-02 4.871649e-02 2.435326e-02 2.584748e-02 2.624231e-02 4.961453e-02 3.634510e-02 2.582160e-02 2.605248e-02 3.695881e-02 3.049006e-02 5.401682e-02 2.678585e-02 4.546923e-02 5.020569e-02 2.370647e-02 2.218531e-02 4.291783e-02 4.514150e-02 2.612437e-02 2.367732e-02 3.997687e-02 2.411400e-02 2.619589e-02 4.770963e-02 2.441944e-02 2.446949e-02 4.604018e-02 5.407600e-02 2.882930e-02 2.648591e-02 2.304542e-02 2.373574e-02 4.339596e-02 2.430475e-02 4.945569e-02 2.533302e-02 2.262166e-02 2.290958e-02 2.425003e-02 4.640080e-02 2.666745e-02 4.915497e-02 4.899927e-02 3.901330e-02 3.195001e-02 2.633517e-02 2.699275e-02 2.256798e-02 2.541716e-02 2.568806e-02 3.434792e-02 3.650885e-02 3.853308e-02 3.432693e-02 2.517153e-02 2.422724e-02 2.975510e-02 2.483723e-02 5.122225e-02 2.523623e-02 5.137310e-02 2.326199e-02 2.426707e-02 4.670874e-02 4.615762e-02
1.681446e-02 1.759321e-02 1.371154e-02 2.525115e-02 1.602348e-02 2.355615e-02 3.318100e-02 1.391440e-02 1.492390e-02 2.035859e-02 3.114578e-02 1.596891e-02 2.981278e-02 3.301952e-02 2.696054e-02 3.373001e-02 1.725234e-02 1.897721e-02 3.115886e-02 1.562426e-02 1.564542e-02 3.026682e-02 2.699635e-02 1.456058e-02 2.762025e-02 2.839275e-02 2.384841e-02 1.510480e-02 3.214815e-02 1.293955e-02 2.822714e-02 2.118747e-02 3.210424e-02 1.702942e-02 1.572344e-02 2.990259e-02 1.731538e-02 1.357897e-02 1.314687e-02 1.582380e-02 1.729513e-02 2.230389e-02 1.620672e-02 3.355249e-02 1.509287e-02 1.783240e-02 1.638238e-02 3.185475e-02 2.324932e-02 1.596360e-02 1.701501e-02 2.316489e-02 1.869762e-02 3.528244e-02 1.579708e-02 2.764872e-02 3.143574e-02 1.494655e-02 1.339950e-02 2.753752e-02 2.890729e-02 1.593049e-02 1.402136e-02 2.494663e-02 1.400931e-02 1.589852e-02 3.026275e-02 1.566719e-02 1.451338e-02 2.785217e-02 3.467787e-02 1.832154e-02 1.510061e-02 1.450194e-02 1.315426e-02 2.863948e-02 1.271689e-02 3.164293e-02 1.467159e-02 1.472389e-02 1.412965e-02 1.352975e-02 2.901566e-02 1.544106e-02 3.272883e-02 3.037166e-02 2.435423e-02 2.054616e-02 1.492558e-02 1.556003e-02 1.362796e-02 1.582083e-02 1.393651e-02 2.046765e-02 2.510139e-02 2.371393e-02 2.213288e-02 1.397086e-02 1.364821e-02 1.919320e-02 1.422188e-02 3.429925e-02 1.552394e-02 3.406218e-02 1.298296e-02 1.532220e-02 2.827161e-02 2.911090e-02
1.094479e-02 1.063436e-02 8.622561e-03 1.647452e-02 1.082923e-02 1.730930e-02 2.301146e-02 8.197648e-03 9.639652e-03 1.274431e-02 1.870781e-02 1.028197e-02 1.863050e-02 2.228983e-02 1.796659e-02 2.328177e-02 1.160877e-02 1.208656e-02 2.069981e-02 9.511685e-03 9.372207e-03 2.044976e-02 1.655466e-02 9.246456e-03 1.861215e-02 1.859426e-02 1.605082e-02 8.509063e-03 2.137733e-02 8.499925e-03 1.702981e-02 1.324986e-02 1.978266e-02 9.852232e-03 1.026732e-02 1.969880e-02 1.048202e-02 9.065669e-03 8.661827e-03 9.719503e-03 1.057275e-02 1.503950e-02 1.011130e-02 2.082857e-02 9.969129e-03 9.582957e-03 1.060160e-02 2.140574e-02 1.509046e-02 9.412285e-03 1.058654e-02 1.570391e-02 1.189448e-02 2.337408e-02 1.030288e-02 1.839540e-02 2.163984e-02 8.568171e-03 8.497877e-03 1.784342e-02 1.780556e-02 9.301111e-03 8.739051e-03 1.538591e-02 8.922996e-03 1.037343e-02 2.159047e-02 8.561767e-03 8.864221e-03 1.741452e-02 2.255717e-02 1.180037e-02 1.001821e-02 8.278427e-03 8.189634e-03 1.805961e-02 7.908458e-03 1.854905e-02 8.973504e-03 8.730819e-03 8.201504e-03 8.373322e-03 2.009043e-02 1.037730e-02 2.115122e-02 1.961209e-02 1.572780e-02 1.220848e-02 9.349463e-03 9.476359e-03 8.066204e-03 9.685296e-03 9.363234e-03 1.318351e-02 1.647285e-02 1.496390e-02 1.434840e-02 9.817097e-03 9.850208e-03 1.216232e-02 8.280765e-03 2.141430e-02 1.010661e-02 2.180120e-02 7.348563e-03 9.193740e-03 1.776759e-02 2.093709e-02
6.965409e-03 7.154700e-03 5.588272e-03 1.196549e-02 6.509951e-03 1.086952e-02 1.490848e-02 5.383493e-03 5.293393e-03 1.004946e-02 1.263662e-02 6.556345e-03 1.147093e-02 1.512790e-02 1.142464e-02 1.575882e-02 6.813833e-03 8.235103e-03 1.397425e-02 6.376742e-03 5.990878e-03 1.339096e-02 1.176586e-02 5.438765e-03 1.237291e-02 1.257096e-02 9.274011e-03 5.623600e-03 1.380296e-02 5.373637e-03 1.202238e-02 8.447491e-03 1.302975e-02 6.379573e-03 6.324481e-03 1.174965e-02 7.702615e-03 5.536696e-03 5.697483e-03 6.535657e-03 7.155638e-03 8.991397e-03 6.226130e-03 1.485623e-02 6.044280e-03 5.677202e-03 6.336572e-03 1.409333e-02 9.287539e-03 6.377299e-03 6.980345e-03 1.075438e-02 7.204922e-03 1.572604e-02 6.044450e-03 1.238493e-02 1.341011e-02 5.646905e-03 5.158801e-03 1.210464e-02 1.254508e-02 6.382488e-03 5.662737e-03 9.909600e-03 6.323044e-03 6.892452e-03 1.453191e-02 6.084649e-03 5.355155e-03 1.262185e-02 1.572110e-02 7.411873e-03 6.258574e-03 5.227964e-03 5.155240e-03 1.309350e-02 5.312663e-03 1.328949e-02 6.013173e-03 6.219753e-03 5.592285e-03 4.863178e-03 1.257204e-02 6.079353e-03 1.367773e-02 1.363641e-02 9.876811e-03 8.450950e-03 6.304417e-03 6.251849e-03 4.564907e-03 6.676715e-03 5.738556e-03 8.997217e-03 1.016004e-02 1.050966e-02 9.184376e-03 6.017355e-03 5.798153e-03 8.811106e-03 5.761371e-03 1.490393e-02 5.976463e-03 1.427066e-02 5.742289e-03 6.079718e-03 1.318830e-02 1.299725e-02
4.048426e-03 4.580148e-03 3.358617e-03 7.283628e-03 4.172469e-03 7.276851e-03 1.007343e-02 3.489023e-03 4.267885e-03 5.814627e-03 8.526860e-03 4.159876e-03 9.327598e-03 1.022153e-02 8.387768e-03 1.042840e-02 4.679062e-03 4.809801e-03 9.213538e-03 4.457522e-03 4.229277e-03 8.374461e-03 7.565795e-03 3.312539e-03 7.715304e-03 8.320524e-03 5.984304e-03 3.622459e-03 9.776352e-03 3.523970e-03 8.312997e-03 5.838200e-03 8.912074e-03 3.903656e-03 4.696321e-03 9.093758e-03 4.609152e-03 3.109121e-03 3.535529e-03 3.872901e-03 4.268642e-03 6.192165e-03 4.368859e-03 1.056244e-02 3.887603e-03 4.703949e-03 4.634464e-03 9.407566e-03 6.236230e-03 4.111177e-03 4.119902e-03 7.500965e-03 5.062984e-03 1.012773e-02 3.965326e-03 9.486080e-03 9.885108e-03 3.537960e-03 3.490299e-03 8.417147e-03 8.948705e-03 4.398000e-03 4.015426e-03 6.224090e-03 3.721487e-03 4.175272e-03 9.117073e-03 3.859767e-03 3.344275e-03 8.691790e-03 1.059777e-02 5.680989e-03 3.888082e-03 3.636378e-03 3.551944e-03 8.184309e-03 3.811166e-03 1.025454e-02 4.124822e-03 3.694437e-03 3.317246e-03 3.428490e-03 9.287029e-03 4.064892e-03 8.637174e-03 9.237810e-03 7.111631e-03 5.026431e-03 4.096345e-03 4.079650e-03 3.079665e-03 4.859844e-03 4.189471e-03 5.858931e-03 6.938963e-03 6.554346e-03 6.202760e-03 3.895116e-03 3.814575e-03 4.586626e-03 3.395499e-03 1.034872e-02 3.775512e-03 1.030224e-02 3.217329e-03 3.505509e-03 8.587055e-03 9.399136e-03
3.081988e-03 3.382560e-03 2.014887e-03 5.270135e-03 2.423906e-03 5.123775e-03 6.790344e-03 2.105895e-03 2.543994e-03 4.186043e-03 5.662751e-03 2.423020e-03 5.494908e-03 6.858385e-03 5.390168e-03 7.482572e-03 2.979152e-03 3.486886e-03 7.010456e-03 2.740695e-03 2.631869e-03 5.962606e-03 5.533658e-03 2.689535e-03 5.183210e-03 5.715608e-03 5.377138e-03 2.014660e-03 7.703409e-03 2.332027e-03 5.889558e-03 3.820990e-03 6.577492e-03 2.837259e-03 2.903990e-03 5.796056e-03 3.125471e-03 2.390164e-03 2.093919e-03 2.679460e-03 3.166507e-03 4.439241e-03 2.604050e-03 6.864569e-03 2.925224e-03 2.497834e-03 3.220741e-03 7.052143e-03 4.179788e-03 2.666264e-03 2.782753e-03 4.467580e-03 3.625567e-03 6.946284e-03 2.827823e-03 5.730659e-03 6.253643e-03 2.403391e-03 2.407195e-03 5.299841e-03 6.870998e-03 2.887318e-03 2.420037e-03 4.425278e-03 2.436675e-03 3.024211e-03 6.549816e-03 2.683552e-03 2.184917e-03 5.150304e-03 7.404633e-03 3.501968e-03 2.539786e-03 2.556635e-03 2.151816e-03 6.351092e-03 2.788458e-03 6.562242e-03 2.664223e-03 2.758474e-03 2.244765e-03 2.378532e-03 5.745018e-03 2.919655e-03 6.398054e-03 6.184079e-03 4.604705e-03 3.794982e-03 3.069536e-03 2.876645e-03 2.437415e-03 3.013259e-03 2.361541e-03 3.486486e-03 4.293426e-03 4.927799e-03 4.580877e-03 2.467873e-03 2.630715e-03 3.577071e-03 2.615602e-03 6.804393e-03 2.272220e-03 6.944095e-03 2.210803e-03 2.408354e-03 5.221307e-03 6.338416e-03
1.966515e-03 1.821235e-03 1.282538e-03 3.270545e-03 1.585387e-03 2.851085e-03 4.305375e-03 1.480181e-03 1.229825e-03 2.295847e-03 3.470123e-03 1.602054e-03 3.562417e-03 3.865482e-03 3.357609e-03 4.352441e-03 2.042339e-03 1.922675e-03 4.008816e-03 1.590242e-03 1.644540e-03 3.541821e-03 2.897992e-03 1.324972e-03 3.311498e-03 3.922886e-03 2.657540e-03 1.428803e-03 4.288769e-03 1.499519e-03 3.208118e-03 2.103445e-03 3.603571e-03 1.514985e-03 1.667155e-03 3.464394e-03 1.765817e-03 1.430867e-03 1.242947e-03 1.722526e-03 1.845338e-03 2.260664e-03 1.544621e-03 3.991571e-03 1.451790e-03 1.475108e-03 1.819838e-03 3.799385e-03 2.473187e-03 1.568579e-03 1.689164e-03 2.899137e-03 1.807681e-03 4.499771e-03 1.538012e-03 3.618548e-03 3.619532e-03 1.481889e-03 1.382287e-03 3.045076e-03 3.522661e-03 1.529328e-03 1.432410e-03 2.401965e-03 1.751774e-03 1.802937e-03 3.919724e-03 1.472960e-03 1.534049e-03 3.132365e-03 4.569189e-03 2.030085e-03 1.690090e-03 1.421897e-03 1.333762e-03 3.520618e-03 1.260620e-03 3.669486e-03 1.683174e-03 1.287907e-03 1.321796e-03 1.391353e-03 3.173412e-03 1.847971e-03 3.644966e-03 3.712278e-03 2.628837e-03 2.276885e-03 1.619793e-03 1.641707e-03 1.346903e-03 1.717183e-03 1.372628e-03 2.496723e-03 2.768695e-03 2.937124e-03 2.560145e-03 1.561958e-03 1.432289e-03 2.217437e-03 1.267842e-03 4.226150e-03 1.499414e-03 4.300401e-03 1.287499e-03 1.532531e-03 3.097129e-03 3.818770e-03
8.084551e-04 9.614946e-04 7.092871e-04 1.435616e-03 1.008043e-03 1.492953e-03 2.145346e-03 7.163920e-04 7.643362e-04 1.145036e-03 1.787216e-03 8.363997e-04 1.816248e-03 2.163270e-03 1.760867e-03 2.721644e-03 8.515302e-04 9.964098e-04 1.834965e-03 9.337373e-04 7.122493e-04 1.763198e-03 1.314304e-03 6.584950e-04 1.648618e-03 1.968417e-03 1.438291e-03 6.529299e-04 2.063796e-03 5.563557e-04 1.747498e-03 1.164881e-03 1.640176e-03 7.041374e-04 7.559091e-04 1.839877e-03 1.023362e-03 5.770804e-04 6.108702e-04 6.856825e-04 7.493293e-04 1.329974e-03 7.039561e-04 2.233881e-03 8.711487e-04 7.768268e-04 7.921652e-04 1.952932e-03 1.208964e-03 7.929024e-04 6.980727e-04 1.419505e-03 1.031584e-03 2.172683e-03 6.654501e-04 1.940389e-03 1.943677e-03 7.668054e-04 7.302929e-04 1.733386e-03 2.028186e-03 8.700689e-04 7.394899e-04 1.091779e-03 7.658122e-04 7.994872e-04 2.096176e-03 8.321709e-04 6.660753e-04 1.581974e-03 1.988511e-03 1.027792e-03 8.470662e-04 7.897943e-04 5.364297e-04 1.737314e-03 5.752499e-04 1.896472e-03 7.357257e-04 7.091188e-04 7.605697e-04 6.349394e-04 1.479772e-03 7.969458e-04 2.072039e-03 2.104681e-03 1.389420e-03 1.112616e-03 7.104887e-04 8.530343e-04 5.492285e-04 8.066641e-04 6.731805e-04 1.079827e-03 1.367815e-03 1.492166e-03 1.225646e-03 5.939981e-04 7.287792e-04 1.138239e-03 6.930136e-04 2.293754e-03 7.868471e-04 2.250015e-03 6.152509e-04 7.237062e-04 1.420688e-03 1.949447e-03
3.001884e-04 4.779115e-04 2.584622e-04 8.857885e-04 3.820124e-04 7.071445e-04 9.643203e-04 3.181329e-04 3.586972e-04 5.886471e-04 8.408280e-04 3.407906e-04 1.009967e-03 9.814415e-04 9.485434e-04 1.174367e-03 5.081797e-04 4.668779e-04 1.047438e-03 4.371767e-04 3.592928e-04 8.133271e-04 6.839805e-04 2.946461e-04 8.159095e-04 9.672854e-04 7.789758e-04 3.130830e-04 1.114798e-03 3.185645e-04 8.459877e-04 5.827606e-04 7.846588e-04 4.344064e-04 5.367380e-04 8.127592e-04 5.187169e-04 3.239806e-04 4.249230e-04 3.578425e-04 4.466519e-04 7.052654e-04 4.365197e-04 9.887861e-04 4.241437e-04 3.642476e-04 4.821252e-04 1.157281e-03 6.703883e-04 4.564124e-04 4.131861e-04 7.170865e-04 5.254511e-04 1.278056e-03 4.061412e-04 1.065636e-03 1.128926e-03 3.881103e-04 2.943542e-04 8.808945e-04 9.997420e-04 4.068484e-04 3.477228e-04 5.272855e-04 3.663868e-04 3.949280e-04 1.068982e-03 3.868469e-04 2.988028e-04 7.540031e-04 1.379618e-03 6.834212e-04 3.529420e-04 2.769814e-04 3.701008e-04 9.702642e-04 2.477203e-04 1.006355e-03 3.820318e-04 4.074061e-04 3.159528e-04 3.068969e-04 7.512320e-04 5.180186e-04 8.849338e-04 9.731023e-04 7.532675e-04 5.144552e-04 3.647605e-04 4.302580e-04 3.462404e-04 3.487076e-04 3.844535e-04 6.166760e-04 7.354333e-04 7.135059e-04 6.353914e-04 3.771975e-04 3.658037e-04 5.991364e-04 3.607770e-04 1.075490e-03 4.760921e-04 1.192142e-03 3.029832e-04 3.359258e-04 7.138774e-04 1.154779e-03
1.675347e-04 1.486270e-04 1.003147e-04 3.076600e-04 1.591080e-04 3.453993e-04 3.994607e-04 1.327762e-04 1.652814e-04 2.176461e-04 3.355679e-04 1.356383e-04 3.957175e-04 4.334075e-04 3.522351e-04 5.569362e-04 1.917948e-04 1.568222e-04 3.812822e-04 1.895532e-04 1.781038e-04 2.952284e-04 2.277941e-04 1.195310e-04 3.724326e-04 4.048323e-04 2.699267e-04 1.328220e-04 4.308134e-04 1.241761e-04 3.693151e-04 1.997268e-04 3.997740e-04 1.700509e-04 1.614034e-04 3.548877e-04 2.064539e-04 1.016446e-04 1.136630e-04 1.527541e-04 1.726130e-04 2.630835e-04 1.570930e-04 4.398014e-04 1.266800e-04 1.526197e-04 2.064135e-04 3.976307e-04 2.999961e-04 1.352953e-04 1.634917e-04 3.475447e-04 2.051668e-04 4.324073e-04 1.321974e-04 4.051059e-04 3.971330e-04 1.409468e-04 1.352227e-04 3.556597e-04 4.362267e-04 1.580151e-04 1.617320e-04 2.317937e-04 2.141853e-04 1.634843e-04 4.448488e-04 2.036095e-04 1.219074e-04 2.270094e-04 4.139563e-04 1.821291e-04 1.652702e-04 1.375717e-04 1.296808e-04 4.130952e-04 1.275017e-04 3.206312e-04 1.630142e-04 1.249555e-04 1.390620e-04 1.273342e-04 2.792829e-04 1.839508e-04 3.624027e-04 4.362982e-04 2.491732e-04 2.457923e-04 1.347914e-04 1.442339e-04 1.292760e-04 1.765213e-04 1.398885e-04 2.609563e-04 3.142164e-04 2.381117e-04 2.545417e-04 1.337807e-04 1.260514e-04 2.508175e-04 1.059375e-04 5.140801e-04 1.593711e-04 4.760703e-04 1.144468e-04 1.565314e-04 3.029196e-04 4.206262e-04
3.934996e-05 4.526018e-05 3.721712e-05 9.785766e-05 4.668390e-05 5.311325e-05 1.444078e-04 3.243382e-05 2.970298e-05 8.393196e-05 9.193473e-05 5.866709e-05 8.789257e-05 1.290658e-04 9.821886e-05 1.693580e-04 5.181378e-05 3.961062e-05 8.391281e-05 6.251195e-05 5.683023e-05 9.555465e-05 5.563201e-05 2.559560e-05 1.094478e-04 1.208123e-04 8.131884e-05 4.111068e-05 1.130950e-04 4.324905e-05 9.381016e-05 4.665062e-05 8.367406e-05 3.003519e-05 2.795294e-05 6.471194e-05 5.315647e-05 1.886842e-05 3.734990e-05 3.475900e-05 4.881990e-05 1.121243e-04 3.875144e-05 1.487568e-04 4.163418e-05 2.323590e-05 4.824824e-05 1.186022e-04 6.871331e-05 4.243071e-05 4.872198e-05 9.241947e-05 6.328901e-05 1.551240e-04 1.884454e-05 1.350185e-04 1.173412e-04 4.378624e-05 3.526483e-05 8.616525e-05 1.143811e-04 4.443261e-05 2.989686e-05 4.665468e-05 5.114423e-05 3.264450e-05 9.999064e-05 4.200603e-05 4.607549e-05 8.206566e-05 1.533084e-04 5.568996e-05 3.768097e-05 2.368935e-05 2.101792e-05 1.294972e-04 5.135485e-05 1.149924e-04 2.994786e-05 3.432027e-05 3.241161e-05 2.996929e-05 6.931572e-05 6.665343e-05 8.161105e-05 1.129800e-04 7.827491e-05 3.896193e-05 5.081994e-05 5.126630e-05 3.705004e-05 3.509862e-05 2.800775e-05 6.555349e-05 1.091237e-04 9.052337e-05 7.581840e-05 4.134774e-05 4.854063e-05 7.223974e-05 3.957685e-05 1.019460e-04 3.210720e-05 1.363059e-04 5.299841e-05 2.791964e-05 4.426515e-05 1.366983e-04
1.235730e-05 6.044941e-06 8.327717e-06 2.898978e-05 8.086581e-06 2.258210e-05 2.655866e-05 1.045338e-05 1.668552e-05 2.875700e-05 1.632206e-05 1.227896e-05 3.304993e-05 4.143150e-05 3.127974e-05 4.934104e-05 8.357712e-06 2.040378e-06 2.843260e-05 1.431799e-05 6.010630e-06 1.664295e-05 8.008530e-06 1.037597e-05 2.465937e-05 3.710188e-05 3.296841e-05 6.231462e-06 2.246805e-05 1.023756e-05 2.067878e-05 2.077032e-05 2.892870e-05 1.666486e-05 1.017069e-05 2.061296e-05 6.172901e-06 1.220823e-05 2.085233e-05 2.012719e-05 8.310072e-06 1.219368e-05 1.029180e-05 2.463845e-05 1.239310e-05 1.264468e-05 2.241704e-05 4.349057e-05 2.074676e-05 8.345264e-06 1.888950e-05 3.498246e-05 1.439741e-05 2.519400e-05 2.024140e-05 3.082976e-05 3.077517e-05 6.272858e-06 3.975731e-06 3.896818e-05 4.332039e-05 8.355537e-06 8.397830e-06 1.821693e-05 7.816084e-06 1.643683e-05 4.482103e-05 1.874954e-05 1.232360e-05 1.343278e-05 3.743670e-05 1.447988e-05 1.468197e-05 1.027913e-05 6.292300e-06 4.072757e-05 1.841428e-05 2.478575e-05 2.299096e-05 8.072272e-06 8.172740e-06 1.229826e-05 3.112662e-05 1.620058e-05 1.817841e-05 2.700932e-05 1.879706e-05 1.657305e-05 2.245787e-05 1.025985e-05 4.171759e-06 8.300308e-06 4.045080e-06 1.645543e-05 1.850040e-05 2.440184e-05 1.229962e-05 1.023931e-05 6.249285e-06 1.993551e-05 6.199157e-06 4.964512e-05 1.022084e-05 3.487501e-05 1.427839e-05 1.691269e-05 1.826276e-05 3.881628e-05
3.542696e-06 3.735885e-06 3.636560e-06 9.141520e-06 1.767331e-06 1.895524e-06 3.662833e-06 3.679631e-06 3.618838e-06 1.891680e-06 5.648972e-06 9.070165e-06 1.099367e-05 7.379326e-06 3.785883e-06 5.591381e-06 3.827497e-06 1.783409e-06 5.680844e-06 1.862074e-06 1.922853e-06 7.408762e-06 9.395108e-06 7.439141e-06 9.477732e-06 7.374416e-06 9.487544e-06 5.432070e-06 5.601281e-06 3.770128e-06 0.000000e+00 5.453931e-06 1.088633e-05 1.809856e-06 5.648955e-06 5.425980e-06 3.538550e-06 0.000000e+00 3.789681e-06 3.841081e-06 5.409644e-06 1.905190e-06 1.917902e-06 7.270987e-06 7.311599e-06 3.779657e-06 5.524792e-06 1.294928e-05 7.395815e-06 3.779462e-06 1.840372e-06 7.236284e-06 5.523322e-06 7.455113e-06 1.826317e-06 7.336625e-06 9.354865e-06 1.785065e-06 1.913728e-06 9.249645e-06 5.565605e-06 3.747965e-06 0.000000e+00 3.747977e-06 3.731422e-06 3.692772e-06 9.130263e-06 1.878074e-06 3.572662e-06 6.200407e-06 3.629108e-06 1.889347e-06 1.893282e-06 7.508330e-06 5.502081e-06 9.358986e-06 1.901926e-06 9.443535e-06 1.885645e-06 5.480431e-06 0.000000e+00 5.499529e-06 3.820691e-06 3.764506e-06 1.316637e-05 7.244434e-06 1.828503e-06 3.673839e-06 3.661987e-06 3.820996e-06 3.642462e-06 3.685173e-06 1.783820e-06 7.484806e-06 9.118099e-06 3.758993e-06 3.578319e-06 3.758354e-06 1.773874e-06 7.286291e-06 1.760898e-06 2.024459e-05 0.000000e+00 1.097863e-05 0.000000e+00 1.763556e-06 1.812115e-06 5.543499e-06
