# Version 0.0
# Data /lustre/isaac24/proj/UTK0244/cbaillar/Bayes_HEP/Detroit_tune_Project/input/Data/Data__200__pp__STAR_2020_I1783875__d32-x01-y01.dat
# Observable: $1/N_{jets}$
# Subobservable: $R_{g}$
# Design Design_Rivet.dat
# design_point1 design_point2 design_point3 design_point4 design_point5 design_point6 design_point7 design_point8 design_point9 design_point10 design_point11 design_point12 design_point13 design_point14 design_point15 design_point16 design_point17 design_point18 design_point19 design_point20 design_point21 design_point22 design_point23 design_point24 design_point25 design_point26 design_point27 design_point28 design_point29 design_point30 design_point31 design_point32 design_point33 design_point34 design_point35 design_point36 design_point37 design_point38 design_point39 design_point40 design_point41 design_point42 design_point43 design_point44 design_point45 design_point46 design_point47 design_point48 design_point49 design_point50 design_point51 design_point52 design_point53 design_point54 design_point55 design_point56 design_point57 design_point58 design_point59 design_point60 design_point61 design_point62 design_point63 design_point64 design_point65 design_point66 design_point67 design_point68 design_point69 design_point70 design_point71 design_point72 design_point73 design_point74 design_point75 design_point76 design_point77 design_point78 design_point79 design_point80 design_point81 design_point82 design_point83 design_point84 design_point85 design_point86 design_point87 design_point88 design_point89 design_point90 design_point91 design_point92 design_point93 design_point94 design_point95 design_point96 design_point97 design_point98 design_point99 design_point100 design_point101 design_point102 design_point103 design_point104 design_point105 design_point106 design_point107 design_point108
7.228065e-01 7.253961e-01 7.267190e-01 7.006966e-01 7.258584e-01 6.981543e-01 6.940345e-01 7.297007e-01 7.265639e-01 7.114536e-01 6.822037e-01 7.277065e-01 6.991005e-01 6.967057e-01 6.883899e-01 6.904471e-01 7.220107e-01 7.063157e-01 6.870457e-01 7.253243e-01 7.227587e-01 6.852806e-01 6.295400e-01 7.292315e-01 6.975886e-01 7.056051e-01 6.969843e-01 7.299888e-01 6.883602e-01 7.295654e-01 6.960183e-01 7.066133e-01 7.101905e-01 7.269573e-01 7.227514e-01 6.552858e-01 7.291106e-01 7.280049e-01 7.346965e-01 7.297817e-01 7.223480e-01 7.050223e-01 7.259888e-01 6.824643e-01 7.266304e-01 7.229345e-01 7.144561e-01 6.854293e-01 7.001025e-01 7.279990e-01 7.226532e-01 7.038253e-01 7.308775e-01 6.791206e-01 7.242572e-01 6.896218e-01 6.897027e-01 7.307125e-01 7.273761e-01 7.004391e-01 6.835705e-01 7.235362e-01 7.325890e-01 6.289308e-01 7.222905e-01 7.218560e-01 6.855699e-01 7.262172e-01 7.280490e-01 6.252124e-01 6.820956e-01 7.201240e-01 7.241151e-01 7.285350e-01 7.287450e-01 6.903840e-01 7.306893e-01 6.833865e-01 7.318928e-01 7.258536e-01 7.277817e-01 7.278443e-01 6.461665e-01 7.167313e-01 6.834267e-01 6.864228e-01 7.086279e-01 7.183584e-01 7.247627e-01 7.292716e-01 7.292902e-01 7.380826e-01 7.239843e-01 7.135430e-01 7.193683e-01 7.022038e-01 7.103301e-01 7.251297e-01 7.325037e-01 7.180352e-01 7.293785e-01 6.859631e-01 7.286838e-01 7.008472e-01 7.336939e-01 7.244590e-01 6.252262e-01 6.890455e-01
3.257827e+00 3.249458e+00 3.282149e+00 3.177750e+00 3.246982e+00 3.172606e+00 3.139357e+00 3.269889e+00 3.269845e+00 3.216616e+00 3.117489e+00 3.271064e+00 3.169296e+00 3.140866e+00 3.137246e+00 3.126907e+00 3.246929e+00 3.182750e+00 3.137285e+00 3.256106e+00 3.261641e+00 3.127367e+00 2.891445e+00 3.268818e+00 3.165696e+00 3.181736e+00 3.153790e+00 3.282031e+00 3.125743e+00 3.273850e+00 3.162690e+00 3.197592e+00 3.189501e+00 3.269874e+00 3.253243e+00 3.023193e+00 3.278593e+00 3.277343e+00 3.291878e+00 3.262432e+00 3.252106e+00 3.201919e+00 3.253073e+00 3.107268e+00 3.268697e+00 3.254461e+00 3.215196e+00 3.119742e+00 3.176240e+00 3.258504e+00 3.264599e+00 3.186836e+00 3.290006e+00 3.101866e+00 3.266128e+00 3.140277e+00 3.136761e+00 3.270061e+00 3.272188e+00 3.189099e+00 3.110302e+00 3.272121e+00 3.292778e+00 2.968553e+00 3.265414e+00 3.258715e+00 3.117754e+00 3.260327e+00 3.267482e+00 2.928984e+00 3.103139e+00 3.248311e+00 3.252831e+00 3.291939e+00 3.272390e+00 3.152480e+00 3.278708e+00 3.118724e+00 3.277139e+00 3.266998e+00 3.265405e+00 3.267360e+00 2.928780e+00 3.239353e+00 3.112841e+00 3.120925e+00 3.196972e+00 3.243374e+00 3.256141e+00 3.282935e+00 3.273186e+00 3.304197e+00 3.264357e+00 3.223489e+00 3.235881e+00 3.198991e+00 3.209337e+00 3.266766e+00 3.285596e+00 3.238360e+00 3.268032e+00 3.120389e+00 3.270790e+00 3.160434e+00 3.298090e+00 3.262950e+00 2.884725e+00 3.135883e+00
7.088999e+00 7.075286e+00 7.108507e+00 7.049087e+00 7.080958e+00 7.044979e+00 7.018986e+00 7.092947e+00 7.100936e+00 7.074165e+00 7.022926e+00 7.097453e+00 7.038575e+00 7.015942e+00 7.022160e+00 7.011253e+00 7.079582e+00 7.043717e+00 7.026160e+00 7.090771e+00 7.091436e+00 7.018537e+00 6.614205e+00 7.097108e+00 7.037660e+00 7.031831e+00 7.026457e+00 7.102078e+00 7.011293e+00 7.104106e+00 7.048692e+00 7.064272e+00 7.032318e+00 7.094407e+00 7.082775e+00 6.965126e+00 7.099774e+00 7.100801e+00 7.108713e+00 7.092917e+00 7.079365e+00 7.057489e+00 7.098607e+00 7.009016e+00 7.085010e+00 7.097207e+00 7.057703e+00 7.008480e+00 7.029161e+00 7.086130e+00 7.100465e+00 7.049945e+00 7.098871e+00 7.008807e+00 7.093138e+00 7.025494e+00 7.021560e+00 7.082885e+00 7.094453e+00 7.048629e+00 7.013927e+00 7.089656e+00 7.105026e+00 6.867925e+00 7.088449e+00 7.088315e+00 7.014923e+00 7.091722e+00 7.100896e+00 6.714237e+00 7.008583e+00 7.075068e+00 7.094349e+00 7.105524e+00 7.090791e+00 7.026869e+00 7.088345e+00 7.013616e+00 7.103151e+00 7.095135e+00 7.098774e+00 7.096173e+00 6.914175e+00 7.080723e+00 7.016436e+00 7.019938e+00 7.056992e+00 7.075158e+00 7.084778e+00 7.099119e+00 7.101707e+00 7.109523e+00 7.093614e+00 7.072148e+00 7.075308e+00 7.049635e+00 7.062990e+00 7.095525e+00 7.091150e+00 7.072668e+00 7.097925e+00 7.012524e+00 7.097396e+00 7.023664e+00 7.105081e+00 7.097657e+00 6.846213e+00 7.024539e+00
8.415607e+00 8.436062e+00 8.368164e+00 8.558115e+00 8.429916e+00 8.569313e+00 8.633288e+00 8.394081e+00 8.387917e+00 8.482678e+00 8.664767e+00 8.387872e+00 8.580853e+00 8.631759e+00 8.641275e+00 8.659647e+00 8.435114e+00 8.548980e+00 8.634267e+00 8.412518e+00 8.409190e+00 8.657563e+00 9.346247e+00 8.387443e+00 8.583785e+00 8.565176e+00 8.611820e+00 8.373002e+00 8.660995e+00 8.376478e+00 8.580096e+00 8.518265e+00 8.549116e+00 8.393630e+00 8.424687e+00 8.852106e+00 8.376500e+00 8.380784e+00 8.348964e+00 8.397621e+00 8.428979e+00 8.522527e+00 8.405006e+00 8.688025e+00 8.405644e+00 8.408414e+00 8.497723e+00 8.675592e+00 8.578966e+00 8.412629e+00 8.395969e+00 8.547543e+00 8.365260e+00 8.701260e+00 8.404380e+00 8.631939e+00 8.638959e+00 8.400386e+00 8.392082e+00 8.546262e+00 8.678595e+00 8.397198e+00 8.351797e+00 8.955975e+00 8.407557e+00 8.418838e+00 8.670315e+00 8.404902e+00 8.391225e+00 9.153925e+00 8.698085e+00 8.440207e+00 8.413377e+00 8.358327e+00 8.392643e+00 8.616302e+00 8.387133e+00 8.672597e+00 8.373193e+00 8.397923e+00 8.390681e+00 8.393412e+00 8.995978e+00 8.446266e+00 8.674327e+00 8.661267e+00 8.521911e+00 8.448544e+00 8.417319e+00 8.372516e+00 8.381224e+00 8.330286e+00 8.404670e+00 8.477769e+00 8.450415e+00 8.532661e+00 8.502036e+00 8.398331e+00 8.375321e+00 8.457755e+00 8.387446e+00 8.668684e+00 8.385989e+00 8.598612e+00 8.348008e+00 8.399961e+00 9.115017e+00 8.636697e+00
1.262177e-01 1.263978e-01 1.234668e-01 1.310935e-01 1.265785e-01 1.318781e-01 1.346240e-01 1.241773e-01 1.262075e-01 1.291335e-01 1.339170e-01 1.258748e-01 1.306268e-01 1.346552e-01 1.328639e-01 1.339832e-01 1.255889e-01 1.316548e-01 1.342487e-01 1.251347e-01 1.262327e-01 1.342188e-01 1.533495e-01 1.250484e-01 1.329579e-01 1.312014e-01 1.327991e-01 1.240529e-01 1.347149e-01 1.242181e-01 1.313746e-01 1.293255e-01 1.324741e-01 1.245385e-01 1.272584e-01 1.430597e-01 1.239139e-01 1.243731e-01 1.227021e-01 1.260598e-01 1.274392e-01 1.295637e-01 1.254768e-01 1.356547e-01 1.250634e-01 1.268157e-01 1.281420e-01 1.334007e-01 1.316406e-01 1.250635e-01 1.252970e-01 1.296230e-01 1.238860e-01 1.367319e-01 1.243539e-01 1.344624e-01 1.340128e-01 1.251610e-01 1.242722e-01 1.317714e-01 1.351573e-01 1.260888e-01 1.239738e-01 1.509434e-01 1.256603e-01 1.236258e-01 1.342179e-01 1.270122e-01 1.226320e-01 1.597010e-01 1.346251e-01 1.264420e-01 1.254727e-01 1.241020e-01 1.259611e-01 1.337872e-01 1.230094e-01 1.351613e-01 1.233614e-01 1.248772e-01 1.256821e-01 1.243880e-01 1.498561e-01 1.273286e-01 1.352172e-01 1.346893e-01 1.297322e-01 1.271292e-01 1.265023e-01 1.240475e-01 1.245724e-01 1.210855e-01 1.240392e-01 1.291994e-01 1.268859e-01 1.305294e-01 1.293841e-01 1.244524e-01 1.244157e-01 1.269991e-01 1.248179e-01 1.357897e-01 1.250906e-01 1.337896e-01 1.216751e-01 1.263540e-01 1.579219e-01 1.339631e-01
