# Version 0.0
# Data /lustre/isaac24/proj/UTK0244/cbaillar/Bayes_HEP/Detroit_tune_Project/input/Data/Data__1960__ppbar__CDF_2015_I1388868__d05-x01-y01.dat
# Observable: {$(1/N_\mathrm{events})\; dp^{\mathrm{sum}}_\mathrm{T}\,/d\eta\, d\phi$ [GeV]}
# Subobservable: {$p_\mathrm{T}^{\mathrm{max}}$ [GeV]}
# Design Design_Rivet.dat
# design_point1 design_point2 design_point3 design_point4 design_point5 design_point6 design_point7 design_point8 design_point9 design_point10 design_point11 design_point12 design_point13 design_point14 design_point15 design_point16 design_point17 design_point18 design_point19 design_point20 design_point21 design_point22 design_point23 design_point24 design_point25 design_point26 design_point27 design_point28 design_point29 design_point30 design_point31 design_point32 design_point33 design_point34 design_point35 design_point36 design_point37 design_point38 design_point39 design_point40 design_point41 design_point42 design_point43 design_point44 design_point45 design_point46 design_point47 design_point48 design_point49 design_point50 design_point51 design_point52 design_point53 design_point54 design_point55 design_point56 design_point57 design_point58 design_point59 design_point60 design_point61 design_point62 design_point63 design_point64 design_point65 design_point66 design_point67 design_point68 design_point69 design_point70 design_point71 design_point72 design_point73 design_point74 design_point75 design_point76 design_point77 design_point78 design_point79 design_point80 design_point81 design_point82 design_point83 design_point84 design_point85 design_point86 design_point87 design_point88 design_point89 design_point90 design_point91 design_point92 design_point93 design_point94 design_point95 design_point96 design_point97 design_point98 design_point99 design_point100 design_point101 design_point102 design_point103 design_point104 design_point105 design_point106 design_point107 design_point108
7.571981e-02 9.293285e-02 8.062517e-02 1.127118e-01 7.606279e-02 1.042547e-01 1.227151e-01 8.918733e-02 9.437236e-02 9.593261e-02 1.223739e-01 7.191503e-02 1.118896e-01 1.186881e-01 1.094375e-01 1.208866e-01 1.074920e-01 9.002679e-02 1.167871e-01 7.163642e-02 9.129435e-02 1.226376e-01 1.149404e-01 7.946342e-02 1.068285e-01 1.175513e-01 9.050917e-02 7.572792e-02 1.163537e-01 7.414031e-02 1.050023e-01 8.098511e-02 1.407324e-01 7.154239e-02 1.019242e-01 1.153322e-01 7.959047e-02 8.916283e-02 7.476255e-02 8.970664e-02 8.010414e-02 9.874598e-02 7.159990e-02 1.176190e-01 7.873610e-02 7.512936e-02 7.309711e-02 1.139209e-01 1.062954e-01 7.647034e-02 9.798466e-02 1.098367e-01 1.086365e-01 1.174394e-01 8.359674e-02 1.027817e-01 1.120877e-01 8.715972e-02 7.433771e-02 1.124244e-01 1.038425e-01 9.409215e-02 8.443379e-02 1.154536e-01 1.105796e-01 7.624032e-02 1.169419e-01 8.716466e-02 8.517263e-02 1.298661e-01 1.144462e-01 1.000727e-01 1.035349e-01 7.787160e-02 7.491614e-02 1.136626e-01 7.372990e-02 1.164162e-01 1.028449e-01 7.769614e-02 7.390144e-02 7.874748e-02 1.200006e-01 8.321918e-02 1.170191e-01 1.098175e-01 1.128705e-01 1.118227e-01 7.691968e-02 7.333208e-02 7.531223e-02 7.812512e-02 7.461340e-02 1.144184e-01 1.033900e-01 1.130270e-01 1.046622e-01 7.521514e-02 7.945272e-02 9.543317e-02 8.785120e-02 1.189453e-01 7.740453e-02 1.235428e-01 7.328469e-02 7.385725e-02 1.173245e-01 1.117832e-01
1.956831e-01 2.737969e-01 2.160841e-01 4.180386e-01 2.963564e-01 3.882894e-01 5.060570e-01 2.508202e-01 2.725600e-01 2.875809e-01 5.178967e-01 1.805555e-01 4.221404e-01 4.818249e-01 4.185664e-01 4.860074e-01 3.886696e-01 3.791401e-01 4.717105e-01 1.800351e-01 2.730014e-01 5.177491e-01 4.636045e-01 2.096493e-01 4.237811e-01 4.725032e-01 2.929301e-01 1.966311e-01 4.717308e-01 1.899402e-01 3.251083e-01 2.285540e-01 6.354796e-01 1.786618e-01 3.466385e-01 4.511517e-01 2.224191e-01 2.504862e-01 1.906147e-01 2.528689e-01 2.127019e-01 3.013542e-01 1.792165e-01 4.957806e-01 2.079620e-01 1.933567e-01 2.367718e-01 4.432846e-01 3.892971e-01 2.000525e-01 2.866271e-01 3.905772e-01 3.531410e-01 4.568413e-01 2.285328e-01 3.264590e-01 3.901358e-01 2.427241e-01 1.900679e-01 4.404493e-01 4.169420e-01 2.688538e-01 2.314215e-01 4.774306e-01 4.068016e-01 1.979278e-01 4.799408e-01 2.490883e-01 2.322004e-01 5.557176e-01 4.422152e-01 2.956512e-01 3.349523e-01 2.043979e-01 1.927128e-01 4.443577e-01 1.901185e-01 4.635693e-01 3.066057e-01 2.099373e-01 1.892177e-01 2.112856e-01 4.913233e-01 2.476169e-01 4.643458e-01 4.158096e-01 4.435643e-01 4.140364e-01 2.005913e-01 1.873373e-01 1.941741e-01 2.170400e-01 1.933387e-01 4.414074e-01 3.138402e-01 4.444981e-01 3.550254e-01 1.944664e-01 2.795673e-01 2.791325e-01 2.607074e-01 4.856879e-01 2.044507e-01 4.897040e-01 1.863873e-01 1.884435e-01 4.722778e-01 4.385729e-01
2.678030e-01 4.274384e-01 3.029882e-01 7.901516e-01 7.247157e-01 7.718380e-01 1.172734e+00 3.728144e-01 4.021985e-01 4.541171e-01 1.146016e+00 2.398802e-01 8.188658e-01 1.088692e+00 9.332013e-01 1.073922e+00 7.252665e-01 1.026948e+00 1.096585e+00 2.389881e-01 4.279361e-01 1.191481e+00 1.086375e+00 2.929753e-01 9.098922e-01 1.045518e+00 5.242365e-01 2.702381e-01 1.080346e+00 2.566516e-01 5.240381e-01 3.686687e-01 1.411056e+00 2.369822e-01 6.369442e-01 1.006779e+00 3.306888e-01 3.699996e-01 2.548036e-01 3.767777e-01 3.007482e-01 4.796540e-01 2.373579e-01 1.161620e+00 2.915297e-01 2.631761e-01 5.441474e-01 9.489125e-01 7.596383e-01 2.778137e-01 4.322858e-01 7.482000e-01 5.746711e-01 9.800985e-01 3.301341e-01 5.433080e-01 7.070614e-01 3.568736e-01 2.581283e-01 9.308100e-01 1.012242e+00 3.992015e-01 3.345695e-01 1.096588e+00 7.476890e-01 2.716348e-01 1.098829e+00 3.764174e-01 3.356901e-01 1.131499e+00 9.419708e-01 4.463107e-01 5.525999e-01 2.842373e-01 2.619556e-01 9.336988e-01 2.611449e-01 1.034577e+00 4.670131e-01 3.042648e-01 2.574936e-01 2.998902e-01 1.138908e+00 4.447540e-01 1.057586e+00 8.542165e-01 9.106072e-01 7.498413e-01 2.781283e-01 2.541229e-01 2.661899e-01 3.207977e-01 2.666708e-01 8.603747e-01 4.909507e-01 9.114471e-01 6.144157e-01 2.667227e-01 5.966698e-01 4.296274e-01 4.140512e-01 1.106773e+00 2.857330e-01 1.036763e+00 2.512568e-01 2.562453e-01 1.097346e+00 9.617955e-01
3.084889e-01 5.342789e-01 3.523580e-01 1.102793e+00 1.223832e+00 1.121694e+00 1.907133e+00 4.487549e-01 4.779411e-01 5.703754e-01 1.718318e+00 2.730624e-01 1.165778e+00 1.750141e+00 1.609499e+00 1.683524e+00 1.003999e+00 1.910278e+00 1.843582e+00 2.708038e-01 5.336765e-01 1.859052e+00 1.829091e+00 3.386401e-01 1.387192e+00 1.716895e+00 7.254571e-01 3.137620e-01 1.798224e+00 2.951819e-01 6.635599e-01 5.066048e-01 2.015316e+00 2.682231e-01 9.370104e-01 1.668294e+00 3.969359e-01 4.443334e-01 2.910322e-01 4.541579e-01 3.517014e-01 6.040784e-01 2.683946e-01 1.874253e+00 3.397712e-01 3.032544e-01 9.910417e-01 1.466012e+00 1.184282e+00 3.213457e-01 5.227652e-01 1.189889e+00 7.222934e-01 1.517726e+00 3.941302e-01 7.035894e-01 9.642817e-01 4.299508e-01 2.953087e-01 1.422431e+00 1.805564e+00 4.791677e-01 3.983343e-01 1.712560e+00 1.019035e+00 3.134533e-01 1.787943e+00 4.554349e-01 3.962565e-01 1.565041e+00 1.453494e+00 5.450575e-01 7.050109e-01 3.295292e-01 3.019889e-01 1.412011e+00 3.011674e-01 1.661885e+00 5.633977e-01 3.649312e-01 2.962638e-01 3.546180e-01 1.858782e+00 7.094450e-01 1.764884e+00 1.281979e+00 1.343542e+00 9.927062e-01 3.228033e-01 2.931165e-01 3.053685e-01 3.878270e-01 3.091960e-01 1.213499e+00 6.074864e-01 1.347176e+00 8.125483e-01 3.084635e-01 9.379761e-01 5.292446e-01 5.246972e-01 1.788310e+00 3.347229e-01 1.560254e+00 2.863869e-01 2.939484e-01 1.841882e+00 1.563702e+00
3.392881e-01 6.003165e-01 3.811314e-01 1.318196e+00 1.629370e+00 1.380538e+00 2.465388e+00 4.978331e-01 5.234835e-01 6.423428e-01 2.114561e+00 2.979558e-01 1.410273e+00 2.262531e+00 2.248157e+00 2.138918e+00 1.200358e+00 2.638904e+00 2.467149e+00 2.964888e-01 5.990589e-01 2.339654e+00 2.453728e+00 3.723930e-01 1.747253e+00 2.308071e+00 8.731935e-01 3.415691e-01 2.405065e+00 3.203236e-01 7.508148e-01 6.293320e-01 2.370001e+00 2.913905e-01 1.208353e+00 2.262714e+00 4.400734e-01 4.927814e-01 3.160396e-01 5.060090e-01 3.860058e-01 6.786122e-01 2.912229e-01 2.408679e+00 3.731694e-01 3.292179e-01 1.412263e+00 1.865471e+00 1.685297e+00 3.502287e-01 5.765948e-01 1.744030e+00 8.063906e-01 1.929523e+00 4.343885e-01 8.031727e-01 1.139595e+00 4.737377e-01 3.205834e-01 1.800052e+00 2.520410e+00 5.285945e-01 4.407225e-01 2.144340e+00 1.188567e+00 3.377116e-01 2.335216e+00 5.104150e-01 4.361224e-01 1.826997e+00 1.848406e+00 5.954145e-01 7.992349e-01 3.646287e-01 3.278948e-01 1.769721e+00 3.297446e-01 2.155170e+00 6.226189e-01 4.041383e-01 3.236358e-01 3.861868e-01 2.412735e+00 9.705914e-01 2.370468e+00 1.598231e+00 1.664675e+00 1.134095e+00 3.522896e-01 3.187759e-01 3.341260e-01 4.292546e-01 3.377741e-01 1.455818e+00 6.753471e-01 1.664138e+00 9.346131e-01 3.367239e-01 1.206771e+00 5.890318e-01 5.950743e-01 2.319996e+00 3.669747e-01 1.936399e+00 3.122097e-01 3.206287e-01 2.465215e+00 2.117563e+00
3.554284e-01 6.425756e-01 4.082517e-01 1.443514e+00 1.903115e+00 1.537868e+00 2.814260e+00 5.246904e-01 5.531831e-01 6.881510e-01 2.359115e+00 3.227765e-01 1.557760e+00 2.588054e+00 2.708707e+00 2.433836e+00 1.313438e+00 3.108233e+00 2.891339e+00 3.141325e-01 6.394206e-01 2.637420e+00 2.876562e+00 3.956725e-01 1.975823e+00 2.717580e+00 9.558032e-01 3.657281e-01 2.830955e+00 3.413337e-01 8.024755e-01 7.210344e-01 2.557248e+00 3.136942e-01 1.409041e+00 2.706532e+00 4.694086e-01 5.195929e-01 3.331740e-01 5.347888e-01 4.091308e-01 7.318401e-01 3.089285e-01 2.756969e+00 3.975072e-01 3.525767e-01 1.685384e+00 2.121552e+00 2.209781e+00 3.695892e-01 6.099653e-01 2.309354e+00 8.566631e-01 2.200868e+00 4.623296e-01 8.660584e-01 1.243096e+00 5.052261e-01 3.433020e-01 2.052441e+00 3.016225e+00 5.579762e-01 4.642200e-01 2.405193e+00 1.276193e+00 3.656717e-01 2.691830e+00 5.393739e-01 4.616744e-01 1.971920e+00 2.103922e+00 6.275780e-01 8.532291e-01 3.838049e-01 3.508049e-01 2.002263e+00 3.516486e-01 2.489362e+00 6.515144e-01 4.321293e-01 3.443577e-01 4.108908e-01 2.778844e+00 1.171290e+00 2.790993e+00 1.800356e+00 1.863542e+00 1.211823e+00 3.738477e-01 3.433885e-01 3.536327e-01 4.618373e-01 3.583398e-01 1.602471e+00 7.162821e-01 1.861958e+00 1.011549e+00 3.564281e-01 1.368220e+00 6.299749e-01 6.428205e-01 2.668945e+00 3.939156e-01 2.156605e+00 3.364459e-01 3.401052e-01 2.900138e+00 2.552998e+00
3.792090e-01 6.735116e-01 4.292067e-01 1.518434e+00 2.056812e+00 1.626607e+00 3.022159e+00 5.490031e-01 5.726900e-01 7.130409e-01 2.491525e+00 3.383926e-01 1.641157e+00 2.779960e+00 3.004246e+00 2.598454e+00 1.382038e+00 3.394478e+00 3.151705e+00 3.342315e-01 6.598971e-01 2.808459e+00 3.134321e+00 4.182844e-01 2.103994e+00 2.970513e+00 1.013834e+00 3.821535e-01 3.098283e+00 3.636033e-01 8.345619e-01 7.725789e-01 2.644861e+00 3.279630e-01 1.528924e+00 2.991419e+00 4.874566e-01 5.430444e-01 3.573216e-01 5.571162e-01 4.353081e-01 7.553747e-01 3.298074e-01 2.966193e+00 4.167774e-01 3.700496e-01 1.835778e+00 2.263091e+00 2.633012e+00 3.931768e-01 6.296051e-01 2.744256e+00 8.811705e-01 2.352447e+00 4.825977e-01 9.031703e-01 1.296247e+00 5.206874e-01 3.661908e-01 2.193911e+00 3.331653e+00 5.818104e-01 4.890758e-01 2.525454e+00 1.307942e+00 3.716108e-01 2.908253e+00 5.669656e-01 4.731131e-01 2.041989e+00 2.249322e+00 6.434972e-01 8.854853e-01 4.032922e-01 3.747688e-01 2.125063e+00 3.710354e-01 2.681884e+00 6.736664e-01 4.532549e-01 3.633509e-01 4.334928e-01 2.998712e+00 1.279851e+00 3.055909e+00 1.918510e+00 1.975550e+00 1.244145e+00 3.952447e-01 3.630144e-01 3.776355e-01 4.762991e-01 3.827959e-01 1.673429e+00 7.362536e-01 1.974488e+00 1.041510e+00 3.753121e-01 1.460922e+00 6.526278e-01 6.735431e-01 2.870674e+00 4.084354e-01 2.281709e+00 3.526073e-01 3.648110e-01 3.158609e+00 2.858947e+00
3.949016e-01 6.949535e-01 4.420056e-01 1.539098e+00 2.137073e+00 1.659401e+00 3.126862e+00 5.665633e-01 5.914103e-01 7.302549e-01 2.547729e+00 3.560978e-01 1.669674e+00 2.868663e+00 3.172471e+00 2.669231e+00 1.400190e+00 3.515900e+00 3.293680e+00 3.558751e-01 6.765835e-01 2.907137e+00 3.287292e+00 4.329105e-01 2.147147e+00 3.089259e+00 1.032077e+00 3.957631e-01 3.240868e+00 3.749014e-01 8.491120e-01 7.915251e-01 2.649591e+00 3.497667e-01 1.577469e+00 3.155878e+00 5.048372e-01 5.634610e-01 3.717451e-01 5.761311e-01 4.451751e-01 7.699914e-01 3.542501e-01 3.072941e+00 4.398883e-01 3.836783e-01 1.883074e+00 2.334514e+00 2.930797e+00 4.050897e-01 6.609652e-01 2.990640e+00 8.927189e-01 2.424585e+00 5.001440e-01 9.234031e-01 1.315945e+00 5.437131e-01 3.808677e-01 2.257674e+00 3.497088e+00 5.981086e-01 5.100118e-01 2.609364e+00 1.327677e+00 3.926574e-01 3.024862e+00 5.751678e-01 5.005630e-01 2.053412e+00 2.320586e+00 6.894248e-01 8.911365e-01 4.223391e-01 3.894454e-01 2.181715e+00 3.932979e-01 2.784248e+00 6.987181e-01 4.714169e-01 3.773940e-01 4.500314e-01 3.120977e+00 1.349876e+00 3.214480e+00 1.975731e+00 2.022207e+00 1.253584e+00 4.139533e-01 3.741326e-01 3.956803e-01 5.000927e-01 3.983710e-01 1.699825e+00 7.533959e-01 2.022586e+00 1.072707e+00 3.945193e-01 1.491442e+00 6.690044e-01 6.838069e-01 2.980150e+00 4.280747e-01 2.313269e+00 3.743536e-01 3.767063e-01 3.318888e+00 3.046585e+00
4.166035e-01 7.044979e-01 4.520652e-01 1.552234e+00 2.153129e+00 1.673042e+00 3.161841e+00 5.865803e-01 5.996190e-01 7.461258e-01 2.563663e+00 3.675211e-01 1.689111e+00 2.890410e+00 3.233258e+00 2.701503e+00 1.418441e+00 3.543771e+00 3.385661e+00 3.633051e-01 6.941314e-01 2.941974e+00 3.340105e+00 4.428836e-01 2.160390e+00 3.121041e+00 1.023822e+00 4.201271e-01 3.314946e+00 3.965499e-01 8.596588e-01 8.055672e-01 2.664068e+00 3.749385e-01 1.610540e+00 3.229109e+00 5.299082e-01 5.739177e-01 3.913643e-01 5.969002e-01 4.622963e-01 7.795979e-01 3.731901e-01 3.135114e+00 4.600510e-01 4.124955e-01 1.890720e+00 2.353071e+00 3.091422e+00 4.280118e-01 6.594467e-01 3.149584e+00 9.063421e-01 2.475175e+00 5.163830e-01 9.401788e-01 1.333184e+00 5.687383e-01 3.954827e-01 2.281786e+00 3.590858e+00 6.074162e-01 5.199117e-01 2.620909e+00 1.324662e+00 4.206058e-01 3.093217e+00 5.863610e-01 5.289652e-01 2.097704e+00 2.328965e+00 6.711871e-01 9.158181e-01 4.416086e-01 4.040282e-01 2.195772e+00 4.072933e-01 2.815531e+00 7.188731e-01 4.847145e-01 3.981573e-01 4.678712e-01 3.173709e+00 1.353019e+00 3.280572e+00 1.982639e+00 2.036009e+00 1.261918e+00 4.297476e-01 4.062942e-01 4.067445e-01 5.104305e-01 4.146929e-01 1.690734e+00 7.820087e-01 2.040216e+00 1.092499e+00 4.095801e-01 1.494586e+00 6.859043e-01 7.000356e-01 3.016666e+00 4.520558e-01 2.315279e+00 3.909180e-01 3.921650e-01 3.360660e+00 3.135425e+00
4.237192e-01 7.245701e-01 4.865984e-01 1.539551e+00 2.149448e+00 1.653580e+00 3.154349e+00 6.164627e-01 6.267197e-01 7.660342e-01 2.562482e+00 3.985320e-01 1.701340e+00 2.859565e+00 3.243987e+00 2.683521e+00 1.411901e+00 3.556710e+00 3.373745e+00 3.892323e-01 7.217459e-01 2.945338e+00 3.377321e+00 4.633632e-01 2.127857e+00 3.103443e+00 1.051348e+00 4.418549e-01 3.306361e+00 4.145266e-01 8.883931e-01 8.092382e-01 2.623899e+00 3.827777e-01 1.585726e+00 3.273342e+00 5.470862e-01 6.029903e-01 4.139223e-01 6.240648e-01 4.912370e-01 8.079368e-01 3.917737e-01 3.133444e+00 4.703399e-01 4.292876e-01 1.852887e+00 2.344034e+00 3.144314e+00 4.544278e-01 6.852664e-01 3.193871e+00 9.272915e-01 2.462315e+00 5.388346e-01 9.563189e-01 1.333191e+00 5.997270e-01 4.244014e-01 2.269952e+00 3.622437e+00 6.403974e-01 5.460891e-01 2.573074e+00 1.330460e+00 4.400949e-01 3.075446e+00 6.077430e-01 5.493295e-01 2.063494e+00 2.346450e+00 6.967475e-01 9.259620e-01 4.742629e-01 4.224860e-01 2.169510e+00 4.264864e-01 2.814248e+00 7.291921e-01 5.146501e-01 4.235937e-01 5.038674e-01 3.186716e+00 1.337738e+00 3.304198e+00 1.968642e+00 2.033036e+00 1.263559e+00 4.528622e-01 4.267430e-01 4.296434e-01 5.372159e-01 4.481685e-01 1.697068e+00 7.933691e-01 2.028713e+00 1.079796e+00 4.299122e-01 1.505411e+00 7.099358e-01 7.140716e-01 3.012089e+00 4.750877e-01 2.289182e+00 4.138810e-01 4.128203e-01 3.387759e+00 3.169474e+00
4.681823e-01 7.403155e-01 5.112964e-01 1.546489e+00 2.092769e+00 1.657342e+00 3.117554e+00 6.261672e-01 6.468410e-01 7.975384e-01 2.495974e+00 4.147953e-01 1.694479e+00 2.871271e+00 3.134458e+00 2.620495e+00 1.412314e+00 3.468583e+00 3.337136e+00 4.224379e-01 7.438557e-01 2.868523e+00 3.297530e+00 5.190997e-01 2.062165e+00 3.050320e+00 1.035743e+00 4.755339e-01 3.266590e+00 4.614725e-01 8.826085e-01 8.359146e-01 2.628777e+00 4.073805e-01 1.552971e+00 3.194889e+00 5.724083e-01 6.241293e-01 4.523373e-01 6.495255e-01 5.127589e-01 8.427971e-01 4.200899e-01 3.107078e+00 5.200010e-01 4.489760e-01 1.809888e+00 2.293900e+00 3.111182e+00 4.888502e-01 7.314571e-01 3.048353e+00 9.525098e-01 2.409306e+00 5.618890e-01 9.619670e-01 1.347472e+00 6.214666e-01 4.578329e-01 2.244378e+00 3.606219e+00 6.611764e-01 5.725648e-01 2.439891e+00 1.347023e+00 4.577885e-01 3.015961e+00 6.532503e-01 6.047484e-01 1.872965e+00 2.311845e+00 7.575393e-01 9.523819e-01 4.960033e-01 4.518493e-01 2.142869e+00 4.745737e-01 2.767817e+00 7.436490e-01 5.619402e-01 4.606054e-01 5.381633e-01 3.138996e+00 1.295176e+00 3.267166e+00 1.975303e+00 2.011004e+00 1.290525e+00 5.076152e-01 4.666268e-01 4.679750e-01 5.814610e-01 4.834504e-01 1.686590e+00 8.204633e-01 1.991471e+00 1.075663e+00 4.856597e-01 1.473641e+00 7.261142e-01 7.597463e-01 2.947937e+00 5.076139e-01 2.254803e+00 4.494430e-01 4.526963e-01 3.362342e+00 3.154075e+00
4.898622e-01 8.176548e-01 5.717146e-01 1.517841e+00 2.053218e+00 1.653996e+00 3.003767e+00 6.709005e-01 6.961192e-01 7.864527e-01 2.433101e+00 4.843130e-01 1.680816e+00 2.833484e+00 3.178378e+00 2.585194e+00 1.454105e+00 3.476994e+00 3.234394e+00 4.840946e-01 7.921206e-01 2.795430e+00 3.229053e+00 5.452505e-01 2.107291e+00 2.875982e+00 1.009348e+00 5.352598e-01 3.185068e+00 4.950226e-01 9.300496e-01 8.539556e-01 2.643512e+00 4.422835e-01 1.544990e+00 3.164951e+00 6.033875e-01 6.739406e-01 5.257338e-01 7.018792e-01 5.590136e-01 8.757350e-01 4.282285e-01 3.015380e+00 5.126449e-01 5.299771e-01 1.823911e+00 2.253019e+00 3.024483e+00 5.432804e-01 7.694894e-01 3.022155e+00 9.762765e-01 2.408179e+00 6.344325e-01 1.027651e+00 1.326351e+00 6.425741e-01 4.924887e-01 2.179445e+00 3.487819e+00 7.159315e-01 6.413424e-01 2.389975e+00 1.374758e+00 5.360706e-01 3.019564e+00 6.370654e-01 6.073557e-01 1.916331e+00 2.272992e+00 7.464867e-01 9.808424e-01 5.247625e-01 4.880149e-01 2.096291e+00 5.085550e-01 2.737805e+00 7.825986e-01 5.883578e-01 4.896851e-01 5.602827e-01 3.100387e+00 1.300351e+00 3.166313e+00 1.890954e+00 2.017956e+00 1.309076e+00 5.323079e-01 4.995700e-01 5.080146e-01 6.114538e-01 4.919894e-01 1.675863e+00 8.389315e-01 2.001264e+00 1.103786e+00 5.247697e-01 1.425554e+00 7.877761e-01 7.592405e-01 2.874352e+00 5.224733e-01 2.190158e+00 4.749523e-01 4.958158e-01 3.303223e+00 3.052151e+00
5.390025e-01 8.179265e-01 5.886210e-01 1.537148e+00 2.050320e+00 1.620807e+00 2.937012e+00 7.178442e-01 7.557823e-01 8.418929e-01 2.397391e+00 5.439633e-01 1.647542e+00 2.664417e+00 3.054064e+00 2.523169e+00 1.440608e+00 3.302112e+00 3.243280e+00 5.129329e-01 8.235178e-01 2.793772e+00 3.141841e+00 5.653016e-01 2.033771e+00 2.945618e+00 1.085931e+00 5.700656e-01 3.038691e+00 5.222118e-01 9.420809e-01 9.104570e-01 2.639958e+00 4.857518e-01 1.503329e+00 3.121884e+00 6.698304e-01 7.223187e-01 5.170049e-01 7.277278e-01 6.120050e-01 9.013112e-01 5.188941e-01 3.029574e+00 5.829332e-01 5.383231e-01 1.779002e+00 2.230141e+00 2.826764e+00 6.018031e-01 7.707519e-01 2.835245e+00 9.916679e-01 2.360199e+00 6.732283e-01 1.031621e+00 1.359007e+00 6.796251e-01 5.287502e-01 2.201934e+00 3.426588e+00 7.426253e-01 6.544337e-01 2.233517e+00 1.368665e+00 6.058453e-01 2.840563e+00 8.532828e-01 6.590375e-01 1.795788e+00 2.165756e+00 8.120112e-01 1.006329e+00 5.776112e-01 5.466933e-01 2.122957e+00 5.469658e-01 2.671629e+00 8.252815e-01 6.293935e-01 5.435023e-01 5.964876e-01 3.050792e+00 1.278922e+00 3.116275e+00 1.900814e+00 1.997997e+00 1.294674e+00 5.591585e-01 5.200478e-01 5.482840e-01 6.498933e-01 5.319985e-01 1.695323e+00 9.118968e-01 2.037181e+00 1.178843e+00 5.130726e-01 1.476215e+00 7.892186e-01 7.967578e-01 2.843956e+00 5.697155e-01 2.272466e+00 5.426000e-01 5.358085e-01 3.211119e+00 2.952604e+00
6.536718e-01 9.249302e-01 7.057714e-01 1.619318e+00 1.980843e+00 1.591496e+00 3.001352e+00 7.887687e-01 8.421720e-01 8.940515e-01 2.450185e+00 6.176123e-01 1.638228e+00 2.754246e+00 2.963268e+00 2.558813e+00 1.462148e+00 3.159514e+00 3.141527e+00 6.295295e-01 8.862947e-01 2.740112e+00 3.132736e+00 6.417464e-01 2.194025e+00 2.872000e+00 1.155399e+00 6.427585e-01 3.064207e+00 6.746390e-01 1.056658e+00 9.341351e-01 2.690460e+00 6.647594e-01 1.556594e+00 3.017373e+00 6.820416e-01 7.532611e-01 6.095917e-01 7.867015e-01 6.341577e-01 9.601615e-01 5.924123e-01 2.936929e+00 6.728668e-01 6.192768e-01 1.738998e+00 2.242109e+00 2.799047e+00 7.253212e-01 8.563271e-01 2.667437e+00 1.095149e+00 2.343249e+00 7.292677e-01 1.106346e+00 1.452624e+00 7.879571e-01 6.261351e-01 2.176717e+00 3.340593e+00 8.451427e-01 6.980095e-01 2.326330e+00 1.375454e+00 6.432262e-01 2.938629e+00 9.018522e-01 7.174021e-01 2.069461e+00 2.422809e+00 1.020201e+00 1.130971e+00 6.776718e-01 6.068766e-01 2.157812e+00 6.282868e-01 2.649975e+00 9.178139e-01 6.653740e-01 6.408354e-01 6.467244e-01 2.958768e+00 1.347207e+00 3.166171e+00 1.940568e+00 2.033849e+00 1.354215e+00 6.171117e-01 5.679102e-01 6.184222e-01 7.453258e-01 6.605009e-01 1.778507e+00 1.006233e+00 1.976311e+00 1.172129e+00 6.714001e-01 1.478570e+00 8.689642e-01 8.472375e-01 2.752098e+00 7.172353e-01 2.254678e+00 6.769523e-01 5.699730e-01 3.209979e+00 2.907582e+00
7.842452e-01 9.027275e-01 8.500058e-01 1.751845e+00 2.217344e+00 1.695948e+00 3.000880e+00 9.659950e-01 9.441012e-01 1.093304e+00 2.514766e+00 9.515360e-01 1.884191e+00 2.583412e+00 3.141482e+00 2.616931e+00 1.690555e+00 3.024426e+00 3.184650e+00 7.483664e-01 1.125793e+00 3.387875e+00 3.018414e+00 6.396317e-01 2.221865e+00 2.662715e+00 1.262903e+00 6.152697e-01 2.494895e+00 7.425527e-01 1.344490e+00 7.776527e-01 2.517825e+00 5.795155e-01 1.569085e+00 3.119056e+00 9.056777e-01 9.758075e-01 6.821117e-01 8.648827e-01 8.177636e-01 1.270877e+00 5.557824e-01 3.151614e+00 7.840575e-01 9.115625e-01 1.647643e+00 2.405911e+00 2.608240e+00 6.799864e-01 8.249467e-01 2.345901e+00 1.215173e+00 2.557408e+00 9.275597e-01 1.196080e+00 1.699895e+00 7.538629e-01 6.344411e-01 2.370116e+00 3.212844e+00 1.120931e+00 7.061594e-01 2.141141e+00 1.265104e+00 1.109157e+00 2.634212e+00 6.478879e-01 9.543021e-01 2.528375e+00 3.030636e+00 9.353781e-01 1.646420e+00 9.314291e-01 8.002191e-01 2.130666e+00 8.498441e-01 2.891922e+00 1.062863e+00 7.541346e-01 7.049072e-01 8.625135e-01 3.266952e+00 1.163327e+00 3.051903e+00 2.152989e+00 1.968915e+00 1.374523e+00 8.236340e-01 5.768740e-01 7.202906e-01 8.228645e-01 7.087354e-01 1.906896e+00 1.287033e+00 2.143984e+00 1.257650e+00 8.024139e-01 1.539740e+00 1.053637e+00 8.868401e-01 2.553967e+00 7.453350e-01 2.362360e+00 6.353188e-01 6.983339e-01 3.254612e+00 2.962080e+00
