# Version 0.0
# Data /lustre/isaac24/proj/UTK0244/cbaillar/Bayes_HEP/Detroit_tune_Project/input/Data/Data__200__pp__PHENIX_2025_I2820229__d06-x01-y05.dat
# Observable: $\frac{1}{N_{jet}}(j_T/p_T^{jet})\frac{dN}{d(j_T/p_T^{jet})}$
# Subobservable: $j_T/p_T^{jet}$
# Design Design_Rivet.dat
# design_point1 design_point2 design_point3 design_point4 design_point5 design_point6 design_point7 design_point8 design_point9 design_point10 design_point11 design_point12 design_point13 design_point14 design_point15 design_point16 design_point17 design_point18 design_point19 design_point20 design_point21 design_point22 design_point23 design_point24 design_point25 design_point26 design_point27 design_point28 design_point29 design_point30 design_point31 design_point32 design_point33 design_point34 design_point35 design_point36 design_point37 design_point38 design_point39 design_point40 design_point41 design_point42 design_point43 design_point44 design_point45 design_point46 design_point47 design_point48 design_point49 design_point50 design_point51 design_point52 design_point53 design_point54 design_point55 design_point56 design_point57 design_point58 design_point59 design_point60 design_point61 design_point62 design_point63 design_point64 design_point65 design_point66 design_point67 design_point68 design_point69 design_point70 design_point71 design_point72 design_point73 design_point74 design_point75 design_point76 design_point77 design_point78 design_point79 design_point80 design_point81 design_point82 design_point83 design_point84 design_point85 design_point86 design_point87 design_point88 design_point89 design_point90 design_point91 design_point92 design_point93 design_point94 design_point95 design_point96 design_point97 design_point98 design_point99 design_point100 design_point101 design_point102 design_point103 design_point104 design_point105 design_point106 design_point107 design_point108
3.191652e+03 3.143862e+02 5.071989e+03 8.661873e+02 5.737162e+02 2.832318e+04 8.823109e+02 9.655201e+02 5.240607e+02 2.533780e+04 4.963137e+03 8.763470e+03 6.893011e+02 1.481642e+04 4.785412e+03 4.802563e+02 3.307441e+03 7.835819e+03 1.242868e+03 7.724891e+03 6.919316e+03 2.299337e+03 7.295209e+03 4.064621e+02 3.190043e+03 1.850558e+04 6.974068e+02 3.982857e+02 1.887800e+03 4.105835e+03 7.707967e+02 4.058182e+03 7.180107e+02 3.073854e+02 7.945108e+03 1.678001e+03 1.999052e+03 1.284377e+04 3.272079e+04 2.554433e+03 1.936859e+03 5.871427e+02 6.131460e+02 2.085763e+04 3.108371e+02 1.239860e+04 1.635660e+04 8.201542e+02 1.101787e+03 1.824481e+03 1.630455e+03 3.045102e+03 5.926668e+02 5.105930e+03 1.699872e+03 1.656501e+04 1.212087e+03 1.097405e+03 1.609120e+03 1.326445e+04 8.228950e+02 3.010540e+04 4.211170e+02 1.028711e+04 6.789986e+02 1.625156e+03 4.983790e+03 1.944565e+04 1.343470e+04 3.151868e+04 4.619763e+03 1.221377e+03 1.579573e+04 1.924626e+04 1.893021e+03 2.096207e+03 5.190994e+04 1.569351e+03 1.716998e+04 4.351917e+03 4.228722e+02 3.888987e+03 1.935935e+03 4.850502e+03 1.106187e+03 1.657597e+03 6.547505e+03 4.924816e+04 3.900568e+03 9.382128e+04 6.371623e+04 6.072924e+02 8.370227e+03 4.633493e+05 4.835816e+03 1.341958e+03 2.734795e+04 4.992618e+04 1.524816e+03 4.394913e+02 3.618981e+03 1.925786e+05 2.558117e+04 1.471336e+03 1.592092e+03 1.531818e+04 3.246374e+03 9.145640e+02
8.617444e+00 8.629288e+00 8.612322e+00 8.687927e+00 8.621630e+00 8.684125e+00 8.734326e+00 8.590277e+00 8.602828e+00 8.652704e+00 8.738107e+00 8.630203e+00 8.770698e+00 8.742486e+00 8.741757e+00 8.759533e+00 8.607867e+00 8.690122e+00 8.836445e+00 1.219589e+01 1.216593e+01 1.256040e+01 2.729456e+02 1.216651e+01 1.232842e+01 1.241299e+01 1.232975e+01 8.624535e+00 8.765533e+00 8.600265e+00 8.689108e+00 8.675939e+00 8.693693e+00 8.648747e+00 8.616646e+00 1.225586e+01 8.761651e+00 8.593050e+00 8.659394e+00 8.619584e+00 8.625846e+00 8.670573e+00 8.624542e+00 8.744252e+00 8.588962e+00 8.612208e+00 1.227513e+01 1.236212e+01 1.229618e+01 1.218248e+01 1.219720e+01 1.247031e+01 1.237761e+01 1.239387e+01 8.620443e+00 1.237971e+01 1.235515e+01 1.215914e+01 1.212078e+01 1.240983e+01 1.239840e+01 1.215000e+01 1.226138e+01 4.879171e+02 1.215881e+01 1.221281e+01 1.239640e+01 1.215619e+01 1.215827e+01 3.608325e+02 1.244515e+01 1.222329e+01 8.629320e+00 1.225944e+01 1.212631e+01 1.228698e+01 1.213435e+01 1.233478e+01 1.225213e+01 1.220777e+01 1.215066e+01 6.084891e+00 5.512815e+01 1.220804e+01 1.235764e+01 1.234642e+01 1.226889e+01 1.223554e+01 1.218495e+01 1.229049e+01 7.017281e+00 8.796236e+00 8.602018e+00 8.664550e+00 1.244370e+01 1.226127e+01 1.224949e+01 1.213256e+01 1.224857e+01 8.640785e+00 1.215632e+01 1.238738e+01 1.220431e+01 1.236510e+01 1.224027e+01 1.216049e+01 9.973390e+01 1.248198e+01
2.880013e+00 2.882155e+00 2.877437e+00 2.899473e+00 2.879189e+00 2.892910e+00 2.899760e+00 2.869111e+00 2.873686e+00 2.889050e+00 2.909510e+00 2.881426e+00 2.926896e+00 2.903952e+00 2.910987e+00 2.908333e+00 2.874635e+00 2.887439e+00 2.938777e+00 4.074816e+00 4.062703e+00 4.182892e+00 9.181691e+01 4.068345e+00 4.111438e+00 4.123714e+00 4.111512e+00 2.880247e+00 2.911146e+00 2.872025e+00 2.895471e+00 2.897951e+00 2.874272e+00 2.887414e+00 2.881422e+00 4.075601e+00 2.921323e+00 2.868325e+00 2.896253e+00 2.881500e+00 2.884416e+00 2.896770e+00 2.880657e+00 2.908497e+00 2.870219e+00 2.879728e+00 4.083255e+00 4.121908e+00 4.101498e+00 4.063320e+00 4.075607e+00 4.161592e+00 4.129887e+00 4.129331e+00 2.881568e+00 4.120161e+00 4.123316e+00 4.068811e+00 4.047392e+00 4.134804e+00 4.124748e+00 4.055632e+00 4.093758e+00 1.705127e+02 4.062061e+00 4.077007e+00 4.123724e+00 4.058394e+00 4.062270e+00 1.202952e+02 4.147849e+00 4.076705e+00 2.881133e+00 4.098876e+00 4.054139e+00 4.098931e+00 4.056687e+00 4.108295e+00 4.094874e+00 4.078555e+00 4.061401e+00 2.031511e+00 1.832405e+01 4.076550e+00 4.116268e+00 4.114732e+00 4.092214e+00 4.081352e+00 4.072256e+00 4.103882e+00 2.344172e+00 2.934448e+00 2.875107e+00 2.892218e+00 4.145541e+00 4.093518e+00 4.088484e+00 4.053896e+00 4.098095e+00 2.882746e+00 4.060361e+00 4.119252e+00 4.082443e+00 4.102919e+00 4.091299e+00 4.062750e+00 3.301979e+01 4.158703e+00
1.003674e+00 9.993327e-01 9.999597e-01 1.006806e+00 1.003396e+00 1.005645e+00 1.003323e+00 9.970275e-01 9.981869e-01 1.002259e+00 1.009636e+00 1.002737e+00 1.016418e+00 1.008087e+00 1.010781e+00 1.007859e+00 1.003539e+00 1.001642e+00 1.023433e+00 1.416994e+00 1.411986e+00 1.452404e+00 2.917417e+01 1.414669e+00 1.432639e+00 1.429329e+00 1.427500e+00 1.002660e+00 1.010867e+00 1.000383e+00 1.006149e+00 1.007294e+00 9.930292e-01 1.003091e+00 9.993122e-01 1.421750e+00 1.014487e+00 9.958268e-01 1.007294e+00 9.995688e-01 1.002270e+00 1.005636e+00 9.994729e-01 1.009109e+00 9.986749e-01 9.988251e-01 1.416143e+00 1.431323e+00 1.428001e+00 1.413477e+00 1.413131e+00 1.444236e+00 1.435543e+00 1.433806e+00 1.003189e+00 1.432769e+00 1.429426e+00 1.413429e+00 1.409167e+00 1.435434e+00 1.433204e+00 1.411874e+00 1.424117e+00 5.738823e+01 1.411907e+00 1.419235e+00 1.431549e+00 1.415612e+00 1.410197e+00 4.258717e+01 1.440859e+00 1.414013e+00 1.000513e+00 1.426840e+00 1.412985e+00 1.422044e+00 1.412304e+00 1.428626e+00 1.421167e+00 1.414518e+00 1.411076e+00 7.075009e-01 6.466301e+00 1.418405e+00 1.428005e+00 1.427847e+00 1.423410e+00 1.414925e+00 1.415888e+00 1.428876e+00 8.156679e-01 1.018616e+00 1.001468e+00 1.002746e+00 1.436354e+00 1.422905e+00 1.420753e+00 1.410821e+00 1.421123e+00 1.000291e+00 1.416936e+00 1.431038e+00 1.420049e+00 1.421583e+00 1.416568e+00 1.411533e+00 1.182663e+01 1.449337e+00
3.205162e-01 3.181606e-01 3.209652e-01 3.205249e-01 3.197609e-01 3.193127e-01 3.152384e-01 3.194339e-01 3.203810e-01 3.193460e-01 3.186355e-01 3.204054e-01 3.222914e-01 3.176803e-01 3.196670e-01 3.196749e-01 3.203904e-01 3.179298e-01 3.234814e-01 4.533998e-01 4.520423e-01 4.587340e-01 1.026222e+01 4.486027e-01 4.543831e-01 4.517379e-01 4.554783e-01 3.231409e-01 3.182789e-01 3.210113e-01 3.217235e-01 3.202982e-01 3.135901e-01 3.223506e-01 3.213242e-01 4.484026e-01 3.260974e-01 3.210657e-01 3.230854e-01 3.200692e-01 3.201772e-01 3.204831e-01 3.189887e-01 3.200067e-01 3.187124e-01 3.189612e-01 4.478082e-01 4.519688e-01 4.505759e-01 4.496368e-01 4.546336e-01 4.559570e-01 4.571772e-01 4.532379e-01 3.200959e-01 4.565957e-01 4.557692e-01 4.522133e-01 4.499459e-01 4.569000e-01 4.531781e-01 4.490893e-01 4.571112e-01 2.097577e+01 4.525092e-01 4.543481e-01 4.535212e-01 4.505150e-01 4.536408e-01 1.223645e+01 4.554879e-01 4.511822e-01 3.205304e-01 4.586975e-01 4.514643e-01 4.527845e-01 4.530543e-01 4.517373e-01 4.533621e-01 4.514075e-01 4.529613e-01 2.263162e-01 2.031893e+00 4.542454e-01 4.510760e-01 4.516239e-01 4.523160e-01 4.517370e-01 4.534563e-01 4.585193e-01 2.618984e-01 3.244460e-01 3.194004e-01 3.187680e-01 4.540492e-01 4.536295e-01 4.511227e-01 4.491996e-01 4.602719e-01 3.193652e-01 4.527667e-01 4.551586e-01 4.542260e-01 4.483415e-01 4.548173e-01 4.532455e-01 3.648343e+00 4.551081e-01
8.399351e-02 8.410740e-02 8.282978e-02 8.186783e-02 8.296938e-02 8.224143e-02 7.968959e-02 8.351874e-02 8.456504e-02 8.262756e-02 8.060610e-02 8.288156e-02 8.069057e-02 7.919934e-02 7.998537e-02 8.035267e-02 8.251469e-02 8.208245e-02 7.981637e-02 1.171250e-01 1.168697e-01 1.128375e-01 2.370006e+00 1.156450e-01 1.158765e-01 1.143883e-01 1.154044e-01 8.329202e-02 8.152733e-02 8.446456e-02 8.178488e-02 8.268205e-02 7.894068e-02 8.376038e-02 8.317014e-02 1.126726e-01 8.476918e-02 8.252509e-02 8.219391e-02 8.215076e-02 8.335008e-02 8.242370e-02 8.273419e-02 8.091447e-02 8.109709e-02 8.159936e-02 1.124906e-01 1.150403e-01 1.162133e-01 1.155723e-01 1.206199e-01 1.159601e-01 1.162770e-01 1.140622e-01 8.201555e-02 1.150827e-01 1.145090e-01 1.183241e-01 1.160043e-01 1.153091e-01 1.125527e-01 1.160452e-01 1.195188e-01 5.937653e+00 1.165364e-01 1.172813e-01 1.130643e-01 1.180688e-01 1.180782e-01 5.010011e+00 1.152703e-01 1.182558e-01 8.286156e-02 1.207716e-01 1.179307e-01 1.145029e-01 1.159359e-01 1.123089e-01 1.196070e-01 1.159853e-01 1.194666e-01 5.951019e-02 4.996356e-01 1.183316e-01 1.108027e-01 1.142437e-01 1.169330e-01 1.171746e-01 1.203750e-01 1.218020e-01 6.861701e-02 8.486332e-02 8.330394e-02 8.199794e-02 1.181832e-01 1.195033e-01 1.159267e-01 1.205149e-01 1.176046e-01 8.298079e-02 1.180729e-01 1.138064e-01 1.186451e-01 1.129465e-01 1.204624e-01 1.137928e-01 8.331479e-01 1.134355e-01
9.601462e-03 8.502543e-03 7.561910e-03 8.314750e-03 8.908338e-03 8.734524e-03 8.110518e-03 8.883440e-03 9.043923e-03 8.465926e-03 9.190043e-03 8.907786e-03 8.193019e-03 6.527941e-03 8.398186e-03 7.858686e-03 7.778985e-03 7.511194e-03 8.171965e-03 1.462554e-02 1.444256e-02 1.096147e-02 0.000000e+00 1.390831e-02 1.120833e-02 1.032545e-02 1.088719e-02 8.353813e-03 6.138026e-03 8.101526e-03 8.295484e-03 8.409253e-03 6.932650e-03 9.326589e-03 8.955860e-03 1.322548e-02 8.513045e-03 9.393880e-03 9.257295e-03 8.267266e-03 8.856920e-03 9.031770e-03 9.123500e-03 7.506138e-03 8.455873e-03 8.441644e-03 1.081430e-02 1.117241e-02 1.220062e-02 1.338683e-02 1.035793e-02 1.321470e-02 1.566901e-02 1.062079e-02 8.867444e-03 1.111102e-02 1.353813e-02 1.282297e-02 1.075267e-02 1.067846e-02 1.133763e-02 1.247896e-02 9.803953e-03 0.000000e+00 1.293628e-02 1.222802e-02 1.289364e-02 1.235605e-02 1.096153e-02 0.000000e+00 1.024039e-02 1.056131e-02 7.481456e-03 1.108393e-02 1.162536e-02 1.141531e-02 1.337973e-02 1.014332e-02 1.417613e-02 1.275408e-02 1.257842e-02 5.300226e-03 0.000000e+00 1.305823e-02 1.071289e-02 1.015170e-02 1.168273e-02 1.060840e-02 1.295413e-02 1.353952e-02 7.233367e-03 8.409719e-03 8.711601e-03 8.733954e-03 1.135606e-02 1.203905e-02 1.107897e-02 1.298343e-02 1.461052e-02 8.602647e-03 1.012150e-02 1.036932e-02 1.063981e-02 1.008421e-02 1.051930e-02 1.206750e-02 0.000000e+00 1.099899e-02
