# Version 0.0
# Data /lustre/isaac24/proj/UTK0244/cbaillar/Bayes_HEP/Detroit_tune_Project/input/Data/Data__200__pp__PHENIX_2025_I2820229__d02-x01-y01.dat
# Observable: $\frac{1}{N_{jet}}\frac{dN}{dz_g}$
# Subobservable: $z_g$
# Design Design_Rivet.dat
# design_point1 design_point2 design_point3 design_point4 design_point5 design_point6 design_point7 design_point8 design_point9 design_point10 design_point11 design_point12 design_point13 design_point14 design_point15 design_point16 design_point17 design_point18 design_point19 design_point20 design_point21 design_point22 design_point23 design_point24 design_point25 design_point26 design_point27 design_point28 design_point29 design_point30 design_point31 design_point32 design_point33 design_point34 design_point35 design_point36 design_point37 design_point38 design_point39 design_point40 design_point41 design_point42 design_point43 design_point44 design_point45 design_point46 design_point47 design_point48 design_point49 design_point50 design_point51 design_point52 design_point53 design_point54 design_point55 design_point56 design_point57 design_point58 design_point59 design_point60 design_point61 design_point62 design_point63 design_point64 design_point65 design_point66 design_point67 design_point68 design_point69 design_point70 design_point71 design_point72 design_point73 design_point74 design_point75 design_point76 design_point77 design_point78 design_point79 design_point80 design_point81 design_point82 design_point83 design_point84 design_point85 design_point86 design_point87 design_point88 design_point89 design_point90 design_point91 design_point92 design_point93 design_point94 design_point95 design_point96 design_point97 design_point98 design_point99 design_point100 design_point101 design_point102 design_point103 design_point104 design_point105 design_point106 design_point107 design_point108
1.578001e-02 1.570750e-02 1.581133e-02 1.564236e-02 1.564489e-02 1.561719e-02 1.553754e-02 1.571860e-02 1.574390e-02 1.564054e-02 1.550952e-02 1.577221e-02 1.579859e-02 1.560186e-02 1.554925e-02 1.553447e-02 1.564809e-02 1.564653e-02 1.585681e-02 2.229107e-02 2.205285e-02 2.218809e-02 3.598591e-01 2.229478e-02 2.207184e-02 2.237852e-02 2.199136e-02 1.577929e-02 1.553045e-02 1.566143e-02 1.555366e-02 1.562029e-02 1.565764e-02 1.578593e-02 1.574353e-02 2.115536e-02 1.622227e-02 1.572191e-02 1.596677e-02 1.584237e-02 1.560036e-02 1.564660e-02 1.577360e-02 1.538017e-02 1.560201e-02 1.571600e-02 2.210065e-02 2.193107e-02 2.199139e-02 2.216111e-02 2.235483e-02 2.256505e-02 2.283654e-02 2.182962e-02 1.578554e-02 2.198426e-02 2.194616e-02 2.210819e-02 2.210250e-02 2.250816e-02 2.181133e-02 2.225599e-02 2.260790e-02 7.265354e-01 2.216223e-02 2.222500e-02 2.192605e-02 2.216289e-02 2.223072e-02 4.836234e-01 2.212943e-02 2.227044e-02 1.584345e-02 2.244170e-02 2.214640e-02 2.194316e-02 2.214245e-02 2.178565e-02 2.249151e-02 2.236910e-02 2.206678e-02 1.113037e-02 8.829980e-02 2.231411e-02 2.193650e-02 2.196767e-02 2.215091e-02 2.238977e-02 2.215544e-02 2.263730e-02 1.285420e-02 1.638977e-02 1.568129e-02 1.572308e-02 2.271312e-02 2.211983e-02 2.211809e-02 2.206784e-02 2.250381e-02 1.579452e-02 2.218922e-02 2.208805e-02 2.235309e-02 2.218481e-02 2.257891e-02 2.219936e-02 1.454818e-01 2.240138e-02
1.505452e-02 1.497297e-02 1.505060e-02 1.485312e-02 1.497869e-02 1.482065e-02 1.480863e-02 1.498489e-02 1.504689e-02 1.498922e-02 1.472109e-02 1.497624e-02 1.499502e-02 1.479033e-02 1.481879e-02 1.477024e-02 1.499448e-02 1.483550e-02 1.500348e-02 2.128933e-02 2.118879e-02 2.104326e-02 3.445388e-01 2.135700e-02 2.103250e-02 2.112565e-02 2.083617e-02 1.507081e-02 1.467996e-02 1.494166e-02 1.480287e-02 1.480431e-02 1.477252e-02 1.510727e-02 1.489874e-02 2.001698e-02 1.536614e-02 1.491227e-02 1.522067e-02 1.505181e-02 1.501967e-02 1.494747e-02 1.504842e-02 1.461252e-02 1.487664e-02 1.502424e-02 2.099351e-02 2.084999e-02 2.095288e-02 2.123737e-02 2.119997e-02 2.148309e-02 2.182028e-02 2.069112e-02 1.500691e-02 2.088619e-02 2.086679e-02 2.118440e-02 2.104726e-02 2.136880e-02 2.076691e-02 2.109640e-02 2.149773e-02 6.140346e-01 2.123207e-02 2.127848e-02 2.083435e-02 2.118766e-02 2.119192e-02 4.371925e-01 2.092090e-02 2.120794e-02 1.505447e-02 2.156874e-02 2.118199e-02 2.092172e-02 2.108574e-02 2.069799e-02 2.149661e-02 2.123918e-02 2.115106e-02 1.065485e-02 8.343110e-02 2.113025e-02 2.074066e-02 2.088573e-02 2.120192e-02 2.120958e-02 2.119691e-02 2.148070e-02 1.224846e-02 1.556810e-02 1.500735e-02 1.505429e-02 2.170669e-02 2.095580e-02 2.099666e-02 2.113005e-02 2.153222e-02 1.502203e-02 2.116477e-02 2.081482e-02 2.133313e-02 2.093204e-02 2.153478e-02 2.127145e-02 1.371715e-01 2.129534e-02
1.457633e-02 1.459733e-02 1.460744e-02 1.450621e-02 1.454633e-02 1.438841e-02 1.430384e-02 1.457819e-02 1.462493e-02 1.454514e-02 1.429821e-02 1.460794e-02 1.455482e-02 1.425220e-02 1.437388e-02 1.427803e-02 1.451733e-02 1.437943e-02 1.448682e-02 2.060494e-02 2.059034e-02 2.045152e-02 3.583565e-01 2.069711e-02 2.039399e-02 2.061024e-02 2.041482e-02 1.460164e-02 1.430915e-02 1.458911e-02 1.446055e-02 1.443916e-02 1.433096e-02 1.468313e-02 1.457508e-02 1.957840e-02 1.491178e-02 1.456928e-02 1.480536e-02 1.475139e-02 1.459033e-02 1.451904e-02 1.458300e-02 1.418323e-02 1.456586e-02 1.458774e-02 2.049088e-02 2.027337e-02 2.036091e-02 2.062004e-02 2.069873e-02 2.088146e-02 2.120016e-02 2.013448e-02 1.468856e-02 2.045985e-02 2.028295e-02 2.055603e-02 2.048609e-02 2.079495e-02 2.019090e-02 2.047162e-02 2.093878e-02 4.341879e-01 2.064545e-02 2.068931e-02 2.019078e-02 2.064182e-02 2.067698e-02 4.074158e-01 2.033587e-02 2.065948e-02 1.455526e-02 2.084285e-02 2.055426e-02 2.034345e-02 2.055449e-02 2.023660e-02 2.097611e-02 2.071410e-02 2.054326e-02 1.035514e-02 8.141048e-02 2.070532e-02 2.009004e-02 2.026748e-02 2.046870e-02 2.075419e-02 2.063878e-02 2.094100e-02 1.194114e-02 1.523047e-02 1.458057e-02 1.453397e-02 2.106474e-02 2.045599e-02 2.048197e-02 2.043507e-02 2.094409e-02 1.452983e-02 2.060059e-02 2.015506e-02 2.068270e-02 2.042618e-02 2.085365e-02 2.058343e-02 1.321752e-01 2.050284e-02
1.433314e-02 1.437432e-02 1.438503e-02 1.421828e-02 1.428564e-02 1.409329e-02 1.397292e-02 1.425304e-02 1.425585e-02 1.423125e-02 1.402949e-02 1.427007e-02 1.432866e-02 1.401811e-02 1.414535e-02 1.395907e-02 1.427313e-02 1.411573e-02 1.431491e-02 2.038066e-02 2.010421e-02 2.005775e-02 3.301433e-01 2.027057e-02 2.002225e-02 2.008127e-02 1.997283e-02 1.434590e-02 1.404774e-02 1.431077e-02 1.410124e-02 1.422845e-02 1.399136e-02 1.440897e-02 1.431050e-02 1.905929e-02 1.458536e-02 1.427432e-02 1.448365e-02 1.440162e-02 1.432151e-02 1.426349e-02 1.429344e-02 1.392505e-02 1.417998e-02 1.425096e-02 2.008957e-02 1.977321e-02 1.995157e-02 2.026636e-02 2.032784e-02 2.037349e-02 2.077671e-02 1.977133e-02 1.433358e-02 1.992625e-02 1.978645e-02 2.008831e-02 2.005785e-02 2.034447e-02 1.970618e-02 2.010063e-02 2.062492e-02 6.140346e-01 2.013074e-02 2.016497e-02 1.977270e-02 2.015664e-02 2.025284e-02 4.043176e-01 2.001553e-02 2.026715e-02 1.431703e-02 2.035876e-02 2.009271e-02 1.996652e-02 2.018069e-02 1.964316e-02 2.041697e-02 2.030990e-02 2.015024e-02 1.010185e-02 7.808618e-02 2.021442e-02 1.978944e-02 1.995385e-02 2.012204e-02 2.022098e-02 2.024362e-02 2.043765e-02 1.166392e-02 1.483533e-02 1.427345e-02 1.424509e-02 2.068393e-02 2.005508e-02 2.002420e-02 2.010288e-02 2.028716e-02 1.425813e-02 2.012977e-02 1.975707e-02 2.029791e-02 1.994975e-02 2.043663e-02 2.018776e-02 1.272711e-01 2.013074e-02
1.407019e-02 1.397293e-02 1.406527e-02 1.392860e-02 1.401001e-02 1.391546e-02 1.383218e-02 1.405737e-02 1.403495e-02 1.407067e-02 1.379291e-02 1.408963e-02 1.411329e-02 1.379268e-02 1.384653e-02 1.386077e-02 1.398498e-02 1.381331e-02 1.400344e-02 2.000643e-02 1.983405e-02 1.969212e-02 3.613553e-01 1.996796e-02 1.968903e-02 1.979929e-02 1.957576e-02 1.409981e-02 1.381943e-02 1.405215e-02 1.391372e-02 1.392177e-02 1.384094e-02 1.414053e-02 1.407717e-02 1.883284e-02 1.440077e-02 1.403117e-02 1.427963e-02 1.414658e-02 1.395556e-02 1.396959e-02 1.395080e-02 1.368791e-02 1.398791e-02 1.406774e-02 1.959855e-02 1.935068e-02 1.955986e-02 1.979281e-02 1.990323e-02 2.010273e-02 2.038237e-02 1.939468e-02 1.414602e-02 1.965420e-02 1.961159e-02 1.991767e-02 1.972767e-02 2.001005e-02 1.934935e-02 1.981579e-02 2.008943e-02 6.440049e-01 1.983939e-02 1.983453e-02 1.942322e-02 1.974973e-02 2.002652e-02 3.948769e-01 1.964020e-02 1.977891e-02 1.406892e-02 2.008188e-02 1.982760e-02 1.953844e-02 1.984252e-02 1.925484e-02 2.018080e-02 1.990504e-02 1.985675e-02 9.953511e-03 7.751828e-02 1.990646e-02 1.944510e-02 1.955876e-02 1.979183e-02 1.979401e-02 1.982419e-02 2.017528e-02 1.151134e-02 1.459857e-02 1.408650e-02 1.403123e-02 2.017742e-02 1.972981e-02 1.974160e-02 1.966812e-02 2.014618e-02 1.398622e-02 1.997333e-02 1.944937e-02 1.991149e-02 1.957665e-02 2.011384e-02 1.989453e-02 1.285147e-01 1.995846e-02
1.387747e-02 1.384066e-02 1.393837e-02 1.375822e-02 1.382551e-02 1.372840e-02 1.361702e-02 1.380091e-02 1.379997e-02 1.383024e-02 1.359572e-02 1.380052e-02 1.388508e-02 1.350182e-02 1.356310e-02 1.354777e-02 1.375905e-02 1.353116e-02 1.388499e-02 1.961992e-02 1.964676e-02 1.941195e-02 3.028666e-01 1.950633e-02 1.948329e-02 1.953797e-02 1.929190e-02 1.390326e-02 1.360696e-02 1.382666e-02 1.362562e-02 1.370286e-02 1.362509e-02 1.389069e-02 1.380356e-02 1.843300e-02 1.422038e-02 1.379116e-02 1.406083e-02 1.389813e-02 1.382394e-02 1.378402e-02 1.382269e-02 1.349354e-02 1.382844e-02 1.377176e-02 1.933674e-02 1.911783e-02 1.943019e-02 1.945170e-02 1.955838e-02 1.984358e-02 2.006093e-02 1.918532e-02 1.379924e-02 1.933272e-02 1.922595e-02 1.943747e-02 1.940546e-02 1.965477e-02 1.911003e-02 1.958465e-02 1.981397e-02 8.238138e-01 1.941625e-02 1.963316e-02 1.916623e-02 1.944759e-02 1.963494e-02 4.074158e-01 1.938129e-02 1.951237e-02 1.385678e-02 1.975492e-02 1.945894e-02 1.922998e-02 1.952412e-02 1.902551e-02 1.981063e-02 1.956150e-02 1.960701e-02 9.775159e-03 7.710063e-02 1.961769e-02 1.908805e-02 1.943112e-02 1.946962e-02 1.948942e-02 1.958967e-02 1.984037e-02 1.134392e-02 1.443656e-02 1.375859e-02 1.375739e-02 1.987734e-02 1.951676e-02 1.935388e-02 1.944374e-02 1.974477e-02 1.382829e-02 1.954228e-02 1.926626e-02 1.962609e-02 1.933135e-02 1.984202e-02 1.963257e-02 1.277508e-01 1.963688e-02
1.367941e-02 1.364598e-02 1.370827e-02 1.354433e-02 1.366568e-02 1.354553e-02 1.340431e-02 1.366750e-02 1.357714e-02 1.358066e-02 1.336693e-02 1.360497e-02 1.365514e-02 1.335475e-02 1.351392e-02 1.340484e-02 1.361749e-02 1.345858e-02 1.368306e-02 1.934555e-02 1.917659e-02 1.915070e-02 3.218678e-01 1.933960e-02 1.920672e-02 1.925568e-02 1.906233e-02 1.361806e-02 1.346860e-02 1.364971e-02 1.357321e-02 1.351536e-02 1.332497e-02 1.366313e-02 1.368126e-02 1.833930e-02 1.400107e-02 1.369397e-02 1.388875e-02 1.365820e-02 1.365750e-02 1.357178e-02 1.364992e-02 1.332537e-02 1.358741e-02 1.358468e-02 1.900977e-02 1.898624e-02 1.903058e-02 1.929922e-02 1.932060e-02 1.945009e-02 1.965543e-02 1.900853e-02 1.366443e-02 1.906457e-02 1.912485e-02 1.921708e-02 1.913978e-02 1.942455e-02 1.899877e-02 1.919873e-02 1.967057e-02 8.238138e-01 1.913090e-02 1.933858e-02 1.895827e-02 1.913592e-02 1.927323e-02 3.852050e-01 1.901332e-02 1.932652e-02 1.372181e-02 1.958126e-02 1.914241e-02 1.895203e-02 1.932087e-02 1.884703e-02 1.966750e-02 1.926955e-02 1.924098e-02 9.628652e-03 7.625845e-02 1.937583e-02 1.891200e-02 1.897449e-02 1.911650e-02 1.928603e-02 1.911641e-02 1.967230e-02 1.111870e-02 1.419081e-02 1.359687e-02 1.354857e-02 1.960749e-02 1.907883e-02 1.912688e-02 1.903116e-02 1.961015e-02 1.364104e-02 1.930441e-02 1.895820e-02 1.943312e-02 1.897309e-02 1.955381e-02 1.928253e-02 1.190255e-01 1.934562e-02
1.353347e-02 1.353551e-02 1.351473e-02 1.336236e-02 1.346676e-02 1.331175e-02 1.318242e-02 1.351019e-02 1.347845e-02 1.333822e-02 1.321336e-02 1.348439e-02 1.352723e-02 1.320131e-02 1.324812e-02 1.319303e-02 1.335948e-02 1.325996e-02 1.344369e-02 1.909140e-02 1.891211e-02 1.897597e-02 3.081649e-01 1.911464e-02 1.878641e-02 1.889780e-02 1.887127e-02 1.356115e-02 1.323804e-02 1.347886e-02 1.335976e-02 1.335164e-02 1.317348e-02 1.352137e-02 1.341355e-02 1.814918e-02 1.375039e-02 1.342349e-02 1.367281e-02 1.349615e-02 1.346465e-02 1.344391e-02 1.349921e-02 1.316451e-02 1.338007e-02 1.346272e-02 1.886333e-02 1.865565e-02 1.879428e-02 1.903260e-02 1.909378e-02 1.927763e-02 1.959563e-02 1.875094e-02 1.353811e-02 1.885988e-02 1.883807e-02 1.895138e-02 1.902396e-02 1.910033e-02 1.860549e-02 1.903184e-02 1.927826e-02 7.766991e-01 1.891778e-02 1.901250e-02 1.873508e-02 1.895179e-02 1.896609e-02 3.884558e-01 1.884242e-02 1.902715e-02 1.341149e-02 1.919945e-02 1.893718e-02 1.874360e-02 1.902267e-02 1.854423e-02 1.929956e-02 1.906054e-02 1.904055e-02 9.546787e-03 7.481864e-02 1.900635e-02 1.875650e-02 1.880951e-02 1.905262e-02 1.906177e-02 1.904567e-02 1.936261e-02 1.096417e-02 1.403092e-02 1.349419e-02 1.345995e-02 1.941814e-02 1.888575e-02 1.894442e-02 1.886637e-02 1.924916e-02 1.346461e-02 1.911339e-02 1.865102e-02 1.912923e-02 1.873320e-02 1.922592e-02 1.914035e-02 1.260153e-01 1.906518e-02
