# Version 0.0
# Data /lustre/isaac24/proj/UTK0244/cbaillar/Bayes_HEP/Knoxville_Project/input_all_108/Data/Data__200__pp__BRAHMS_2007_I742956__d06-x01-y01.dat
# Observable: $\frac{1}{2\pi{p_{T}}}\frac{d^2\sigma}{dp_{T}dy}\left[mb(GeV^{-2})c^3\right]$
# Subobservable: $p_T \left[GeV\right]$
# Title: Invariant Cross Section for AntiProton (y= 2.95)
# XScale: linear
# YScale: log
# XLims: 8.000000e-01 4.200000e+00
# YLims: 9.000000e-08 1.100000e+00
# Design Design_Rivet.dat
# design_point1 design_point2 design_point3 design_point4 design_point5 design_point6 design_point7 design_point8 design_point9 design_point10 design_point11 design_point12 design_point13 design_point14 design_point15 design_point16 design_point17 design_point18 design_point19 design_point20 design_point21 design_point22 design_point23 design_point24 design_point25 design_point26 design_point27 design_point28 design_point29 design_point30 design_point31 design_point32 design_point33 design_point34 design_point35 design_point36 design_point37 design_point38 design_point39 design_point40 design_point41 design_point42 design_point43 design_point44 design_point45 design_point46 design_point47 design_point48 design_point49 design_point50 design_point51 design_point52 design_point53 design_point54 design_point55 design_point56 design_point57 design_point58 design_point59 design_point60 design_point61 design_point62 design_point63 design_point64 design_point65 design_point66 design_point67 design_point68 design_point69 design_point70 design_point71 design_point72 design_point73 design_point74 design_point75 design_point76 design_point77 design_point78 design_point79 design_point80 design_point81 design_point82 design_point83 design_point84 design_point85 design_point86 design_point87 design_point88 design_point89 design_point90 design_point91 design_point92 design_point93 design_point94 design_point95 design_point96 design_point97 design_point98 design_point99 design_point100 design_point101 design_point102 design_point103 design_point104 design_point105 design_point106 design_point107 design_point108
1.276729e-01 1.281462e-01 1.191057e-01 1.369084e-01 1.262624e-01 1.378574e-01 1.679396e-01 1.211832e-01 1.152440e-01 1.337300e-01 1.701724e-01 1.175517e-01 1.518653e-01 1.628148e-01 1.434664e-01 1.741737e-01 1.243080e-01 1.353463e-01 1.586085e-01 1.163283e-01 1.228061e-01 1.764063e-01 1.715433e-01 1.232757e-01 1.440342e-01 1.517247e-01 1.342230e-01 1.173158e-01 1.533234e-01 1.143402e-01 1.493184e-01 1.283089e-01 1.641719e-01 1.175052e-01 1.255914e-01 1.753874e-01 1.263072e-01 1.212369e-01 1.178738e-01 1.189178e-01 1.208000e-01 1.375672e-01 1.224561e-01 1.672277e-01 1.206244e-01 1.253774e-01 1.177313e-01 1.582314e-01 1.362813e-01 1.204137e-01 1.237278e-01 1.406228e-01 1.261382e-01 1.729383e-01 1.275195e-01 1.510301e-01 1.588584e-01 1.236499e-01 1.192694e-01 1.475097e-01 1.544694e-01 1.206064e-01 1.218612e-01 1.633903e-01 1.227605e-01 1.233389e-01 1.590210e-01 1.161019e-01 1.180752e-01 1.743675e-01 1.604911e-01 1.254513e-01 1.263594e-01 1.205964e-01 1.139933e-01 1.480758e-01 1.162915e-01 1.714455e-01 1.183378e-01 1.206031e-01 1.163676e-01 1.207361e-01 1.726233e-01 1.219923e-01 1.698671e-01 1.537903e-01 1.400347e-01 1.307523e-01 1.212919e-01 1.243635e-01 1.155098e-01 1.226476e-01 1.199101e-01 1.309174e-01 1.407162e-01 1.397416e-01 1.290424e-01 1.179297e-01 1.175680e-01 1.280697e-01 1.197144e-01 1.631344e-01 1.201414e-01 1.659674e-01 1.191958e-01 1.245216e-01 1.733688e-01 1.532461e-01
9.204923e-02 9.558462e-02 8.976583e-02 1.103584e-01 9.091086e-02 1.032923e-01 1.375460e-01 8.616488e-02 9.020609e-02 1.016961e-01 1.338602e-01 8.582677e-02 1.084705e-01 1.220047e-01 1.087624e-01 1.290283e-01 9.078767e-02 1.004874e-01 1.268527e-01 9.026467e-02 8.856573e-02 1.362090e-01 1.339736e-01 8.950287e-02 1.113935e-01 1.181425e-01 1.067120e-01 8.885790e-02 1.198520e-01 8.700245e-02 1.094462e-01 1.024190e-01 1.193960e-01 8.848305e-02 8.912256e-02 1.332344e-01 8.797076e-02 8.761730e-02 8.221415e-02 9.061211e-02 9.670393e-02 9.919065e-02 9.133947e-02 1.268510e-01 8.822833e-02 8.948895e-02 8.384410e-02 1.205085e-01 1.006469e-01 9.013669e-02 8.818708e-02 1.026259e-01 9.364165e-02 1.291840e-01 9.071415e-02 1.096731e-01 1.233509e-01 8.480694e-02 8.011378e-02 1.100709e-01 1.129330e-01 8.615154e-02 8.638488e-02 1.247829e-01 8.893331e-02 8.833065e-02 1.234470e-01 8.257036e-02 8.266325e-02 1.402873e-01 1.313750e-01 9.719092e-02 9.106707e-02 8.369550e-02 8.482970e-02 1.150732e-01 8.438698e-02 1.325834e-01 9.092168e-02 8.857165e-02 8.729504e-02 9.050059e-02 1.338707e-01 8.741144e-02 1.316337e-01 1.125230e-01 1.000717e-01 9.448820e-02 9.004354e-02 8.900669e-02 8.919389e-02 8.573401e-02 8.628934e-02 1.024565e-01 1.022992e-01 1.059909e-01 9.906080e-02 8.780844e-02 9.202426e-02 9.591997e-02 8.824487e-02 1.213130e-01 8.851507e-02 1.294665e-01 8.245779e-02 8.601233e-02 1.340790e-01 1.180066e-01
6.784945e-02 6.569497e-02 6.197265e-02 7.916010e-02 6.776283e-02 8.434516e-02 1.045830e-01 6.249076e-02 6.382722e-02 7.452703e-02 9.950575e-02 6.420382e-02 8.342954e-02 9.160048e-02 8.394079e-02 9.601297e-02 6.550862e-02 7.723740e-02 9.991457e-02 6.687037e-02 6.300891e-02 1.070492e-01 1.000214e-01 6.276825e-02 8.072766e-02 8.287931e-02 7.801761e-02 6.257799e-02 9.280226e-02 6.553433e-02 8.443721e-02 7.151111e-02 9.511958e-02 6.257934e-02 6.693568e-02 1.018763e-01 6.716193e-02 6.435766e-02 6.404467e-02 6.288810e-02 6.822822e-02 7.809842e-02 6.653881e-02 1.008922e-01 6.670967e-02 6.602059e-02 6.327466e-02 9.135741e-02 7.623110e-02 6.655391e-02 6.568142e-02 7.887424e-02 6.725591e-02 1.081085e-01 6.362237e-02 9.114465e-02 8.791459e-02 6.288440e-02 6.153503e-02 8.439366e-02 8.881492e-02 6.628775e-02 6.042287e-02 9.524674e-02 6.258691e-02 6.542957e-02 9.754257e-02 6.561124e-02 6.478807e-02 1.018032e-01 1.025546e-01 7.499619e-02 6.626626e-02 6.181277e-02 6.235223e-02 8.876277e-02 6.021507e-02 1.051027e-01 6.216160e-02 6.409535e-02 6.474654e-02 6.207045e-02 1.031772e-01 6.781800e-02 1.081852e-01 8.744125e-02 7.517921e-02 7.110107e-02 6.882311e-02 6.511359e-02 5.816747e-02 6.563409e-02 6.688280e-02 7.522524e-02 8.006226e-02 8.027135e-02 7.668046e-02 6.444443e-02 5.937662e-02 7.209256e-02 6.519908e-02 9.953038e-02 6.325706e-02 1.010348e-01 6.764357e-02 6.220260e-02 1.093050e-01 9.190070e-02
4.882644e-02 5.055632e-02 4.625561e-02 6.321000e-02 5.021585e-02 6.127828e-02 8.126984e-02 4.288260e-02 4.773394e-02 5.219889e-02 7.798530e-02 4.689232e-02 6.616213e-02 7.260546e-02 6.151203e-02 8.006809e-02 5.116230e-02 5.650483e-02 8.055923e-02 4.769917e-02 4.751435e-02 8.341002e-02 7.792643e-02 4.309874e-02 6.512931e-02 6.394016e-02 5.587491e-02 4.492322e-02 7.333858e-02 4.452078e-02 6.232144e-02 5.209292e-02 7.295485e-02 4.613752e-02 4.762977e-02 7.996812e-02 4.925523e-02 4.325781e-02 4.731748e-02 4.737978e-02 4.688258e-02 5.357073e-02 4.597592e-02 8.264720e-02 4.772163e-02 4.658458e-02 4.920796e-02 6.910735e-02 5.696009e-02 4.616716e-02 4.867901e-02 5.697318e-02 4.819663e-02 8.076954e-02 4.511730e-02 6.590083e-02 7.137765e-02 4.546488e-02 4.561901e-02 5.723469e-02 6.218550e-02 4.705362e-02 4.515500e-02 7.643837e-02 4.636137e-02 4.848812e-02 7.382594e-02 4.723085e-02 4.477433e-02 8.193766e-02 7.869338e-02 5.074146e-02 4.326478e-02 4.299615e-02 4.473343e-02 6.946991e-02 4.583089e-02 7.854396e-02 4.525553e-02 4.223652e-02 4.695218e-02 4.399107e-02 8.121553e-02 5.196882e-02 8.255110e-02 6.770096e-02 5.694494e-02 5.206382e-02 4.622612e-02 4.825361e-02 4.603580e-02 4.653920e-02 4.279372e-02 5.622399e-02 6.139036e-02 5.906533e-02 5.270948e-02 4.482230e-02 4.540080e-02 5.042472e-02 4.833353e-02 7.672019e-02 4.752725e-02 7.578891e-02 4.602493e-02 4.672393e-02 7.688802e-02 7.233002e-02
2.921138e-02 3.077976e-02 2.696491e-02 3.864109e-02 2.910106e-02 4.020573e-02 5.392647e-02 2.652034e-02 2.784725e-02 3.495727e-02 5.491824e-02 2.846410e-02 4.306524e-02 5.174794e-02 4.188544e-02 5.540287e-02 3.209374e-02 3.625481e-02 5.332269e-02 2.877531e-02 2.918798e-02 5.606046e-02 5.257147e-02 2.735412e-02 4.294682e-02 4.540749e-02 3.701024e-02 2.965500e-02 5.147066e-02 2.922886e-02 4.069448e-02 3.407828e-02 4.860068e-02 2.911387e-02 2.908163e-02 5.426707e-02 3.064690e-02 2.797997e-02 2.853955e-02 2.855250e-02 3.100891e-02 3.647680e-02 2.940225e-02 5.270596e-02 2.920911e-02 2.910149e-02 2.891982e-02 4.877772e-02 3.581818e-02 3.010941e-02 3.080094e-02 4.060273e-02 3.303400e-02 5.689904e-02 2.962666e-02 4.423031e-02 4.655911e-02 2.700442e-02 2.713011e-02 4.165864e-02 4.564997e-02 2.784597e-02 3.037942e-02 4.768749e-02 2.854839e-02 3.051611e-02 4.822173e-02 2.923863e-02 2.906375e-02 5.590487e-02 5.318620e-02 3.313310e-02 2.950309e-02 2.787578e-02 2.799068e-02 4.531417e-02 2.686533e-02 5.612367e-02 2.947852e-02 2.835604e-02 2.582435e-02 2.871154e-02 5.477606e-02 2.975202e-02 5.523359e-02 4.555281e-02 3.794174e-02 3.254617e-02 3.008675e-02 2.948806e-02 2.732377e-02 2.754697e-02 2.849489e-02 3.399392e-02 3.785743e-02 3.678546e-02 3.495774e-02 3.029820e-02 2.681386e-02 3.330370e-02 2.838484e-02 4.897620e-02 2.914496e-02 5.337601e-02 2.734777e-02 2.711637e-02 5.642352e-02 4.667672e-02
1.539916e-02 1.689803e-02 1.402910e-02 2.271403e-02 1.616733e-02 2.255300e-02 3.313765e-02 1.443396e-02 1.471519e-02 1.841637e-02 3.334756e-02 1.539719e-02 2.605657e-02 3.176100e-02 2.511636e-02 3.363681e-02 1.630789e-02 1.948304e-02 3.194996e-02 1.470589e-02 1.638362e-02 3.472844e-02 3.247667e-02 1.469812e-02 2.511652e-02 2.581072e-02 2.083025e-02 1.516148e-02 3.112080e-02 1.436118e-02 2.391708e-02 1.880930e-02 3.070640e-02 1.490799e-02 1.576758e-02 3.454466e-02 1.816419e-02 1.508032e-02 1.476458e-02 1.558580e-02 1.596874e-02 1.946351e-02 1.620978e-02 3.347764e-02 1.497723e-02 1.541064e-02 1.548971e-02 2.879731e-02 2.041305e-02 1.598374e-02 1.473063e-02 2.224982e-02 1.624424e-02 3.664152e-02 1.604421e-02 2.651040e-02 2.813848e-02 1.564992e-02 1.404911e-02 2.549658e-02 2.661797e-02 1.439303e-02 1.488842e-02 2.953538e-02 1.533020e-02 1.495383e-02 3.014160e-02 1.538959e-02 1.437407e-02 3.316467e-02 3.116730e-02 1.678579e-02 1.576580e-02 1.453361e-02 1.385221e-02 2.639027e-02 1.415439e-02 3.383894e-02 1.527940e-02 1.428577e-02 1.522785e-02 1.500002e-02 3.337896e-02 1.525426e-02 3.192033e-02 2.700262e-02 2.176370e-02 1.641128e-02 1.491015e-02 1.517076e-02 1.346365e-02 1.530773e-02 1.449413e-02 1.921125e-02 2.158931e-02 2.055012e-02 1.927518e-02 1.474655e-02 1.453645e-02 1.739682e-02 1.509221e-02 3.104268e-02 1.631924e-02 3.365035e-02 1.421638e-02 1.427948e-02 3.242645e-02 2.890210e-02
8.593439e-03 9.392618e-03 7.162084e-03 1.379899e-02 8.430072e-03 1.263889e-02 2.149351e-02 7.775437e-03 7.915158e-03 1.120492e-02 2.015776e-02 7.913259e-03 1.435323e-02 1.890762e-02 1.552947e-02 2.008805e-02 8.707752e-03 1.252579e-02 1.966268e-02 8.241825e-03 8.066343e-03 2.024013e-02 1.997755e-02 6.997772e-03 1.435381e-02 1.608371e-02 1.252028e-02 7.550447e-03 1.945843e-02 7.105267e-03 1.589611e-02 9.725338e-03 1.840969e-02 8.232807e-03 8.636762e-03 1.964759e-02 9.290357e-03 6.540131e-03 7.269784e-03 7.928438e-03 8.670293e-03 1.190903e-02 8.483998e-03 2.106430e-02 8.429978e-03 8.078012e-03 7.946607e-03 1.842735e-02 1.275409e-02 8.082838e-03 8.069367e-03 1.257927e-02 9.384710e-03 2.244233e-02 8.086926e-03 1.512017e-02 1.757484e-02 8.367675e-03 7.748889e-03 1.412752e-02 1.631197e-02 8.607559e-03 7.715510e-03 1.645424e-02 8.076263e-03 8.464178e-03 1.884647e-02 8.002025e-03 7.544108e-03 1.963518e-02 2.005260e-02 9.695808e-03 8.563334e-03 7.507359e-03 7.865362e-03 1.500371e-02 7.159557e-03 2.071172e-02 7.424523e-03 8.326615e-03 7.030489e-03 7.637007e-03 2.004877e-02 8.531930e-03 2.094839e-02 1.505606e-02 1.186067e-02 1.026292e-02 9.099503e-03 8.343606e-03 7.509650e-03 8.692619e-03 8.742045e-03 1.092817e-02 1.232819e-02 1.231381e-02 1.054533e-02 8.181715e-03 8.100453e-03 1.026663e-02 6.630233e-03 1.927372e-02 7.856870e-03 1.995094e-02 6.951965e-03 7.413094e-03 1.945112e-02 1.781984e-02
4.350678e-03 4.908599e-03 3.902323e-03 8.225218e-03 5.077568e-03 7.252910e-03 1.257888e-02 4.313105e-03 3.921600e-03 6.235899e-03 1.172758e-02 4.640467e-03 9.341203e-03 1.200645e-02 8.759511e-03 1.280922e-02 4.986069e-03 6.839416e-03 1.105670e-02 4.046165e-03 4.668483e-03 1.250319e-02 1.199187e-02 4.186368e-03 9.072032e-03 9.414714e-03 7.292031e-03 4.306519e-03 1.178969e-02 4.246675e-03 7.961929e-03 5.887461e-03 1.127661e-02 5.051044e-03 4.901542e-03 1.208468e-02 5.454642e-03 3.508344e-03 3.705921e-03 4.610733e-03 4.969270e-03 6.641287e-03 5.096908e-03 1.184233e-02 4.380777e-03 4.618044e-03 4.655439e-03 1.167301e-02 6.065730e-03 4.999110e-03 3.920455e-03 7.285144e-03 5.079888e-03 1.318229e-02 4.839030e-03 9.833819e-03 1.023365e-02 4.484016e-03 4.298156e-03 8.003046e-03 1.075817e-02 4.610691e-03 4.656754e-03 1.015257e-02 4.961421e-03 4.832484e-03 1.104905e-02 4.625404e-03 3.915569e-03 1.180581e-02 1.226966e-02 5.683873e-03 4.628940e-03 4.014755e-03 4.400269e-03 9.442054e-03 3.306557e-03 1.160296e-02 4.917907e-03 4.195151e-03 4.434202e-03 3.725359e-03 1.259422e-02 4.709481e-03 1.222884e-02 1.008428e-02 6.660082e-03 5.423652e-03 3.857680e-03 4.177746e-03 3.958071e-03 5.054093e-03 4.512131e-03 6.333048e-03 7.181038e-03 7.619067e-03 6.760067e-03 3.724654e-03 3.752916e-03 5.569455e-03 4.155395e-03 1.208052e-02 4.602324e-03 1.228225e-02 3.568904e-03 4.136240e-03 1.289407e-02 1.162718e-02
2.360147e-03 2.577222e-03 2.111852e-03 4.836160e-03 2.681882e-03 4.692627e-03 7.662198e-03 2.169240e-03 2.251815e-03 3.142866e-03 7.436384e-03 2.533501e-03 5.796506e-03 7.434852e-03 5.840122e-03 8.227978e-03 2.801408e-03 3.705886e-03 7.766396e-03 2.334110e-03 2.554002e-03 8.180427e-03 6.854064e-03 2.204197e-03 5.369690e-03 5.633142e-03 4.146730e-03 2.347721e-03 7.516042e-03 2.625605e-03 5.216346e-03 3.491431e-03 6.352718e-03 2.028915e-03 2.519797e-03 7.053545e-03 2.861110e-03 2.031888e-03 2.023492e-03 2.459204e-03 2.717201e-03 4.355770e-03 2.662375e-03 7.924550e-03 2.458606e-03 2.372628e-03 2.407904e-03 6.989287e-03 4.432563e-03 2.631586e-03 2.859857e-03 4.343285e-03 2.780072e-03 8.757539e-03 2.269895e-03 5.637724e-03 6.462137e-03 2.710735e-03 2.392687e-03 5.351670e-03 6.547942e-03 2.198652e-03 2.369027e-03 6.380266e-03 2.381293e-03 2.529580e-03 6.879607e-03 3.041794e-03 2.515542e-03 7.711177e-03 8.104102e-03 3.158626e-03 2.446835e-03 2.435419e-03 2.167575e-03 5.902862e-03 2.132582e-03 8.039195e-03 2.444161e-03 2.498930e-03 2.077028e-03 1.986573e-03 7.501457e-03 2.438667e-03 7.320752e-03 6.119596e-03 4.154565e-03 3.152255e-03 2.531848e-03 2.450734e-03 2.065216e-03 3.101653e-03 2.419876e-03 3.588904e-03 4.315265e-03 4.177850e-03 3.813137e-03 2.209808e-03 2.167136e-03 2.694128e-03 2.350519e-03 7.194681e-03 2.414621e-03 6.418907e-03 1.927453e-03 2.231448e-03 7.608909e-03 6.881106e-03
1.496318e-03 1.783292e-03 1.156394e-03 3.124658e-03 1.646919e-03 2.714103e-03 5.306714e-03 1.422217e-03 1.171006e-03 2.051594e-03 5.159503e-03 1.420176e-03 3.085113e-03 4.599109e-03 3.620268e-03 4.975392e-03 1.537956e-03 2.559037e-03 5.113086e-03 1.462551e-03 1.497359e-03 4.401037e-03 4.073765e-03 1.310299e-03 3.277463e-03 3.661209e-03 2.768542e-03 1.160697e-03 4.181064e-03 1.369433e-03 3.275771e-03 2.181700e-03 4.137124e-03 1.552752e-03 1.513463e-03 4.790961e-03 1.444056e-03 1.421081e-03 1.180106e-03 1.460706e-03 1.439949e-03 2.630843e-03 1.252349e-03 4.909447e-03 1.493337e-03 1.664745e-03 1.618709e-03 4.925818e-03 2.445479e-03 1.459491e-03 2.009358e-03 2.825829e-03 1.779815e-03 5.471779e-03 1.364711e-03 3.816699e-03 4.078731e-03 1.621974e-03 1.181210e-03 2.610610e-03 3.673753e-03 1.479563e-03 1.553213e-03 4.108447e-03 1.162298e-03 1.442558e-03 4.945280e-03 1.329488e-03 1.138813e-03 4.553455e-03 5.516275e-03 1.743521e-03 1.613082e-03 1.098371e-03 1.285789e-03 4.040650e-03 1.235287e-03 4.415971e-03 1.539599e-03 1.343392e-03 1.501832e-03 1.704753e-03 4.519307e-03 1.459000e-03 4.988337e-03 3.979154e-03 2.501464e-03 1.943273e-03 1.441728e-03 1.332465e-03 1.365482e-03 1.555671e-03 1.347296e-03 2.062726e-03 2.618764e-03 2.202385e-03 2.124560e-03 1.553877e-03 1.514275e-03 1.721631e-03 1.458775e-03 5.034184e-03 1.152898e-03 4.948296e-03 1.271549e-03 1.194852e-03 4.147369e-03 4.149169e-03
7.278665e-04 1.246108e-03 7.095507e-04 1.973325e-03 9.956328e-04 1.566257e-03 2.898246e-03 8.164592e-04 7.818892e-04 1.117111e-03 2.744370e-03 9.065270e-04 1.957508e-03 2.868170e-03 1.761014e-03 3.564628e-03 8.923509e-04 1.355855e-03 2.827601e-03 1.015528e-03 9.089047e-04 3.186947e-03 2.980128e-03 8.698308e-04 1.866047e-03 2.600224e-03 1.832281e-03 9.383932e-04 2.760349e-03 7.266340e-04 2.275564e-03 1.458850e-03 2.610717e-03 9.630411e-04 9.256114e-04 2.525945e-03 9.382958e-04 7.624184e-04 7.105473e-04 8.229080e-04 8.050066e-04 1.389975e-03 8.945957e-04 2.970487e-03 9.420100e-04 7.116301e-04 8.174906e-04 2.635429e-03 1.780481e-03 8.345420e-04 1.049796e-03 1.832802e-03 1.229008e-03 3.634452e-03 9.115618e-04 2.312914e-03 2.519483e-03 9.416817e-04 1.085484e-03 2.133744e-03 2.600917e-03 8.196030e-04 6.213891e-04 2.338675e-03 9.974655e-04 8.724103e-04 2.918181e-03 7.855092e-04 6.961693e-04 3.033982e-03 3.475521e-03 9.788563e-04 5.842163e-04 6.781119e-04 6.788372e-04 1.941145e-03 6.230169e-04 2.939132e-03 7.627490e-04 9.619885e-04 8.187812e-04 7.453198e-04 2.924585e-03 8.726009e-04 3.193922e-03 2.417041e-03 1.818300e-03 1.209292e-03 6.598140e-04 1.069327e-03 8.221110e-04 7.484260e-04 7.269054e-04 1.265158e-03 1.923537e-03 1.264736e-03 1.282738e-03 8.708114e-04 8.029458e-04 1.371350e-03 7.122175e-04 3.288776e-03 6.249189e-04 3.040969e-03 9.241149e-04 7.508988e-04 2.935744e-03 2.599478e-03
6.388970e-04 7.237272e-04 3.721287e-04 1.293486e-03 8.389923e-04 1.271238e-03 1.831667e-03 6.228952e-04 6.520281e-04 9.580090e-04 2.252313e-03 5.542522e-04 1.224280e-03 1.911822e-03 1.297780e-03 2.044057e-03 7.734096e-04 1.124099e-03 1.730221e-03 6.879617e-04 3.501443e-04 2.095006e-03 1.665772e-03 4.040768e-04 1.326775e-03 1.599190e-03 1.353678e-03 4.385552e-04 1.834425e-03 5.391529e-04 1.473731e-03 6.698056e-04 1.595729e-03 5.837177e-04 4.541718e-04 1.705722e-03 6.360754e-04 4.858889e-04 3.188318e-04 4.536063e-04 4.359266e-04 9.216721e-04 6.196171e-04 2.362872e-03 6.199064e-04 6.191204e-04 4.860434e-04 2.146961e-03 1.090716e-03 6.207743e-04 5.210264e-04 1.124988e-03 8.746976e-04 2.296271e-03 5.518550e-04 1.328282e-03 1.893830e-03 5.054325e-04 4.671960e-04 1.494659e-03 1.455858e-03 5.225460e-04 4.342497e-04 1.262583e-03 6.350858e-04 5.362854e-04 1.359231e-03 5.380128e-04 5.024435e-04 1.608975e-03 2.143663e-03 8.079059e-04 6.387384e-04 4.874033e-04 5.538390e-04 1.544441e-03 4.213405e-04 2.028334e-03 6.539408e-04 4.022863e-04 5.541976e-04 5.513303e-04 1.666994e-03 4.362062e-04 2.210660e-03 1.644097e-03 9.032683e-04 6.212086e-04 4.188055e-04 6.553501e-04 3.023886e-04 5.535359e-04 6.385703e-04 9.904751e-04 1.008699e-03 1.024221e-03 7.707258e-04 4.685967e-04 5.213915e-04 8.221483e-04 4.701321e-04 1.789735e-03 5.192493e-04 2.244217e-03 6.713470e-04 4.881263e-04 2.048216e-03 1.575019e-03
2.384849e-04 3.317977e-04 2.232987e-04 7.281064e-04 3.021362e-04 5.377838e-04 1.412184e-03 2.552121e-04 2.696558e-04 3.651797e-04 1.146081e-03 3.508205e-04 9.682967e-04 1.219640e-03 7.759708e-04 1.237753e-03 3.329729e-04 7.916754e-04 1.065194e-03 4.294466e-04 4.444585e-04 1.155184e-03 8.073539e-04 3.337149e-04 9.394523e-04 1.128067e-03 6.668742e-04 4.115645e-04 1.112000e-03 1.762368e-04 8.415113e-04 5.236735e-04 9.222872e-04 4.329121e-04 2.855780e-04 1.461359e-03 4.772460e-04 2.072544e-04 2.217170e-04 3.662845e-04 3.809538e-04 6.686999e-04 3.152108e-04 1.522721e-03 4.266817e-04 4.128481e-04 3.344109e-04 1.095961e-03 5.240429e-04 2.513976e-04 4.434833e-04 7.332331e-04 5.248261e-04 1.445047e-03 3.490781e-04 8.730446e-04 9.032855e-04 1.896048e-04 2.059774e-04 8.709460e-04 1.126508e-03 2.385905e-04 3.016882e-04 6.657096e-04 4.126558e-04 3.173835e-04 1.270038e-03 3.965807e-04 3.985041e-04 1.135137e-03 1.397911e-03 5.535370e-04 2.690799e-04 3.485477e-04 2.220604e-04 1.112219e-03 4.443208e-04 8.588332e-04 3.502235e-04 3.008983e-04 3.170914e-04 2.843986e-04 1.141285e-03 2.686704e-04 1.270544e-03 9.996410e-04 7.582778e-04 5.078445e-04 2.363362e-04 4.115600e-04 2.698517e-04 3.976937e-04 3.465185e-04 6.337350e-04 5.718914e-04 6.512278e-04 6.043470e-04 2.389338e-04 2.825817e-04 5.873289e-04 3.011067e-04 1.162924e-03 1.896373e-04 1.427959e-03 2.997973e-04 2.862980e-04 1.254427e-03 9.566469e-04
3.005847e-04 1.505264e-04 1.051652e-04 5.431477e-04 2.266450e-04 6.012415e-04 9.483491e-04 1.664863e-04 2.262546e-04 5.118518e-04 7.227910e-04 2.271089e-04 6.324521e-04 7.799388e-04 5.433943e-04 7.830691e-04 2.548246e-04 2.714475e-04 7.534398e-04 1.214052e-04 1.361752e-04 7.085497e-04 5.877056e-04 1.359744e-04 5.711857e-04 7.063275e-04 5.716280e-04 1.511060e-04 6.475395e-04 1.358192e-04 4.216537e-04 2.857882e-04 6.915234e-04 1.952900e-04 1.654099e-04 7.361373e-04 2.860426e-04 1.957513e-04 6.100431e-05 1.060923e-04 3.002786e-04 4.226728e-04 3.162585e-04 1.128324e-03 3.305544e-04 2.578315e-04 1.634591e-04 7.330122e-04 2.728829e-04 2.569071e-04 2.715552e-04 4.812767e-04 3.316666e-04 1.041028e-03 1.802055e-04 7.521530e-04 7.241078e-04 1.656033e-04 2.846815e-04 4.826641e-04 9.157739e-04 2.257589e-04 2.257314e-04 4.071776e-04 2.119054e-04 2.871343e-04 9.905813e-04 2.696635e-04 2.109646e-04 6.126350e-04 7.820628e-04 2.701067e-04 1.506582e-04 2.258427e-04 1.214170e-04 6.167277e-04 1.802414e-04 9.835675e-04 1.966660e-04 3.011756e-04 1.355532e-04 1.951040e-04 7.528697e-04 2.551753e-04 7.834724e-04 4.809214e-04 3.458725e-04 3.443416e-04 1.800057e-04 2.563892e-04 1.497246e-04 1.654991e-04 3.307317e-04 3.619528e-04 4.833946e-04 3.760607e-04 2.701984e-04 2.118563e-04 1.501247e-04 2.411088e-04 2.258352e-04 8.425325e-04 1.508074e-04 8.126002e-04 2.105778e-04 2.859231e-04 6.622204e-04 4.199417e-04
1.538267e-04 1.407907e-04 6.944889e-05 1.759339e-04 1.487249e-04 2.596549e-04 4.359699e-04 1.190267e-04 9.839239e-05 1.964933e-04 3.570230e-04 1.200257e-04 1.958502e-04 4.684011e-04 3.630054e-04 5.143713e-04 1.319023e-04 2.153464e-04 4.903583e-04 1.607201e-04 9.839180e-05 4.705906e-04 3.233573e-04 6.251676e-05 2.814449e-04 2.867355e-04 2.256531e-04 6.290660e-05 4.496545e-04 8.570073e-05 2.799896e-04 2.046067e-04 3.366568e-04 1.061781e-04 9.860862e-05 4.565172e-04 1.476449e-04 8.366245e-05 9.255926e-05 1.048419e-04 1.395162e-04 2.943788e-04 1.129431e-04 4.307110e-04 1.535371e-04 9.217346e-05 3.551939e-05 4.416354e-04 2.485880e-04 1.135796e-04 1.335047e-04 2.317909e-04 1.404134e-04 5.831333e-04 1.396340e-04 3.146208e-04 3.794138e-04 7.743858e-05 4.982829e-05 2.581524e-04 3.586619e-04 7.675323e-05 1.176005e-04 2.740088e-04 1.477079e-04 1.540196e-04 4.140502e-04 1.334269e-04 7.629960e-05 4.017215e-04 4.893322e-04 2.178699e-04 1.256446e-04 1.124442e-04 5.638470e-05 3.364034e-04 6.362542e-05 3.984329e-04 9.069995e-05 1.478214e-04 6.366105e-05 8.516405e-05 3.941550e-04 1.108364e-04 4.011304e-04 3.934951e-04 1.916171e-04 1.411825e-04 1.411116e-04 1.559546e-04 1.124500e-04 1.321890e-04 1.269807e-04 2.105780e-04 2.726400e-04 2.514563e-04 1.409556e-04 1.478030e-04 1.329791e-04 2.241583e-04 6.962715e-05 4.991190e-04 1.128813e-04 4.419755e-04 2.805941e-05 1.473045e-04 3.364872e-04 3.383974e-04
7.079505e-05 3.853211e-05 4.500565e-05 1.228645e-04 5.707271e-05 1.095649e-04 1.486817e-04 5.126126e-05 4.495674e-05 8.290934e-05 2.242844e-04 5.239877e-05 1.543544e-04 3.162215e-04 1.612342e-04 2.563402e-04 6.343353e-05 1.089413e-04 2.442622e-04 4.451845e-05 5.776848e-05 2.305543e-04 1.661251e-04 4.549819e-05 1.150314e-04 1.535920e-04 8.219332e-05 5.791905e-05 1.863952e-04 4.467910e-05 1.292413e-04 1.030958e-04 1.542733e-04 7.012668e-05 4.472314e-05 1.532744e-04 8.403494e-05 1.310982e-05 2.522325e-05 6.438570e-05 2.579789e-05 1.415989e-04 3.181814e-05 1.852877e-04 4.511890e-05 3.146279e-05 7.099639e-05 1.606709e-04 7.732182e-05 4.543185e-05 1.259796e-05 1.466829e-04 4.463310e-05 2.239915e-04 5.094702e-05 1.861638e-04 1.542265e-04 1.322462e-05 4.516812e-05 1.348705e-04 1.855156e-04 6.430909e-05 3.164598e-05 1.161873e-04 1.897375e-05 1.958633e-05 1.541077e-04 4.492328e-05 6.959893e-05 2.388157e-04 2.567514e-04 3.811269e-05 4.450436e-05 5.723116e-05 2.592157e-05 1.797651e-04 4.351802e-05 1.865732e-04 4.540976e-05 2.526303e-05 3.241731e-05 2.542346e-05 1.656663e-04 6.449776e-05 1.653313e-04 1.669877e-04 9.019083e-05 9.562075e-05 4.485154e-05 7.060975e-05 3.232414e-05 5.076142e-05 3.187160e-05 6.353677e-05 1.788912e-04 1.030225e-04 7.751161e-05 7.107630e-05 4.495100e-05 7.680972e-05 2.536556e-05 2.329092e-04 2.614376e-05 1.934078e-04 1.966902e-05 6.462198e-05 1.475117e-04 2.133452e-04
4.132570e-05 3.526637e-05 1.157035e-05 2.370216e-05 4.117847e-05 8.822157e-05 1.061427e-04 1.190445e-05 1.731752e-05 2.328999e-05 7.017192e-05 1.730991e-05 6.563002e-05 6.442069e-05 4.159757e-05 6.476591e-05 3.589581e-05 2.972523e-05 7.088786e-05 2.351482e-05 3.523710e-05 1.116013e-04 8.222962e-05 2.334384e-05 8.267565e-05 9.994112e-05 4.154366e-05 4.127797e-05 1.129147e-04 1.178147e-05 7.633335e-05 4.687805e-05 6.460533e-05 1.744506e-05 6.454992e-05 7.079125e-05 1.179038e-05 5.775580e-06 1.788417e-05 1.795538e-05 2.355917e-05 4.060542e-05 2.972505e-05 6.543887e-05 2.389447e-05 2.359555e-05 2.954784e-05 1.243352e-04 4.674510e-05 1.187433e-05 4.128309e-05 5.232566e-05 3.488746e-05 8.262934e-05 4.132152e-05 6.990929e-05 8.759665e-05 3.526233e-05 3.561516e-05 5.336207e-05 6.394993e-05 2.356736e-05 2.883598e-05 4.102742e-05 2.975978e-05 3.449366e-05 7.655923e-05 2.329902e-05 1.774372e-05 2.892155e-05 1.129662e-04 4.139613e-05 5.653178e-06 1.790235e-05 1.183721e-05 5.257392e-05 1.177873e-05 1.182767e-04 4.174172e-05 1.204852e-05 1.782295e-05 1.764521e-05 7.131391e-05 2.349944e-05 3.504182e-05 1.170100e-04 4.155667e-05 2.942118e-05 1.751217e-05 1.180957e-05 2.313241e-05 1.709203e-05 2.351997e-05 4.710244e-05 2.947396e-05 5.898569e-05 2.970586e-05 1.140995e-05 3.575696e-05 4.113158e-05 6.022794e-06 1.233738e-04 4.127268e-05 1.241851e-04 6.020075e-06 2.921403e-05 3.501595e-05 7.749317e-05
5.137455e-06 2.815404e-06 5.247937e-06 1.049757e-05 7.784635e-06 1.603795e-05 1.937642e-05 5.505569e-06 0.000000e+00 1.842476e-05 2.361055e-05 7.942682e-06 1.606505e-05 2.907030e-05 4.157306e-05 4.297393e-05 2.670085e-06 2.912347e-05 1.883580e-05 2.791288e-06 8.273234e-06 2.942448e-05 3.170321e-05 8.150535e-06 1.851562e-05 2.932939e-05 7.897747e-06 8.061092e-06 3.466614e-05 2.564792e-06 2.665617e-05 1.606750e-05 3.154730e-05 1.067937e-05 1.041593e-05 1.867973e-05 1.031101e-05 2.787114e-06 2.690990e-06 2.612637e-06 1.570158e-05 3.133058e-05 1.570275e-05 3.498998e-05 7.854881e-06 5.386784e-06 2.803311e-06 1.319972e-05 1.299194e-05 1.339287e-05 1.598856e-05 1.608679e-05 2.720476e-06 3.770417e-05 1.364287e-05 2.651625e-05 3.462482e-05 1.592257e-05 2.617688e-06 2.104574e-05 2.161994e-05 2.688752e-06 5.380648e-06 1.083019e-05 2.126254e-05 1.093080e-05 2.630669e-05 5.056377e-06 5.360469e-06 2.600796e-05 4.785144e-05 1.029271e-05 1.068336e-05 8.345137e-06 7.823097e-06 2.981549e-05 5.202884e-06 1.304263e-05 1.097024e-05 5.018943e-06 2.663912e-06 1.326196e-05 1.601231e-05 5.399275e-06 4.865735e-05 1.896714e-05 1.084231e-05 1.603147e-05 2.691365e-06 1.079082e-05 5.415866e-06 1.376646e-05 1.062246e-05 5.517976e-06 1.045145e-05 1.842611e-05 8.028476e-06 1.325504e-05 5.405969e-06 1.050651e-05 2.799741e-06 2.955966e-05 5.232112e-06 3.438251e-05 5.460204e-06 5.488189e-06 2.916848e-05 3.923795e-05
4.638593e-06 4.463661e-06 2.391150e-06 2.196559e-06 8.960547e-06 0.000000e+00 1.184446e-05 0.000000e+00 2.384892e-06 2.217168e-06 2.367962e-06 0.000000e+00 7.015141e-06 6.923909e-06 4.703667e-06 2.304346e-06 4.585506e-06 2.234734e-06 7.093002e-06 2.286291e-06 2.272385e-06 7.070240e-06 9.132872e-06 2.211905e-06 1.177347e-05 6.938530e-06 4.636437e-06 4.722736e-06 6.960644e-06 0.000000e+00 6.961678e-06 2.388554e-06 6.971691e-06 0.000000e+00 2.356599e-06 4.766991e-06 0.000000e+00 0.000000e+00 0.000000e+00 0.000000e+00 2.386172e-06 4.525503e-06 0.000000e+00 6.809293e-06 0.000000e+00 2.248815e-06 6.835900e-06 9.342088e-06 4.680169e-06 2.291261e-06 2.279716e-06 6.880074e-06 9.139171e-06 6.710577e-06 2.280923e-06 4.434071e-06 9.643949e-06 0.000000e+00 4.810573e-06 1.353573e-05 1.148415e-05 4.477866e-06 0.000000e+00 2.412109e-06 2.232196e-06 0.000000e+00 1.390194e-05 0.000000e+00 2.318313e-06 0.000000e+00 1.371462e-05 2.350562e-06 2.369733e-06 9.235077e-06 4.523645e-06 9.271962e-06 0.000000e+00 6.967943e-06 0.000000e+00 0.000000e+00 2.318153e-06 0.000000e+00 9.495336e-06 0.000000e+00 6.889163e-06 7.066797e-06 0.000000e+00 2.324162e-06 2.345042e-06 2.236392e-06 0.000000e+00 2.310484e-06 2.270581e-06 7.075280e-06 6.626157e-06 2.408544e-06 0.000000e+00 2.398322e-06 0.000000e+00 2.403782e-06 0.000000e+00 1.163847e-05 2.270318e-06 7.070501e-06 0.000000e+00 0.000000e+00 2.175191e-06 9.474945e-06
0.000000e+00 2.120261e-06 0.000000e+00 2.145492e-06 0.000000e+00 2.126571e-06 4.248963e-06 0.000000e+00 0.000000e+00 0.000000e+00 2.091945e-06 0.000000e+00 0.000000e+00 2.018465e-06 2.087284e-06 0.000000e+00 2.027254e-06 0.000000e+00 4.170387e-06 2.073967e-06 0.000000e+00 2.150283e-06 2.039372e-06 0.000000e+00 0.000000e+00 2.000364e-06 0.000000e+00 0.000000e+00 0.000000e+00 0.000000e+00 6.124253e-06 0.000000e+00 0.000000e+00 0.000000e+00 0.000000e+00 0.000000e+00 4.169425e-06 2.096398e-06 2.064238e-06 0.000000e+00 0.000000e+00 1.965475e-06 0.000000e+00 6.115672e-06 0.000000e+00 0.000000e+00 2.140264e-06 0.000000e+00 0.000000e+00 1.982261e-06 0.000000e+00 0.000000e+00 0.000000e+00 4.220615e-06 0.000000e+00 6.114330e-06 0.000000e+00 0.000000e+00 0.000000e+00 6.212350e-06 2.142098e-06 0.000000e+00 0.000000e+00 2.103550e-06 0.000000e+00 0.000000e+00 4.261196e-06 0.000000e+00 0.000000e+00 0.000000e+00 2.148972e-06 0.000000e+00 0.000000e+00 4.069742e-06 0.000000e+00 2.146801e-06 0.000000e+00 0.000000e+00 0.000000e+00 0.000000e+00 0.000000e+00 2.115867e-06 1.940923e-06 0.000000e+00 1.984579e-06 0.000000e+00 2.147037e-06 1.981976e-06 0.000000e+00 0.000000e+00 0.000000e+00 0.000000e+00 0.000000e+00 2.144819e-06 0.000000e+00 0.000000e+00 2.149946e-06 0.000000e+00 0.000000e+00 2.091548e-06 0.000000e+00 2.154333e-06 1.970366e-06 3.938747e-06 2.011915e-06 0.000000e+00 2.002439e-06 2.091452e-06
1.807900e-06 0.000000e+00 0.000000e+00 0.000000e+00 0.000000e+00 0.000000e+00 1.877869e-06 0.000000e+00 0.000000e+00 1.808463e-06 0.000000e+00 0.000000e+00 0.000000e+00 0.000000e+00 0.000000e+00 0.000000e+00 0.000000e+00 0.000000e+00 0.000000e+00 0.000000e+00 0.000000e+00 0.000000e+00 0.000000e+00 0.000000e+00 0.000000e+00 0.000000e+00 0.000000e+00 0.000000e+00 0.000000e+00 1.917021e-06 0.000000e+00 1.865282e-06 0.000000e+00 0.000000e+00 0.000000e+00 0.000000e+00 1.770729e-06 0.000000e+00 0.000000e+00 0.000000e+00 0.000000e+00 0.000000e+00 1.873236e-06 1.856490e-06 0.000000e+00 0.000000e+00 0.000000e+00 0.000000e+00 0.000000e+00 0.000000e+00 0.000000e+00 0.000000e+00 0.000000e+00 0.000000e+00 0.000000e+00 0.000000e+00 1.804102e-06 1.907082e-06 0.000000e+00 0.000000e+00 3.657084e-06 0.000000e+00 0.000000e+00 0.000000e+00 0.000000e+00 0.000000e+00 1.828005e-06 1.780745e-06 0.000000e+00 0.000000e+00 1.862890e-06 1.841816e-06 0.000000e+00 0.000000e+00 0.000000e+00 0.000000e+00 0.000000e+00 0.000000e+00 0.000000e+00 0.000000e+00 0.000000e+00 0.000000e+00 0.000000e+00 0.000000e+00 0.000000e+00 0.000000e+00 0.000000e+00 0.000000e+00 0.000000e+00 0.000000e+00 0.000000e+00 0.000000e+00 1.841278e-06 0.000000e+00 0.000000e+00 1.751562e-06 1.873904e-06 0.000000e+00 0.000000e+00 0.000000e+00 0.000000e+00 0.000000e+00 0.000000e+00 1.888414e-06 0.000000e+00 0.000000e+00 0.000000e+00 1.886264e-06
