# Version 0.0
# Data /lustre/isaac24/proj/UTK0244/cbaillar/Bayes_HEP/Detroit_tune_Project/input/Data/Data__200__pp__PHENIX_2025_I2820229__d06-x01-y02.dat
# Observable: $\frac{1}{N_{jet}}(j_T/p_T^{jet})\frac{dN}{d(j_T/p_T^{jet})}$
# Subobservable: $j_T/p_T^{jet}$
# Design Design_Rivet.dat
# design_point1 design_point2 design_point3 design_point4 design_point5 design_point6 design_point7 design_point8 design_point9 design_point10 design_point11 design_point12 design_point13 design_point14 design_point15 design_point16 design_point17 design_point18 design_point19 design_point20 design_point21 design_point22 design_point23 design_point24 design_point25 design_point26 design_point27 design_point28 design_point29 design_point30 design_point31 design_point32 design_point33 design_point34 design_point35 design_point36 design_point37 design_point38 design_point39 design_point40 design_point41 design_point42 design_point43 design_point44 design_point45 design_point46 design_point47 design_point48 design_point49 design_point50 design_point51 design_point52 design_point53 design_point54 design_point55 design_point56 design_point57 design_point58 design_point59 design_point60 design_point61 design_point62 design_point63 design_point64 design_point65 design_point66 design_point67 design_point68 design_point69 design_point70 design_point71 design_point72 design_point73 design_point74 design_point75 design_point76 design_point77 design_point78 design_point79 design_point80 design_point81 design_point82 design_point83 design_point84 design_point85 design_point86 design_point87 design_point88 design_point89 design_point90 design_point91 design_point92 design_point93 design_point94 design_point95 design_point96 design_point97 design_point98 design_point99 design_point100 design_point101 design_point102 design_point103 design_point104 design_point105 design_point106 design_point107 design_point108
6.718229e+04 7.128313e+04 6.899799e+04 7.833086e+04 6.749092e+04 8.041745e+04 9.594447e+04 6.419065e+04 1.017485e+05 5.147118e+05 3.828444e+17 1.261949e+05 8.104011e+04 1.003811e+05 1.080974e+05 1.073583e+05 6.838684e+04 1.035280e+05 1.075351e+05 6.772198e+04 6.668805e+04 9.186034e+04 9.081660e+04 6.540698e+04 8.601301e+04 1.072540e+05 1.078500e+05 7.410311e+04 9.016961e+04 6.414255e+04 9.399081e+04 7.460225e+04 1.097915e+05 6.530241e+04 8.634439e+04 8.780998e+04 7.453795e+04 6.597655e+04 7.145876e+04 6.573556e+04 6.723609e+04 9.970459e+04 7.954739e+04 9.642764e+04 6.873762e+04 6.612136e+04 7.997842e+04 9.435667e+04 1.013840e+05 6.717607e+04 6.938249e+04 8.476884e+04 1.053417e+05 1.010786e+05 9.288793e+04 8.455940e+04 1.242156e+05 1.012400e+05 6.643784e+04 7.938690e+04 9.007568e+04 6.825603e+04 6.523115e+04 7.769367e+04 7.535307e+04 7.372290e+04 8.955962e+04 6.620161e+04 1.682839e+05 7.272484e+04 2.500971e+05 6.843998e+04 6.685289e+04 8.584556e+04 1.353515e+05 1.151000e+05 9.379279e+04 9.954838e+04 6.981454e+04 6.751669e+04 6.505241e+04 7.218048e+04 9.520862e+04 7.033935e+04 1.363762e+05 9.145502e+04 7.673939e+04 7.773959e+04 9.971508e+04 6.535514e+04 1.288649e+05 9.386868e+04 3.009549e+05 8.328001e+04 8.624561e+04 7.614381e+04 1.611028e+05 8.212176e+04 6.892523e+04 8.219951e+04 7.599528e+04 1.062954e+05 8.218365e+04 1.039261e+05 6.635301e+04 7.684241e+04 8.335444e+04 1.178764e+05
8.189334e+03 8.214856e+03 8.112922e+03 8.399852e+03 8.167045e+03 8.407485e+03 8.621234e+03 8.147122e+03 8.138779e+03 8.294927e+03 8.573735e+03 8.169630e+03 8.469150e+03 8.642574e+03 8.548139e+03 8.622665e+03 8.196817e+03 8.482178e+03 8.612265e+03 8.176667e+03 8.177552e+03 8.569623e+03 8.382105e+03 8.133936e+03 8.492567e+03 8.579395e+03 8.464090e+03 8.143996e+03 8.608102e+03 8.132856e+03 8.432404e+03 8.330866e+03 8.626412e+03 8.172820e+03 8.200329e+03 8.568188e+03 8.263210e+03 8.113856e+03 8.139246e+03 8.169951e+03 8.204078e+03 8.326092e+03 8.182998e+03 8.610194e+03 8.152996e+03 8.169853e+03 8.411801e+03 8.594190e+03 8.426341e+03 8.179027e+03 8.167515e+03 8.467805e+03 8.240154e+03 8.639650e+03 8.190119e+03 8.519558e+03 8.560335e+03 8.142992e+03 8.131761e+03 8.472768e+03 8.596189e+03 8.156827e+03 8.145749e+03 8.707394e+03 8.156550e+03 8.188686e+03 8.603968e+03 8.172997e+03 8.134553e+03 8.554267e+03 8.612846e+03 8.228035e+03 8.181692e+03 8.141474e+03 8.098449e+03 8.487268e+03 8.127439e+03 8.582642e+03 8.169668e+03 8.144323e+03 8.144744e+03 8.129897e+03 8.412540e+03 8.234884e+03 8.578877e+03 8.547804e+03 8.333599e+03 8.270057e+03 8.175303e+03 8.191109e+03 8.106997e+03 8.226989e+03 8.154758e+03 8.294175e+03 8.375101e+03 8.338835e+03 8.326677e+03 8.141143e+03 8.147958e+03 8.253865e+03 8.123577e+03 8.634183e+03 8.167682e+03 8.634629e+03 8.138850e+03 8.149559e+03 8.322628e+03 8.595958e+03
2.601656e+03 2.599056e+03 2.597260e+03 2.622476e+03 2.599468e+03 2.619967e+03 2.626806e+03 2.599550e+03 2.603772e+03 2.616594e+03 2.627533e+03 2.605276e+03 2.629064e+03 2.630632e+03 2.629322e+03 2.636183e+03 2.597574e+03 2.614676e+03 2.636438e+03 2.606109e+03 2.598706e+03 2.630401e+03 2.549397e+03 2.596777e+03 2.620375e+03 2.621187e+03 2.629524e+03 2.595823e+03 2.636885e+03 2.600219e+03 2.623241e+03 2.612954e+03 2.604568e+03 2.597189e+03 2.600184e+03 2.611764e+03 2.606351e+03 2.594219e+03 2.599757e+03 2.604948e+03 2.603579e+03 2.622776e+03 2.597208e+03 2.638911e+03 2.595901e+03 2.597969e+03 2.614331e+03 2.630951e+03 2.622569e+03 2.606054e+03 2.600805e+03 2.631657e+03 2.601527e+03 2.634802e+03 2.605196e+03 2.631055e+03 2.632879e+03 2.601425e+03 2.599050e+03 2.628020e+03 2.638022e+03 2.604203e+03 2.599824e+03 2.775884e+03 2.595903e+03 2.603040e+03 2.631076e+03 2.596345e+03 2.601279e+03 2.528351e+03 2.641707e+03 2.606450e+03 2.598176e+03 2.596348e+03 2.600021e+03 2.622465e+03 2.596433e+03 2.637795e+03 2.604615e+03 2.597946e+03 2.592664e+03 2.598056e+03 2.566235e+03 2.603596e+03 2.632973e+03 2.636647e+03 2.620016e+03 2.609853e+03 2.594578e+03 2.602103e+03 2.596404e+03 2.610659e+03 2.594358e+03 2.620792e+03 2.622567e+03 2.618978e+03 2.607482e+03 2.603464e+03 2.604774e+03 2.609773e+03 2.593005e+03 2.631260e+03 2.599900e+03 2.623904e+03 2.598315e+03 2.601544e+03 2.540095e+03 2.633961e+03
8.020606e+02 7.976514e+02 8.015115e+02 7.965450e+02 8.004695e+02 7.979550e+02 7.906879e+02 7.978138e+02 7.991486e+02 7.959595e+02 7.941605e+02 7.983400e+02 8.004091e+02 7.884272e+02 7.924348e+02 7.906489e+02 8.018330e+02 7.905834e+02 7.947327e+02 7.992588e+02 7.970068e+02 7.950323e+02 7.710388e+02 7.984373e+02 7.968908e+02 7.887221e+02 7.954015e+02 7.992641e+02 7.952933e+02 7.973606e+02 8.003793e+02 7.986708e+02 7.796844e+02 7.998325e+02 7.972925e+02 7.871730e+02 7.983805e+02 7.998052e+02 8.021171e+02 7.979887e+02 7.959220e+02 7.997362e+02 7.994364e+02 7.946511e+02 7.996519e+02 7.995755e+02 7.918340e+02 7.950865e+02 7.977521e+02 7.971714e+02 8.016150e+02 7.991699e+02 7.987769e+02 7.960694e+02 7.994010e+02 7.972891e+02 7.946956e+02 7.991111e+02 7.974917e+02 7.949686e+02 7.914035e+02 7.971827e+02 7.993220e+02 7.416905e+02 7.994593e+02 7.957534e+02 7.947365e+02 7.992185e+02 7.999336e+02 7.629047e+02 7.961777e+02 7.997674e+02 8.008765e+02 7.986393e+02 7.994779e+02 7.956897e+02 8.023275e+02 7.920908e+02 7.994955e+02 7.997506e+02 8.000840e+02 7.989096e+02 7.799396e+02 7.973616e+02 7.922403e+02 7.969011e+02 7.999894e+02 7.990054e+02 8.007355e+02 7.970455e+02 7.986446e+02 7.982064e+02 7.996582e+02 7.963068e+02 7.996972e+02 7.973680e+02 7.994862e+02 7.998688e+02 7.982094e+02 7.968766e+02 8.000808e+02 7.923002e+02 7.974857e+02 7.878549e+02 7.998758e+02 7.982465e+02 7.840830e+02 7.972037e+02
1.947520e+02 1.936131e+02 1.942045e+02 1.910508e+02 1.945111e+02 1.917351e+02 1.843997e+02 1.938429e+02 1.953754e+02 1.926472e+02 1.875731e+02 1.937145e+02 1.907414e+02 1.876539e+02 1.892916e+02 1.865285e+02 1.939347e+02 1.878548e+02 1.869693e+02 1.928910e+02 1.939744e+02 1.887034e+02 1.904890e+02 1.940756e+02 1.893690e+02 1.874217e+02 1.899301e+02 1.931805e+02 1.885132e+02 1.949449e+02 1.899229e+02 1.932251e+02 1.828175e+02 1.939825e+02 1.943525e+02 1.877117e+02 1.922016e+02 1.935857e+02 1.938668e+02 1.960308e+02 1.945497e+02 1.911182e+02 1.941806e+02 1.868747e+02 1.929615e+02 1.960741e+02 1.898000e+02 1.868327e+02 1.904750e+02 1.950748e+02 1.933501e+02 1.889457e+02 1.911767e+02 1.870598e+02 1.947456e+02 1.894362e+02 1.889290e+02 1.946821e+02 1.931081e+02 1.905015e+02 1.875929e+02 1.930698e+02 1.935954e+02 1.558470e+02 1.939508e+02 1.938018e+02 1.884366e+02 1.932432e+02 1.938814e+02 1.898068e+02 1.891418e+02 1.938299e+02 1.928600e+02 1.943314e+02 1.942163e+02 1.897791e+02 1.944986e+02 1.876200e+02 1.925004e+02 1.945080e+02 1.947945e+02 1.958209e+02 1.924260e+02 1.930366e+02 1.880688e+02 1.897930e+02 1.908878e+02 1.921967e+02 1.941552e+02 1.928261e+02 1.939205e+02 1.942621e+02 1.955979e+02 1.910317e+02 1.913208e+02 1.920099e+02 1.930709e+02 1.935092e+02 1.936398e+02 1.934277e+02 1.939721e+02 1.873283e+02 1.941675e+02 1.840067e+02 1.948048e+02 1.944422e+02 1.920553e+02 1.883693e+02
2.643541e+01 2.700939e+01 2.770611e+01 2.555004e+01 2.715902e+01 2.556958e+01 2.354672e+01 2.720099e+01 2.683058e+01 2.667070e+01 2.456851e+01 2.715083e+01 2.569504e+01 2.401410e+01 2.466238e+01 2.448611e+01 2.686810e+01 2.468598e+01 2.467986e+01 2.693843e+01 2.661238e+01 2.456829e+01 2.723787e+01 2.728098e+01 2.493591e+01 2.411100e+01 2.579522e+01 2.726957e+01 2.444877e+01 2.747204e+01 2.538747e+01 2.588355e+01 2.414786e+01 2.706904e+01 2.647605e+01 2.491357e+01 2.608288e+01 2.728770e+01 2.669925e+01 2.693304e+01 2.693832e+01 2.577403e+01 2.684529e+01 2.433429e+01 2.653200e+01 2.706433e+01 2.559397e+01 2.466981e+01 2.534589e+01 2.660348e+01 2.705310e+01 2.560357e+01 2.627339e+01 2.451498e+01 2.697766e+01 2.493624e+01 2.498835e+01 2.691769e+01 2.682889e+01 2.561910e+01 2.537977e+01 2.707147e+01 2.690963e+01 2.846900e+01 2.715963e+01 2.684932e+01 2.472819e+01 2.729903e+01 2.711925e+01 3.756845e+01 2.465025e+01 2.665296e+01 2.704635e+01 2.715182e+01 2.688976e+01 2.507509e+01 2.735842e+01 2.529732e+01 2.676799e+01 2.722040e+01 2.686238e+01 2.762434e+01 2.469285e+01 2.672815e+01 2.487231e+01 2.543543e+01 2.595256e+01 2.625084e+01 2.676367e+01 2.708921e+01 2.671753e+01 2.682383e+01 2.708074e+01 2.684547e+01 2.575430e+01 2.628613e+01 2.577863e+01 2.733704e+01 2.679096e+01 2.670946e+01 2.706560e+01 2.415743e+01 2.720846e+01 2.383880e+01 2.698128e+01 2.694070e+01 2.230726e+01 2.500850e+01
4.699249e-01 4.023006e-01 4.387251e-01 3.950148e-01 4.197985e-01 3.927484e-01 3.546628e-01 4.246827e-01 4.317044e-01 4.636275e-01 3.925882e-01 4.452792e-01 3.191525e-01 4.040877e-01 3.267916e-01 3.749627e-01 3.922469e-01 3.841138e-01 3.544381e-01 4.050961e-01 4.129352e-01 3.495750e-01 0.000000e+00 4.350033e-01 3.709858e-01 3.346500e-01 3.993091e-01 4.481863e-01 3.771852e-01 3.783104e-01 3.876101e-01 4.372828e-01 3.265129e-01 3.958822e-01 4.344509e-01 3.936527e-01 3.853829e-01 4.231961e-01 3.623196e-01 3.594799e-01 4.405220e-01 3.736981e-01 3.838092e-01 3.369260e-01 4.163548e-01 3.815231e-01 3.916103e-01 3.472639e-01 3.782301e-01 3.996621e-01 4.000194e-01 3.750164e-01 3.824509e-01 3.321310e-01 3.854417e-01 4.331133e-01 4.173677e-01 4.308421e-01 3.679605e-01 3.378951e-01 3.542850e-01 3.728398e-01 4.247248e-01 0.000000e+00 4.473106e-01 3.603172e-01 3.536660e-01 3.949699e-01 4.094835e-01 0.000000e+00 3.652623e-01 4.219397e-01 3.917502e-01 3.823776e-01 4.048053e-01 4.169437e-01 4.120862e-01 3.938813e-01 4.124815e-01 4.352126e-01 4.252066e-01 4.526032e-01 4.808224e-01 4.285278e-01 4.016107e-01 3.527198e-01 4.157342e-01 4.153445e-01 4.281450e-01 4.208130e-01 4.177760e-01 3.628771e-01 4.117445e-01 4.063989e-01 3.710168e-01 3.894468e-01 4.662655e-01 4.417253e-01 3.924864e-01 3.701713e-01 4.230661e-01 3.869077e-01 3.846704e-01 3.420132e-01 3.339382e-01 3.798178e-01 5.463312e-01 4.028507e-01
