# Version 0.0
# Data /lustre/isaac24/proj/UTK0244/cbaillar/Bayes_HEP/Detroit_tune_Project/input/Data/Data__900__ppbar__CDF_2015_I1388868__d14-x01-y01.dat
# Observable: {$(1/N_\mathrm{events})\; dp^{\mathrm{sum}}_\mathrm{T}\,/d\eta\, d\phi$ [GeV]}
# Subobservable: {$p_\mathrm{T}^{\mathrm{max}}$ [GeV]}
# Design Design_Rivet.dat
# design_point1 design_point2 design_point3 design_point4 design_point5 design_point6 design_point7 design_point8 design_point9 design_point10 design_point11 design_point12 design_point13 design_point14 design_point15 design_point16 design_point17 design_point18 design_point19 design_point20 design_point21 design_point22 design_point23 design_point24 design_point25 design_point26 design_point27 design_point28 design_point29 design_point30 design_point31 design_point32 design_point33 design_point34 design_point35 design_point36 design_point37 design_point38 design_point39 design_point40 design_point41 design_point42 design_point43 design_point44 design_point45 design_point46 design_point47 design_point48 design_point49 design_point50 design_point51 design_point52 design_point53 design_point54 design_point55 design_point56 design_point57 design_point58 design_point59 design_point60 design_point61 design_point62 design_point63 design_point64 design_point65 design_point66 design_point67 design_point68 design_point69 design_point70 design_point71 design_point72 design_point73 design_point74 design_point75 design_point76 design_point77 design_point78 design_point79 design_point80 design_point81 design_point82 design_point83 design_point84 design_point85 design_point86 design_point87 design_point88 design_point89 design_point90 design_point91 design_point92 design_point93 design_point94 design_point95 design_point96 design_point97 design_point98 design_point99 design_point100 design_point101 design_point102 design_point103 design_point104 design_point105 design_point106 design_point107 design_point108
9.805427e-06 1.239361e-05 9.360576e-06 1.819582e-05 1.317426e-05 1.677116e-05 2.270852e-05 9.845022e-06 1.190368e-05 1.546006e-05 2.490791e-05 1.186614e-05 2.154704e-05 2.988899e-05 2.551818e-05 3.090584e-05 2.430923e-05 2.283205e-05 2.939348e-05 1.580384e-05 1.647267e-05 3.387832e-05 3.149874e-05 1.515644e-05 2.756401e-05 3.064636e-05 2.081335e-05 1.344776e-05 2.907999e-05 1.301496e-05 2.235432e-05 1.605765e-05 3.639390e-05 1.376757e-05 2.027364e-05 2.937317e-05 1.534922e-05 1.548807e-05 1.491968e-05 1.525241e-05 1.481370e-05 2.005295e-05 1.382421e-05 2.997833e-05 1.416988e-05 1.374446e-05 1.496722e-05 2.789693e-05 2.335763e-05 1.481836e-05 1.680103e-05 2.410065e-05 2.137208e-05 2.994798e-05 1.283431e-05 2.260960e-05 2.569784e-05 1.377650e-05 1.303158e-05 2.691994e-05 2.507555e-05 1.682964e-05 1.473500e-05 3.028022e-05 2.435484e-05 1.500567e-05 3.123554e-05 1.717666e-05 1.658509e-05 5.423580e-05 3.762456e-05 2.520086e-05 1.974542e-05 1.436489e-05 1.390053e-05 2.732788e-05 1.362835e-05 3.026563e-05 1.738752e-05 1.399653e-05 1.308503e-05 1.308885e-05 3.058254e-05 1.579117e-05 2.985569e-05 2.609880e-05 2.664873e-05 2.398205e-05 1.395599e-05 1.416052e-05 1.393733e-05 1.310601e-05 1.332708e-05 2.591514e-05 2.127625e-05 2.669365e-05 2.198784e-05 1.346087e-05 1.670736e-05 1.830281e-05 1.586534e-05 3.039139e-05 1.399928e-05 3.127373e-05 1.441617e-05 1.479318e-05 3.000642e-05 2.714236e-05
4.131696e-05 5.237966e-05 3.950374e-05 7.760983e-05 6.835869e-05 7.885074e-05 1.141153e-04 4.159365e-05 4.995503e-05 6.456354e-05 1.238731e-04 4.986733e-05 9.446959e-05 1.508897e-04 1.329926e-04 1.497010e-04 1.029328e-04 1.670349e-04 1.510589e-04 6.665617e-05 6.942521e-05 1.680670e-04 1.618884e-04 6.354298e-05 1.385181e-04 1.551360e-04 1.023185e-04 5.692194e-05 1.487471e-04 5.494071e-05 8.878550e-05 7.420907e-05 1.777748e-04 5.833102e-05 9.099357e-05 1.492698e-04 6.983528e-05 6.481218e-05 6.278077e-05 6.380688e-05 6.229882e-05 8.223506e-05 5.854083e-05 1.560860e-04 5.962167e-05 5.770790e-05 1.069905e-04 1.345995e-04 1.082247e-04 6.350119e-05 6.974428e-05 1.111449e-04 8.740562e-05 1.428743e-04 5.397418e-05 9.551492e-05 1.091438e-04 5.818103e-05 5.482274e-05 1.258808e-04 1.471735e-04 6.976163e-05 6.246465e-05 1.603326e-04 1.068903e-04 6.334659e-05 1.610854e-04 7.309810e-05 6.997657e-05 2.558994e-04 1.800376e-04 1.028400e-04 8.106214e-05 6.016158e-05 5.887774e-05 1.282737e-04 5.876108e-05 1.540883e-04 7.170933e-05 6.111093e-05 5.533449e-05 5.560925e-05 1.529492e-04 8.278655e-05 1.507139e-04 1.241021e-04 1.173856e-04 1.069700e-04 5.882163e-05 6.160228e-05 5.881470e-05 5.573679e-05 5.680916e-05 1.104052e-04 8.485136e-05 1.177767e-04 9.261976e-05 5.687196e-05 8.236404e-05 7.471676e-05 6.947671e-05 1.506601e-04 5.920475e-05 1.515949e-04 6.068041e-05 6.237150e-05 1.520493e-04 1.361262e-04
1.030247e-04 1.337673e-04 9.798302e-05 1.808694e-04 1.835829e-04 1.959527e-04 2.675860e-04 1.034268e-04 1.246637e-04 1.627590e-04 2.861897e-04 1.258374e-04 2.210598e-04 3.684178e-04 3.753580e-04 3.504718e-04 2.508845e-04 5.595346e-04 3.738762e-04 1.650210e-04 1.752708e-04 3.837767e-04 3.971303e-04 1.583966e-04 3.405521e-04 4.118167e-04 2.868601e-04 1.430962e-04 3.747017e-04 1.361098e-04 2.144239e-04 2.338190e-04 3.869648e-04 1.440275e-04 2.525266e-04 3.696114e-04 1.847994e-04 1.621317e-04 1.562234e-04 1.609779e-04 1.563028e-04 2.024005e-04 1.443597e-04 3.707586e-04 1.495674e-04 1.435721e-04 4.286812e-04 3.276040e-04 3.094490e-04 1.616508e-04 1.745924e-04 3.279908e-04 2.161275e-04 3.403448e-04 1.325369e-04 2.339515e-04 2.591360e-04 1.448903e-04 1.343924e-04 3.005680e-04 4.172054e-04 1.732310e-04 1.563932e-04 4.058571e-04 2.688338e-04 1.581050e-04 4.028365e-04 1.835187e-04 1.750430e-04 5.699083e-04 4.359697e-04 2.530674e-04 2.001995e-04 1.501164e-04 1.471587e-04 3.058336e-04 1.503921e-04 3.732530e-04 1.775803e-04 1.580116e-04 1.377294e-04 1.384572e-04 3.600384e-04 2.839372e-04 3.708347e-04 3.050388e-04 2.723454e-04 2.661597e-04 1.467505e-04 1.574875e-04 1.466747e-04 1.384681e-04 1.427823e-04 2.570904e-04 2.069040e-04 2.732666e-04 2.261479e-04 1.423926e-04 2.238752e-04 1.857490e-04 1.800909e-04 3.549164e-04 1.490764e-04 3.616046e-04 1.522199e-04 1.567448e-04 3.655162e-04 3.486322e-04
1.965482e-04 2.626991e-04 1.829851e-04 3.386091e-04 3.576829e-04 3.698748e-04 4.388582e-04 1.980981e-04 2.389707e-04 3.180913e-04 5.012309e-04 2.392899e-04 4.073088e-04 6.285855e-04 7.060092e-04 5.928723e-04 4.817155e-04 1.038430e-03 6.396321e-04 3.170129e-04 3.373771e-04 6.535201e-04 6.910320e-04 3.011251e-04 6.203670e-04 7.681584e-04 5.836715e-04 2.693251e-04 6.543535e-04 2.541411e-04 4.140676e-04 5.604093e-04 6.702507e-04 2.769091e-04 5.339076e-04 6.325475e-04 3.621159e-04 3.097446e-04 2.989724e-04 3.092126e-04 2.983674e-04 3.914598e-04 2.756026e-04 6.218082e-04 2.843473e-04 2.758213e-04 9.572004e-04 5.813179e-04 7.137755e-04 3.096777e-04 3.344913e-04 7.695432e-04 4.157888e-04 5.802713e-04 2.498446e-04 4.525178e-04 4.868758e-04 2.756582e-04 2.532042e-04 5.461508e-04 7.296270e-04 3.306993e-04 3.017011e-04 7.558202e-04 5.228905e-04 2.982885e-04 7.061643e-04 3.519955e-04 3.375878e-04 1.037329e-03 7.660355e-04 4.871592e-04 3.897416e-04 2.895129e-04 2.824858e-04 5.522080e-04 2.877630e-04 6.168998e-04 3.412685e-04 3.060184e-04 2.610060e-04 2.622973e-04 6.179944e-04 6.698434e-04 6.267632e-04 5.590014e-04 4.990514e-04 5.122366e-04 2.808467e-04 3.071045e-04 2.769882e-04 2.653940e-04 2.745990e-04 4.822166e-04 4.031271e-04 5.004485e-04 4.379658e-04 2.697199e-04 4.483252e-04 3.603944e-04 3.519558e-04 5.940476e-04 2.877667e-04 6.258604e-04 2.881303e-04 2.996656e-04 6.238161e-04 6.405726e-04
3.345688e-04 4.578283e-04 3.062847e-04 5.833832e-04 6.219327e-04 6.349840e-04 6.934267e-04 3.318524e-04 4.024095e-04 5.560364e-04 8.534954e-04 3.978914e-04 6.982883e-04 1.007065e-03 1.156055e-03 9.511954e-04 8.365864e-04 1.693415e-03 1.022677e-03 5.376831e-04 5.685263e-04 1.083682e-03 1.146058e-03 5.122723e-04 1.042178e-03 1.282298e-03 1.030155e-03 4.516053e-04 1.058389e-03 4.341418e-04 7.189377e-04 1.091721e-03 1.155829e-03 4.692328e-04 9.708051e-04 1.009219e-03 6.106486e-04 5.250152e-04 4.966500e-04 5.262219e-04 5.085322e-04 6.816835e-04 4.613255e-04 1.000100e-03 4.827647e-04 4.569178e-04 1.667243e-03 9.598734e-04 1.386581e-03 5.244093e-04 5.695747e-04 1.482516e-03 7.116293e-04 9.271322e-04 4.171859e-04 7.855351e-04 8.426225e-04 4.752555e-04 4.366700e-04 9.209220e-04 1.130232e-03 5.625992e-04 5.152158e-04 1.332427e-03 9.040967e-04 5.022994e-04 1.155005e-03 5.898112e-04 5.663620e-04 1.863209e-03 1.245823e-03 8.322981e-04 6.667280e-04 4.900701e-04 4.762361e-04 9.301389e-04 4.860808e-04 9.591949e-04 5.682712e-04 5.204488e-04 4.334720e-04 4.486489e-04 1.019764e-03 1.237443e-03 9.968152e-04 9.439724e-04 8.540381e-04 8.896208e-04 4.714803e-04 5.095160e-04 4.698944e-04 4.416539e-04 4.600195e-04 8.337975e-04 6.900645e-04 8.581919e-04 7.667641e-04 4.517806e-04 7.751606e-04 6.156510e-04 6.021673e-04 9.401891e-04 4.754651e-04 1.017029e-03 4.820959e-04 5.161496e-04 1.015342e-03 1.076459e-03
5.130541e-04 7.224264e-04 4.787994e-04 9.587553e-04 9.867955e-04 1.029955e-03 1.103198e-03 5.250599e-04 6.195542e-04 8.806370e-04 1.455569e-03 6.422140e-04 1.135296e-03 1.604974e-03 1.824163e-03 1.514036e-03 1.367477e-03 2.713559e-03 1.627603e-03 8.443206e-04 8.925724e-04 1.810999e-03 1.883977e-03 7.799279e-04 1.686324e-03 2.071007e-03 1.672368e-03 6.950539e-04 1.686748e-03 6.774420e-04 1.153148e-03 1.823354e-03 1.992403e-03 7.253979e-04 1.612833e-03 1.606960e-03 9.465620e-04 8.270266e-04 7.897480e-04 8.238546e-04 7.814707e-04 1.080428e-03 7.364347e-04 1.616187e-03 7.372097e-04 7.318319e-04 2.638484e-03 1.545136e-03 2.366866e-03 8.218104e-04 8.821948e-04 2.524903e-03 1.157714e-03 1.472288e-03 6.661951e-04 1.265511e-03 1.373550e-03 7.295371e-04 6.770924e-04 1.493821e-03 1.742833e-03 8.766598e-04 8.051642e-04 2.328134e-03 1.445777e-03 7.903583e-04 1.871041e-03 9.132107e-04 8.863089e-04 3.320961e-03 1.990100e-03 1.285928e-03 1.058098e-03 7.754375e-04 7.432050e-04 1.504968e-03 7.703643e-04 1.494633e-03 8.966237e-04 8.174912e-04 6.980485e-04 6.848465e-04 1.680005e-03 2.044280e-03 1.575732e-03 1.529275e-03 1.400117e-03 1.436773e-03 7.274023e-04 7.925792e-04 7.329357e-04 6.959588e-04 7.224773e-04 1.354181e-03 1.104012e-03 1.394931e-03 1.240468e-03 6.974197e-04 1.216063e-03 9.812649e-04 9.459375e-04 1.490056e-03 7.608002e-04 1.644705e-03 7.471590e-04 8.003678e-04 1.662472e-03 1.736022e-03
7.192457e-04 1.083974e-03 7.181873e-04 1.472892e-03 1.495669e-03 1.596343e-03 1.749570e-03 7.785800e-04 9.495013e-04 1.343694e-03 2.436384e-03 9.579611e-04 1.765862e-03 2.521606e-03 2.811631e-03 2.390360e-03 2.078736e-03 4.323986e-03 2.577729e-03 1.214259e-03 1.359040e-03 2.977332e-03 3.068621e-03 1.147071e-03 2.636702e-03 3.259081e-03 2.494151e-03 1.028931e-03 2.666399e-03 9.875187e-04 1.739662e-03 2.746879e-03 3.296588e-03 1.085544e-03 2.461553e-03 2.541581e-03 1.403887e-03 1.216860e-03 1.162866e-03 1.198054e-03 1.159551e-03 1.614206e-03 1.069745e-03 2.594607e-03 1.085015e-03 1.084444e-03 3.976549e-03 2.401926e-03 3.713308e-03 1.184990e-03 1.309633e-03 3.996466e-03 1.701453e-03 2.300477e-03 9.991680e-04 1.911997e-03 2.127039e-03 1.050616e-03 1.004396e-03 2.343496e-03 2.669834e-03 1.309253e-03 1.164918e-03 3.951812e-03 2.206597e-03 1.191806e-03 2.983257e-03 1.328923e-03 1.251562e-03 5.975489e-03 3.120659e-03 1.912199e-03 1.580857e-03 1.061874e-03 1.127509e-03 2.370356e-03 1.114231e-03 2.323209e-03 1.316460e-03 1.206273e-03 1.052638e-03 1.022469e-03 2.749445e-03 3.051121e-03 2.485313e-03 2.386179e-03 2.189082e-03 2.101820e-03 1.048841e-03 1.170409e-03 1.087480e-03 1.045433e-03 1.018969e-03 2.107345e-03 1.664836e-03 2.172164e-03 1.845928e-03 1.061046e-03 1.788567e-03 1.484572e-03 1.415462e-03 2.333510e-03 1.095995e-03 2.607568e-03 1.178447e-03 1.207071e-03 2.668013e-03 2.753795e-03
1.084667e-03 1.503647e-03 1.026217e-03 2.197966e-03 2.155216e-03 2.384965e-03 2.731339e-03 1.078753e-03 1.350786e-03 1.760576e-03 3.960036e-03 1.258038e-03 2.650304e-03 3.922634e-03 4.261796e-03 3.674198e-03 2.945057e-03 6.685135e-03 4.044606e-03 1.800806e-03 1.942473e-03 4.738744e-03 4.921603e-03 1.683221e-03 3.958336e-03 4.964052e-03 3.568761e-03 1.658774e-03 4.125234e-03 1.373903e-03 2.608117e-03 3.920631e-03 5.350848e-03 1.457825e-03 3.569151e-03 3.923659e-03 1.982473e-03 1.734827e-03 1.598279e-03 1.728957e-03 1.698181e-03 2.286922e-03 1.454305e-03 4.118221e-03 1.569522e-03 1.510209e-03 5.581256e-03 3.707928e-03 5.586093e-03 1.717906e-03 1.827044e-03 6.038852e-03 2.425119e-03 3.504667e-03 1.428074e-03 2.834596e-03 3.139647e-03 1.586019e-03 1.285595e-03 3.502675e-03 4.030212e-03 1.831883e-03 1.595900e-03 6.472059e-03 3.096873e-03 1.724406e-03 4.674892e-03 1.901898e-03 1.831500e-03 9.905838e-03 4.743163e-03 2.770734e-03 2.247948e-03 1.629233e-03 1.527529e-03 3.589936e-03 1.558533e-03 3.569134e-03 1.916818e-03 1.715055e-03 1.479007e-03 1.510831e-03 4.381639e-03 4.199180e-03 3.814768e-03 3.586740e-03 3.246290e-03 3.073045e-03 1.437088e-03 1.629693e-03 1.505749e-03 1.462048e-03 1.601858e-03 3.117265e-03 2.405648e-03 3.262277e-03 2.674102e-03 1.602809e-03 2.629188e-03 2.089996e-03 2.002456e-03 3.567962e-03 1.540204e-03 3.995551e-03 1.560394e-03 1.693091e-03 4.205286e-03 4.173848e-03
1.362157e-03 2.127225e-03 1.397665e-03 3.151019e-03 2.889722e-03 3.364462e-03 4.086284e-03 1.589631e-03 1.799834e-03 2.565784e-03 6.148271e-03 1.842385e-03 3.809556e-03 5.770150e-03 6.202307e-03 5.427709e-03 4.111471e-03 9.932209e-03 6.064585e-03 2.439477e-03 2.513789e-03 7.588130e-03 7.597243e-03 2.492457e-03 5.735004e-03 7.443446e-03 5.020960e-03 2.191644e-03 6.196363e-03 1.943166e-03 3.523346e-03 5.422601e-03 8.252205e-03 1.977052e-03 4.705456e-03 5.869582e-03 2.551155e-03 2.471272e-03 2.092294e-03 2.412473e-03 2.249768e-03 3.169477e-03 1.955712e-03 6.270378e-03 2.261008e-03 2.349135e-03 7.668898e-03 5.426752e-03 8.098286e-03 2.418520e-03 2.550295e-03 8.876757e-03 3.450567e-03 5.200584e-03 2.051679e-03 3.767770e-03 4.552073e-03 2.084623e-03 1.994147e-03 5.181579e-03 5.978965e-03 2.697270e-03 2.348570e-03 1.040421e-02 4.277699e-03 2.297773e-03 7.184202e-03 2.612955e-03 2.484251e-03 1.574573e-02 7.088863e-03 3.758799e-03 3.006337e-03 2.096136e-03 2.079967e-03 5.224990e-03 2.366265e-03 5.358478e-03 2.526857e-03 2.396686e-03 1.882249e-03 2.079587e-03 6.810178e-03 5.646843e-03 5.808022e-03 5.209978e-03 4.669675e-03 4.240565e-03 1.987537e-03 2.381473e-03 2.112730e-03 2.042928e-03 2.141469e-03 4.338411e-03 3.232754e-03 4.737212e-03 3.711711e-03 2.071401e-03 3.545886e-03 2.737077e-03 2.566059e-03 5.326655e-03 2.074658e-03 5.949630e-03 2.126508e-03 2.379932e-03 6.430094e-03 6.226361e-03
1.421125e-03 2.187169e-03 1.503272e-03 3.383268e-03 3.014072e-03 3.712401e-03 4.920229e-03 1.562935e-03 2.019950e-03 2.642089e-03 7.598878e-03 1.874578e-03 4.347787e-03 6.770977e-03 7.288383e-03 6.403654e-03 4.561720e-03 1.200223e-02 7.302476e-03 2.390348e-03 2.779846e-03 9.113025e-03 9.053242e-03 2.503835e-03 6.390033e-03 8.503953e-03 5.354329e-03 2.552186e-03 7.307104e-03 1.917706e-03 3.736646e-03 5.392392e-03 9.544247e-03 2.311450e-03 5.287549e-03 7.012449e-03 2.825753e-03 2.518791e-03 2.586698e-03 2.455457e-03 2.850011e-03 3.334371e-03 2.202833e-03 7.490415e-03 2.325630e-03 2.309118e-03 8.186085e-03 6.132903e-03 8.997396e-03 2.470249e-03 2.721815e-03 1.009189e-02 3.583119e-03 6.045049e-03 2.189528e-03 4.267156e-03 4.794054e-03 2.351551e-03 2.424480e-03 5.700066e-03 6.927167e-03 2.932622e-03 2.771188e-03 1.244855e-02 4.414830e-03 2.637935e-03 8.383840e-03 3.237498e-03 2.819530e-03 1.934457e-02 8.060501e-03 4.013295e-03 3.316888e-03 2.233868e-03 2.067945e-03 5.841265e-03 2.286454e-03 6.384760e-03 2.832673e-03 2.339954e-03 2.083011e-03 2.021720e-03 8.157568e-03 6.005516e-03 6.961178e-03 5.752611e-03 5.106752e-03 4.670937e-03 2.495992e-03 2.566356e-03 2.219136e-03 1.992051e-03 2.202222e-03 4.820628e-03 3.493307e-03 5.183349e-03 3.822259e-03 2.071912e-03 3.916045e-03 3.007358e-03 2.728620e-03 6.348740e-03 2.341929e-03 6.862392e-03 2.424019e-03 2.443023e-03 7.840406e-03 7.291558e-03
2.448584e-03 3.578597e-03 2.768114e-03 5.951005e-03 5.452276e-03 6.165946e-03 9.256227e-03 2.856745e-03 3.080006e-03 4.637198e-03 1.460487e-02 3.323584e-03 7.217191e-03 1.259337e-02 1.260753e-02 1.157099e-02 7.037828e-03 2.169752e-02 1.378220e-02 4.556846e-03 4.202809e-03 1.683775e-02 1.715037e-02 4.069651e-03 1.141960e-02 1.572275e-02 8.477974e-03 3.942506e-03 1.354584e-02 3.757891e-03 6.140447e-03 7.989093e-03 1.751742e-02 3.502895e-03 8.373130e-03 1.319897e-02 4.466153e-03 4.574090e-03 3.657784e-03 4.811925e-03 3.967555e-03 5.547091e-03 3.786786e-03 1.438518e-02 4.583356e-03 4.553027e-03 1.290903e-02 1.109211e-02 1.528653e-02 4.335611e-03 4.303124e-03 1.767292e-02 5.289549e-03 1.085610e-02 3.378515e-03 6.845224e-03 8.581612e-03 3.645595e-03 4.012107e-03 1.024466e-02 1.295263e-02 4.963048e-03 4.423649e-03 2.458889e-02 7.794406e-03 3.858458e-03 1.571785e-02 4.262534e-03 3.788286e-03 4.205304e-02 1.427861e-02 5.798192e-03 5.618844e-03 3.510642e-03 3.781350e-03 1.021954e-02 4.213617e-03 1.188314e-02 4.519118e-03 4.807639e-03 3.733385e-03 3.425601e-03 1.555874e-02 9.950804e-03 1.286814e-02 9.931619e-03 8.580812e-03 7.613417e-03 3.776663e-03 4.313274e-03 4.917802e-03 3.019330e-03 3.597158e-03 8.107723e-03 5.902543e-03 8.838979e-03 6.765651e-03 3.367674e-03 6.015924e-03 5.369575e-03 4.787966e-03 1.159813e-02 3.760752e-03 1.292790e-02 3.980566e-03 4.009406e-03 1.476488e-02 1.332886e-02
5.099684e-03 5.561120e-03 4.464050e-03 8.832981e-03 7.713733e-03 9.613919e-03 1.474531e-02 4.157422e-03 4.716921e-03 6.918826e-03 2.301686e-02 5.994598e-03 1.218690e-02 1.965238e-02 2.178473e-02 1.986335e-02 1.154700e-02 3.630290e-02 2.239971e-02 5.790646e-03 6.347809e-03 2.994461e-02 2.848462e-02 7.806743e-03 1.914265e-02 2.573647e-02 1.299322e-02 6.538614e-03 2.303405e-02 4.914972e-03 9.986381e-03 1.171670e-02 2.850482e-02 5.451013e-03 1.351801e-02 2.267561e-02 8.061883e-03 6.026817e-03 6.223325e-03 8.499981e-03 5.340930e-03 9.753732e-03 7.972826e-03 2.257494e-02 5.942163e-03 5.875558e-03 1.948045e-02 1.740641e-02 2.350504e-02 5.835462e-03 7.380416e-03 2.878937e-02 9.996015e-03 1.922939e-02 5.805600e-03 1.135889e-02 1.237951e-02 5.136268e-03 7.497634e-03 1.578385e-02 2.226321e-02 7.148980e-03 5.679574e-03 3.829231e-02 1.064485e-02 6.649134e-03 2.658079e-02 7.042270e-03 7.602210e-03 5.553451e-02 2.286829e-02 1.138017e-02 8.097077e-03 5.586697e-03 5.032056e-03 1.695371e-02 6.115349e-03 1.983992e-02 6.607903e-03 5.091575e-03 6.962404e-03 4.306573e-03 2.592618e-02 1.458958e-02 2.184083e-02 1.616315e-02 1.348494e-02 1.197437e-02 5.967363e-03 8.014078e-03 5.350748e-03 7.206531e-03 5.720958e-03 1.304250e-02 8.858912e-03 1.369760e-02 1.118755e-02 6.005417e-03 8.835899e-03 8.290605e-03 9.045316e-03 1.967362e-02 5.355758e-03 2.005331e-02 6.190734e-03 5.252170e-03 2.619791e-02 2.154834e-02
4.790125e-03 6.938229e-03 5.654780e-03 1.104214e-02 1.021552e-02 1.152497e-02 2.061288e-02 5.009621e-03 5.240015e-03 7.692192e-03 3.026608e-02 6.699640e-03 1.466746e-02 2.471074e-02 2.582843e-02 2.394398e-02 1.399444e-02 4.444863e-02 2.826593e-02 8.779352e-03 7.483774e-03 3.608710e-02 3.487651e-02 7.269912e-03 2.240833e-02 2.885923e-02 1.665268e-02 6.302590e-03 2.866714e-02 6.423560e-03 1.178432e-02 1.692569e-02 3.303391e-02 7.806151e-03 1.459430e-02 2.737437e-02 7.742017e-03 7.274351e-03 6.800198e-03 9.789616e-03 8.433722e-03 1.042395e-02 8.284668e-03 3.010006e-02 6.678563e-03 9.804593e-03 2.385247e-02 2.153009e-02 2.848578e-02 8.673516e-03 7.676733e-03 3.543352e-02 1.078741e-02 2.196344e-02 8.491484e-03 1.328945e-02 1.632377e-02 7.493960e-03 4.678532e-03 1.853231e-02 2.752269e-02 7.090189e-03 6.703972e-03 4.810665e-02 1.418390e-02 9.058601e-03 3.487067e-02 7.863356e-03 6.464830e-03 1.179596e-01 2.995293e-02 1.058147e-02 8.587638e-03 9.098117e-03 5.410667e-03 1.957014e-02 7.123394e-03 2.522828e-02 1.031247e-02 6.457923e-03 8.952839e-03 7.866653e-03 3.370639e-02 1.622028e-02 2.924355e-02 1.945990e-02 1.810970e-02 1.429300e-02 7.745682e-03 6.724208e-03 6.925665e-03 6.811451e-03 5.353001e-03 1.619683e-02 9.960467e-03 1.735735e-02 1.409494e-02 6.039970e-03 1.189922e-02 9.516625e-03 8.844065e-03 2.555727e-02 1.152600e-02 2.446714e-02 9.494139e-03 1.001066e-02 2.982028e-02 2.572920e-02
6.551298e-03 1.050275e-02 4.931214e-03 1.655864e-02 1.433225e-02 1.935790e-02 3.135840e-02 5.093737e-03 1.259558e-02 1.366722e-02 4.505619e-02 1.206560e-02 2.442869e-02 3.860664e-02 4.198671e-02 3.640958e-02 2.321939e-02 6.751624e-02 5.149702e-02 1.570406e-02 3.132846e-02 6.326173e-02 4.963117e-02 1.180931e-02 3.145399e-02 4.303583e-02 2.328371e-02 9.087355e-03 4.816451e-02 9.100034e-03 1.849243e-02 2.279801e-02 5.009173e-02 6.952462e-03 2.282362e-02 4.363489e-02 1.951425e-02 1.392806e-02 1.111597e-02 1.350025e-02 8.713132e-03 1.370064e-02 1.070884e-02 5.371049e-02 1.503408e-02 1.024088e-02 3.445809e-02 3.480223e-02 4.829005e-02 8.120844e-03 1.337887e-02 5.634743e-02 1.987408e-02 3.633579e-02 8.445931e-03 1.890647e-02 2.770218e-02 1.159016e-02 1.359304e-02 3.118690e-02 4.662104e-02 1.210912e-02 1.394714e-02 7.215087e-02 2.170118e-02 1.197313e-02 5.565186e-02 2.839592e-02 1.168080e-02 9.609380e-02 4.229358e-02 1.752312e-02 1.439749e-02 1.017641e-02 1.127425e-02 3.019671e-02 9.209858e-03 4.288142e-02 1.159445e-02 1.192384e-02 1.070044e-02 7.603939e-03 5.644924e-02 2.294617e-02 4.459674e-02 2.875919e-02 2.781331e-02 1.906111e-02 1.292546e-02 1.220930e-02 8.932511e-03 8.255931e-03 2.268800e-02 2.579900e-02 1.566906e-02 2.432198e-02 1.796871e-02 9.993120e-03 1.692920e-02 1.974072e-02 1.772909e-02 4.174959e-02 1.071893e-02 4.043504e-02 1.383506e-02 1.212422e-02 5.492091e-02 3.989952e-02
1.201853e-02 2.419896e-02 3.549584e-02 3.442616e-02 3.580751e-02 5.546984e-02 8.349961e-02 1.342537e-02 2.235256e-02 4.154974e-02 1.450941e-01 3.236504e-02 3.544422e-02 9.307830e-02 1.404522e-01 1.331242e-01 6.295362e-02 1.432662e-01 1.901969e-01 2.923355e-02 3.746025e-02 1.004336e-01 1.608947e-01 2.824988e-02 8.538162e-02 1.200851e-01 8.513197e-02 1.001105e-01 1.351461e-01 1.589036e-02 7.185053e-02 6.391637e-02 8.937841e-02 6.233934e-02 6.014513e-02 1.322415e-01 4.926270e-02 2.381694e-02 1.917515e-02 2.187558e-02 2.661069e-02 8.543718e-02 7.028681e-02 1.607942e-01 2.009730e-02 2.513722e-02 8.140011e-02 6.819000e-02 1.185123e-01 3.757789e-02 3.769545e-02 1.152939e-01 5.472981e-02 1.290813e-01 6.209098e-02 6.699712e-02 5.653101e-02 3.279153e-02 2.237960e-02 1.033131e-01 1.490192e-01 2.456748e-02 3.604941e-02 2.950744e-01 4.221989e-02 1.639482e-02 1.628617e-01 3.774491e-02 2.647380e-02 2.729063e-01 1.831037e-01 4.627492e-02 5.035514e-02 1.900320e-02 1.678133e-02 1.232263e-01 1.809250e-02 1.390990e-01 5.605346e-02 3.536865e-02 1.150046e-02 5.258357e-02 1.603018e-01 9.175650e-02 1.166204e-01 8.404371e-02 6.014261e-02 4.731498e-02 3.140224e-02 3.608728e-02 1.470400e-02 3.645804e-02 1.828455e-02 6.707895e-02 5.234497e-02 7.903818e-02 5.791145e-02 2.559012e-02 5.174128e-02 3.368931e-02 2.167531e-02 1.130739e-01 3.899431e-02 1.037978e-01 1.609287e-02 2.988768e-02 1.148582e-01 2.105972e-01
