# Version 0.0
# Data /lustre/isaac24/proj/UTK0244/cbaillar/Bayes_HEP/Detroit_tune_Project/input/Data/Data__200__pp__PHENIX_2025_I2820229__d07-x01-y02.dat
# Observable: $\frac{1}{N_{jet}}(j_T/p_T^{jet})\frac{dN}{d(j_T/p_T^{jet})}$
# Subobservable: $j_T/p_T^{jet}$
# Design Design_Rivet.dat
# design_point1 design_point2 design_point3 design_point4 design_point5 design_point6 design_point7 design_point8 design_point9 design_point10 design_point11 design_point12 design_point13 design_point14 design_point15 design_point16 design_point17 design_point18 design_point19 design_point20 design_point21 design_point22 design_point23 design_point24 design_point25 design_point26 design_point27 design_point28 design_point29 design_point30 design_point31 design_point32 design_point33 design_point34 design_point35 design_point36 design_point37 design_point38 design_point39 design_point40 design_point41 design_point42 design_point43 design_point44 design_point45 design_point46 design_point47 design_point48 design_point49 design_point50 design_point51 design_point52 design_point53 design_point54 design_point55 design_point56 design_point57 design_point58 design_point59 design_point60 design_point61 design_point62 design_point63 design_point64 design_point65 design_point66 design_point67 design_point68 design_point69 design_point70 design_point71 design_point72 design_point73 design_point74 design_point75 design_point76 design_point77 design_point78 design_point79 design_point80 design_point81 design_point82 design_point83 design_point84 design_point85 design_point86 design_point87 design_point88 design_point89 design_point90 design_point91 design_point92 design_point93 design_point94 design_point95 design_point96 design_point97 design_point98 design_point99 design_point100 design_point101 design_point102 design_point103 design_point104 design_point105 design_point106 design_point107 design_point108
3.282441e+05 2.281404e+03 1.300456e+03 1.120454e+04 1.065444e+03 8.632849e+02 4.830027e+03 2.620610e+04 9.940545e+03 1.887688e+03 5.856859e+03 4.486131e+02 1.063832e+03 3.164893e+03 2.082101e+03 4.499253e+03 4.119782e+02 1.939600e+04 5.186703e+03 2.427353e+03 1.353563e+03 1.150418e+04 1.413385e+04 2.571728e+05 7.671759e+03 1.815187e+03 9.427262e+05 6.567821e+03 5.332427e+03 3.684354e+03 2.963438e+03 1.752517e+04 1.126160e+03 1.066022e+03 3.543239e+03 1.861625e+03 2.666978e+04 4.203009e+03 3.557430e+02 9.861399e+02 8.007646e+02 1.900123e+03 3.583645e+04 2.764506e+03 4.545700e+03 1.144288e+03 3.215287e+03 1.982258e+04 2.370653e+03 6.006100e+03 3.734280e+04 9.799347e+03 1.914056e+03 2.242961e+03 1.568671e+04 8.046401e+03 1.536477e+05 6.066075e+02 4.247756e+03 8.993647e+03 5.659213e+03 3.634875e+04 1.919038e+04 1.789614e+04 3.352167e+04 4.968209e+03 1.650660e+04 9.609370e+02 3.670785e+03 9.606204e+03 7.417154e+02 4.399227e+03 2.695541e+03 6.619341e+04 3.443756e+04 6.045199e+03 5.087270e+04 7.785369e+02 8.990578e+04 5.591375e+04 4.940152e+04 8.399454e+02 3.586241e+03 1.178635e+03 1.956398e+04 2.092555e+04 5.181817e+03 1.930618e+03 1.142762e+03 1.458057e+03 5.656956e+03 7.934608e+02 1.267571e+03 1.262423e+03 1.448981e+03 1.607924e+04 1.477655e+04 1.267631e+03 1.750303e+04 1.682247e+03 1.228286e+04 1.960008e+03 2.597804e+03 1.212342e+03 9.873437e+02 8.023464e+04 4.078381e+03 1.013073e+03
7.508857e+00 7.506647e+00 7.513263e+00 7.532702e+00 7.502860e+00 7.533352e+00 7.526396e+00 7.495377e+00 7.492808e+00 7.518611e+00 7.556143e+00 7.518815e+00 7.634106e+00 7.529998e+00 7.539512e+00 7.543251e+00 7.506682e+00 7.519164e+00 7.690888e+00 1.062818e+01 1.060082e+01 1.074127e+01 2.363390e+02 1.060935e+01 1.064661e+01 1.072826e+01 1.065715e+01 7.547770e+00 7.553508e+00 7.508473e+00 7.523469e+00 7.518157e+00 7.491154e+00 7.566835e+00 7.508691e+00 8.890360e+00 7.700845e+00 7.483865e+00 7.598203e+00 7.504760e+00 7.504039e+00 7.521329e+00 7.504135e+00 7.543486e+00 7.486220e+00 7.496845e+00 1.061582e+01 1.066602e+01 1.064230e+01 1.059055e+01 1.062763e+01 1.086244e+01 1.085922e+01 1.069301e+01 7.511846e+00 1.067347e+01 1.068763e+01 1.060880e+01 1.058510e+01 1.082827e+01 1.069844e+01 1.059382e+01 1.077054e+01 3.756158e+02 1.060159e+01 1.062670e+01 1.068075e+01 1.054541e+01 1.062563e+01 3.014819e+02 1.075425e+01 1.061774e+01 7.510044e+00 1.068916e+01 1.059269e+01 1.064102e+01 1.059802e+01 1.065278e+01 1.072417e+01 1.064042e+01 1.061073e+01 5.308464e+00 3.877544e+01 1.061146e+01 1.068790e+01 1.068218e+01 1.063719e+01 1.062621e+01 1.061183e+01 1.078804e+01 6.123475e+00 7.779756e+00 7.493085e+00 7.524165e+00 1.089413e+01 1.063077e+01 1.062058e+01 1.057177e+01 1.073281e+01 7.521805e+00 1.058715e+01 1.067899e+01 1.069099e+01 1.065779e+01 1.074164e+01 1.061261e+01 8.371375e+01 1.084792e+01
1.927130e+00 1.931431e+00 1.927433e+00 1.939003e+00 1.925750e+00 1.941486e+00 1.940433e+00 1.927954e+00 1.925117e+00 1.936548e+00 1.947996e+00 1.930485e+00 1.967546e+00 1.939467e+00 1.945412e+00 1.943333e+00 1.929810e+00 1.934151e+00 1.979127e+00 2.734178e+00 2.725286e+00 2.765933e+00 6.078163e+01 2.728007e+00 2.747097e+00 2.758770e+00 2.754056e+00 1.937156e+00 1.950454e+00 1.929826e+00 1.940827e+00 1.935330e+00 1.921205e+00 1.941772e+00 1.933650e+00 2.294389e+00 1.972641e+00 1.923299e+00 1.949908e+00 1.931073e+00 1.929393e+00 1.935453e+00 1.930073e+00 1.949471e+00 1.927142e+00 1.931131e+00 2.731160e+00 2.754461e+00 2.743224e+00 2.722490e+00 2.730712e+00 2.796397e+00 2.781117e+00 2.760780e+00 1.926825e+00 2.748729e+00 2.756676e+00 2.724488e+00 2.721433e+00 2.786097e+00 2.764211e+00 2.720344e+00 2.754247e+00 1.075422e+02 2.723855e+00 2.729545e+00 2.757688e+00 2.707768e+00 2.728000e+00 8.149164e+01 2.777542e+00 2.732584e+00 1.932602e+00 2.740708e+00 2.716938e+00 2.743909e+00 2.725440e+00 2.745725e+00 2.756830e+00 2.733587e+00 2.725973e+00 1.363712e+00 1.003951e+01 2.730036e+00 2.755589e+00 2.757725e+00 2.736372e+00 2.728530e+00 2.729871e+00 2.773529e+00 1.572818e+00 1.995032e+00 1.926006e+00 1.933651e+00 2.792892e+00 2.737739e+00 2.733475e+00 2.718366e+00 2.751801e+00 1.935555e+00 2.722399e+00 2.755519e+00 2.746721e+00 2.743037e+00 2.759012e+00 2.723392e+00 2.155424e+01 2.795692e+00
5.214256e-01 5.237068e-01 5.204111e-01 5.220913e-01 5.199384e-01 5.215249e-01 5.212824e-01 5.221187e-01 5.196184e-01 5.211831e-01 5.265523e-01 5.213064e-01 5.304889e-01 5.205129e-01 5.240542e-01 5.227000e-01 5.193889e-01 5.217055e-01 5.320758e-01 7.389156e-01 7.375450e-01 7.445956e-01 1.876321e+01 7.365892e-01 7.376742e-01 7.441053e-01 7.431110e-01 5.229763e-01 5.262671e-01 5.222705e-01 5.217560e-01 5.220483e-01 5.175394e-01 5.234060e-01 5.200594e-01 6.228312e-01 5.307665e-01 5.201357e-01 5.259565e-01 5.208035e-01 5.199008e-01 5.214879e-01 5.220523e-01 5.225484e-01 5.202678e-01 5.209435e-01 7.401438e-01 7.431525e-01 7.416652e-01 7.348759e-01 7.398280e-01 7.510922e-01 7.473899e-01 7.429741e-01 5.223767e-01 7.384619e-01 7.410693e-01 7.390342e-01 7.327660e-01 7.498924e-01 7.432479e-01 7.372093e-01 7.427742e-01 2.717071e+01 7.355370e-01 7.359771e-01 7.429333e-01 7.326852e-01 7.384770e-01 2.217797e+01 7.430412e-01 7.363155e-01 5.229158e-01 7.401466e-01 7.398156e-01 7.411410e-01 7.382315e-01 7.393066e-01 7.416081e-01 7.396003e-01 7.377625e-01 3.695790e-01 2.706529e+00 7.389699e-01 7.377757e-01 7.437840e-01 7.362150e-01 7.335251e-01 7.387830e-01 7.461242e-01 4.252650e-01 5.361286e-01 5.215215e-01 5.216699e-01 7.495654e-01 7.379871e-01 7.370025e-01 7.360101e-01 7.428766e-01 5.221590e-01 7.367239e-01 7.422353e-01 7.412657e-01 7.378574e-01 7.465421e-01 7.372550e-01 6.043278e+00 7.512300e-01
1.399472e-01 1.419268e-01 1.439264e-01 1.391501e-01 1.416800e-01 1.418838e-01 1.400744e-01 1.418902e-01 1.413416e-01 1.407651e-01 1.398030e-01 1.426725e-01 1.421941e-01 1.398384e-01 1.407096e-01 1.401534e-01 1.404743e-01 1.402627e-01 1.423016e-01 2.000077e-01 2.012936e-01 1.995397e-01 4.245049e+00 2.027462e-01 1.987141e-01 1.990244e-01 1.969193e-01 1.413945e-01 1.401354e-01 1.423369e-01 1.401997e-01 1.407897e-01 1.396292e-01 1.433809e-01 1.420681e-01 1.672859e-01 1.451270e-01 1.438177e-01 1.414788e-01 1.433419e-01 1.416174e-01 1.408433e-01 1.431778e-01 1.394289e-01 1.406422e-01 1.409472e-01 1.995963e-01 1.980057e-01 1.978680e-01 2.004697e-01 2.018063e-01 2.001705e-01 2.029903e-01 1.968587e-01 1.414857e-01 1.978393e-01 2.003420e-01 2.012675e-01 2.002037e-01 1.998489e-01 1.968751e-01 1.983832e-01 2.009926e-01 8.055582e+00 2.009005e-01 2.009762e-01 1.994861e-01 2.009951e-01 2.018349e-01 6.136898e+00 2.013388e-01 2.012341e-01 1.434143e-01 2.012594e-01 2.023503e-01 1.976764e-01 1.998861e-01 1.973794e-01 2.043864e-01 2.015635e-01 2.013670e-01 1.012908e-01 7.131531e-01 2.003207e-01 1.975130e-01 1.990223e-01 1.987428e-01 1.983106e-01 2.016984e-01 2.031610e-01 1.166935e-01 1.442563e-01 1.409471e-01 1.411656e-01 2.032112e-01 2.009336e-01 1.992002e-01 2.017128e-01 2.024752e-01 1.424976e-01 2.021963e-01 1.982271e-01 2.014465e-01 1.958803e-01 2.033894e-01 2.013168e-01 1.662186e+00 1.999217e-01
3.373990e-02 3.487902e-02 3.530238e-02 3.391522e-02 3.521892e-02 3.419648e-02 3.247191e-02 3.461538e-02 3.588674e-02 3.462715e-02 3.373505e-02 3.538102e-02 3.505677e-02 3.319097e-02 3.276627e-02 3.326541e-02 3.582911e-02 3.401918e-02 3.501265e-02 4.969637e-02 4.778505e-02 4.720344e-02 1.301642e+00 5.000215e-02 4.793381e-02 4.744985e-02 4.843915e-02 3.476225e-02 3.441685e-02 3.585536e-02 3.421653e-02 3.599677e-02 3.254674e-02 3.638524e-02 3.502567e-02 3.947221e-02 3.404243e-02 3.581493e-02 3.465321e-02 3.520760e-02 3.461797e-02 3.457000e-02 3.502692e-02 3.382533e-02 3.590456e-02 3.512024e-02 4.800460e-02 4.764408e-02 4.924603e-02 5.061602e-02 5.118172e-02 4.868167e-02 4.933306e-02 4.668489e-02 3.400670e-02 4.786397e-02 4.767088e-02 4.937864e-02 4.903917e-02 4.716384e-02 4.807816e-02 4.985803e-02 4.969964e-02 3.646490e+00 4.994584e-02 4.859956e-02 4.683004e-02 4.898004e-02 5.055239e-02 3.010251e+00 4.678849e-02 5.002431e-02 3.549699e-02 4.937793e-02 4.965100e-02 4.662823e-02 5.008478e-02 4.735449e-02 4.907235e-02 4.995369e-02 4.972898e-02 2.425291e-02 1.664204e-01 4.859689e-02 4.748023e-02 4.892196e-02 4.822710e-02 5.040021e-02 5.132291e-02 5.125636e-02 2.822132e-02 3.597665e-02 3.528751e-02 3.480435e-02 4.810203e-02 4.654327e-02 4.853359e-02 4.921609e-02 5.156223e-02 3.339227e-02 4.852191e-02 4.657663e-02 4.954093e-02 4.824895e-02 4.912281e-02 4.969928e-02 4.043131e-01 4.734170e-02
