# Version 0.0
# Data /lustre/isaac24/proj/UTK0244/cbaillar/Bayes_HEP/Detroit_tune_Project/input/Data/Data__200__pp__STAR_2020_I1783875__d19-x01-y01.dat
# Observable: $1/N_{jets}$
# Subobservable: $z_{g}$
# Design Design_Rivet.dat
# design_point1 design_point2 design_point3 design_point4 design_point5 design_point6 design_point7 design_point8 design_point9 design_point10 design_point11 design_point12 design_point13 design_point14 design_point15 design_point16 design_point17 design_point18 design_point19 design_point20 design_point21 design_point22 design_point23 design_point24 design_point25 design_point26 design_point27 design_point28 design_point29 design_point30 design_point31 design_point32 design_point33 design_point34 design_point35 design_point36 design_point37 design_point38 design_point39 design_point40 design_point41 design_point42 design_point43 design_point44 design_point45 design_point46 design_point47 design_point48 design_point49 design_point50 design_point51 design_point52 design_point53 design_point54 design_point55 design_point56 design_point57 design_point58 design_point59 design_point60 design_point61 design_point62 design_point63 design_point64 design_point65 design_point66 design_point67 design_point68 design_point69 design_point70 design_point71 design_point72 design_point73 design_point74 design_point75 design_point76 design_point77 design_point78 design_point79 design_point80 design_point81 design_point82 design_point83 design_point84 design_point85 design_point86 design_point87 design_point88 design_point89 design_point90 design_point91 design_point92 design_point93 design_point94 design_point95 design_point96 design_point97 design_point98 design_point99 design_point100 design_point101 design_point102 design_point103 design_point104 design_point105 design_point106 design_point107 design_point108
5.672968e-03 5.671839e-03 5.669886e-03 5.690568e-03 5.672720e-03 5.687903e-03 5.708801e-03 5.660653e-03 5.664255e-03 5.680231e-03 5.713918e-03 5.714971e-03 5.908869e-03 5.691283e-03 5.683457e-03 5.696233e-03 5.666829e-03 5.702441e-03 5.938440e-03 8.018014e-03 8.007362e-03 8.130099e-03 1.829213e-01 8.013208e-03 8.050928e-03 8.258245e-03 8.029589e-03 5.795439e-03 5.698861e-03 5.713288e-03 5.689190e-03 5.680585e-03 5.699761e-03 5.829279e-03 5.670793e-03 6.097153e-03 6.174495e-03 5.658360e-03 5.901725e-03 5.674004e-03 5.669046e-03 5.687438e-03 5.670773e-03 5.702337e-03 5.656962e-03 5.670692e-03 8.025808e-03 8.039271e-03 8.026352e-03 8.016590e-03 8.024808e-03 8.466427e-03 8.669505e-03 8.059310e-03 5.713310e-03 8.051194e-03 8.074351e-03 8.006396e-03 8.003392e-03 8.409581e-03 8.105534e-03 8.008826e-03 8.436013e-03 3.256997e-01 8.010708e-03 8.035042e-03 8.061887e-03 7.970768e-03 8.011199e-03 2.430733e-01 8.157488e-03 8.026410e-03 5.668045e-03 8.251713e-03 8.000459e-03 8.040320e-03 8.006813e-03 8.066387e-03 8.307764e-03 8.097937e-03 7.998884e-03 4.006925e-03 2.658354e-02 8.019216e-03 8.070831e-03 8.044450e-03 8.037250e-03 8.025627e-03 8.016665e-03 8.492555e-03 4.622807e-03 6.422594e-03 5.665663e-03 5.688205e-03 8.644017e-03 8.040663e-03 8.031821e-03 8.003563e-03 8.249420e-03 5.684307e-03 8.004097e-03 8.044043e-03 8.209640e-03 8.071908e-03 8.379080e-03 8.013189e-03 6.169692e-02 8.360722e-03
4.321622e-03 4.321347e-03 4.332107e-03 4.293984e-03 4.318431e-03 4.297113e-03 4.269945e-03 4.324333e-03 4.325512e-03 4.312443e-03 4.281254e-03 4.356691e-03 4.447193e-03 4.259896e-03 4.271686e-03 4.259753e-03 4.318157e-03 4.294728e-03 4.439403e-03 6.117420e-03 6.115511e-03 6.094457e-03 1.324172e-01 6.122777e-03 6.058487e-03 6.190274e-03 6.052533e-03 4.420965e-03 4.268515e-03 4.363241e-03 4.290833e-03 4.300365e-03 4.265332e-03 4.445539e-03 4.315992e-03 4.566332e-03 4.686783e-03 4.326672e-03 4.507940e-03 4.323372e-03 4.323049e-03 4.306169e-03 4.325193e-03 4.267890e-03 4.316413e-03 4.317246e-03 6.055302e-03 6.027911e-03 6.060558e-03 6.112604e-03 6.115885e-03 6.364481e-03 6.580590e-03 6.035875e-03 4.356170e-03 6.048282e-03 6.062278e-03 6.110237e-03 6.113111e-03 6.331568e-03 6.073398e-03 6.111077e-03 6.449371e-03 2.453477e-01 6.110395e-03 6.128632e-03 6.042485e-03 6.087902e-03 6.119005e-03 1.913981e-01 6.104566e-03 6.105847e-03 4.326231e-03 6.300666e-03 6.118722e-03 6.051918e-03 6.109995e-03 6.043840e-03 6.335135e-03 6.176344e-03 6.115014e-03 3.058603e-03 1.987437e-02 6.100039e-03 6.047288e-03 6.036296e-03 6.089809e-03 6.097656e-03 6.111358e-03 6.475991e-03 3.532185e-03 4.884582e-03 4.324147e-03 4.311149e-03 6.536078e-03 6.078554e-03 6.088277e-03 6.108227e-03 6.299165e-03 4.320594e-03 6.114099e-03 6.026118e-03 6.268166e-03 6.038623e-03 6.403242e-03 6.114217e-03 4.705431e-02 6.263303e-03
3.526863e-03 3.517825e-03 3.551097e-03 3.473388e-03 3.527985e-03 3.464099e-03 3.420557e-03 3.540211e-03 3.532124e-03 3.504370e-03 3.425262e-03 3.563542e-03 3.572950e-03 3.408634e-03 3.421789e-03 3.403302e-03 3.521686e-03 3.463743e-03 3.547610e-03 5.002909e-03 4.986501e-03 4.880889e-03 1.097817e-01 5.003868e-03 4.874848e-03 4.963856e-03 4.874507e-03 3.620460e-03 3.414910e-03 3.572311e-03 3.460305e-03 3.483837e-03 3.429431e-03 3.630599e-03 3.523953e-03 3.660265e-03 3.814314e-03 3.539610e-03 3.684603e-03 3.534268e-03 3.521962e-03 3.492973e-03 3.533553e-03 3.409728e-03 3.530537e-03 3.533384e-03 4.892353e-03 4.816505e-03 4.885077e-03 4.992337e-03 4.999679e-03 5.126127e-03 5.363486e-03 4.814710e-03 3.558552e-03 4.850416e-03 4.863917e-03 4.999543e-03 5.002672e-03 5.101764e-03 4.850184e-03 5.000214e-03 5.260672e-03 1.827334e-01 4.986397e-03 5.007971e-03 4.827592e-03 4.982914e-03 5.007865e-03 1.463148e-01 4.870229e-03 4.973356e-03 3.526931e-03 5.166394e-03 4.998418e-03 4.858341e-03 5.010091e-03 4.846818e-03 5.180465e-03 5.046328e-03 5.006011e-03 2.502898e-03 1.599402e-02 4.965670e-03 4.845306e-03 4.837609e-03 4.931019e-03 4.967333e-03 4.990591e-03 5.276953e-03 2.893231e-03 3.980711e-03 3.532742e-03 3.506869e-03 5.289471e-03 4.932128e-03 4.942386e-03 4.987804e-03 5.152908e-03 3.508179e-03 5.004530e-03 4.819204e-03 5.121350e-03 4.834547e-03 5.246448e-03 5.003527e-03 3.748165e-02 5.006436e-03
3.042382e-03 3.036780e-03 3.057288e-03 2.967637e-03 3.039394e-03 2.957167e-03 2.899757e-03 3.056708e-03 3.053385e-03 3.002101e-03 2.904544e-03 3.068525e-03 3.043137e-03 2.886844e-03 2.905189e-03 2.884109e-03 3.025225e-03 2.950049e-03 3.002836e-03 4.307091e-03 4.298631e-03 4.141287e-03 9.387475e-02 4.325784e-03 4.158824e-03 4.213152e-03 4.146101e-03 3.118400e-03 2.891857e-03 3.078774e-03 2.951270e-03 2.980055e-03 2.919484e-03 3.127679e-03 3.033099e-03 3.112438e-03 3.269082e-03 3.055237e-03 3.179958e-03 3.048554e-03 3.036041e-03 2.989841e-03 3.049483e-03 2.885730e-03 3.038542e-03 3.036896e-03 4.184268e-03 4.087499e-03 4.168312e-03 4.294117e-03 4.302633e-03 4.365744e-03 4.617911e-03 4.066707e-03 3.064137e-03 4.120720e-03 4.126218e-03 4.310847e-03 4.320404e-03 4.348681e-03 4.102421e-03 4.301055e-03 4.545230e-03 1.751160e-01 4.294367e-03 4.310975e-03 4.101760e-03 4.300400e-03 4.319541e-03 1.269409e-01 4.115760e-03 4.281912e-03 3.041208e-03 4.456103e-03 4.309145e-03 4.137913e-03 4.318601e-03 4.103230e-03 4.458865e-03 4.359213e-03 4.313346e-03 2.160657e-03 1.359062e-02 4.269880e-03 4.094628e-03 4.099542e-03 4.225220e-03 4.264943e-03 4.301323e-03 4.547360e-03 2.494615e-03 3.429092e-03 3.049624e-03 3.006560e-03 4.523320e-03 4.218182e-03 4.239928e-03 4.305350e-03 4.441512e-03 3.015652e-03 4.318810e-03 4.079698e-03 4.413959e-03 4.109481e-03 4.521987e-03 4.314210e-03 3.220200e-02 4.230477e-03
2.733463e-03 2.727208e-03 2.751484e-03 2.650492e-03 2.725779e-03 2.642553e-03 2.576723e-03 2.747584e-03 2.740186e-03 2.694378e-03 2.581627e-03 2.756158e-03 2.709992e-03 2.563447e-03 2.575096e-03 2.556471e-03 2.713740e-03 2.630927e-03 2.665730e-03 3.864505e-03 3.864866e-03 3.684486e-03 8.105371e-02 3.876768e-03 3.699448e-03 3.744386e-03 3.684731e-03 2.803752e-03 2.564500e-03 2.770248e-03 2.635313e-03 2.662773e-03 2.601928e-03 2.809659e-03 2.726256e-03 2.764437e-03 2.933399e-03 2.746587e-03 2.859841e-03 2.735387e-03 2.723917e-03 2.674855e-03 2.730381e-03 2.559612e-03 2.727302e-03 2.728568e-03 3.734020e-03 3.614423e-03 3.706328e-03 3.860650e-03 3.870708e-03 3.876062e-03 4.142178e-03 3.601958e-03 2.752081e-03 3.666588e-03 3.673691e-03 3.875275e-03 3.881336e-03 3.873414e-03 3.637668e-03 3.871408e-03 4.083489e-03 1.421850e-01 3.863916e-03 3.870677e-03 3.623494e-03 3.864852e-03 3.878977e-03 1.058602e-01 3.644780e-03 3.838939e-03 2.732067e-03 4.011582e-03 3.879389e-03 3.687275e-03 3.889988e-03 3.641473e-03 4.009353e-03 3.905687e-03 3.879932e-03 1.942168e-03 1.212649e-02 3.827825e-03 3.636059e-03 3.639208e-03 3.778567e-03 3.826547e-03 3.872073e-03 4.090679e-03 2.243402e-03 3.080502e-03 2.734649e-03 2.693711e-03 4.050517e-03 3.774696e-03 3.787849e-03 3.862612e-03 3.995152e-03 2.702941e-03 3.885470e-03 3.614801e-03 3.958549e-03 3.650392e-03 4.069332e-03 3.865153e-03 2.866130e-02 3.760971e-03
2.532483e-03 2.516361e-03 2.553384e-03 2.453751e-03 2.533643e-03 2.443092e-03 2.376913e-03 2.550900e-03 2.544372e-03 2.498159e-03 2.375572e-03 2.559893e-03 2.501588e-03 2.358693e-03 2.378283e-03 2.353956e-03 2.521329e-03 2.434013e-03 2.453327e-03 3.591132e-03 3.587939e-03 3.393944e-03 7.828122e-02 3.603727e-03 3.425309e-03 3.453873e-03 3.406032e-03 2.599650e-03 2.361830e-03 2.571217e-03 2.430062e-03 2.461084e-03 2.404469e-03 2.611142e-03 2.530728e-03 2.547580e-03 2.719971e-03 2.549561e-03 2.653295e-03 2.542755e-03 2.527724e-03 2.474177e-03 2.538078e-03 2.354445e-03 2.537577e-03 2.531700e-03 3.459176e-03 3.335605e-03 3.428431e-03 3.583991e-03 3.587160e-03 3.580127e-03 3.837299e-03 3.319241e-03 2.553640e-03 3.377800e-03 3.391694e-03 3.597645e-03 3.600878e-03 3.571746e-03 3.347118e-03 3.595461e-03 3.788173e-03 1.322527e-01 3.586218e-03 3.588964e-03 3.342453e-03 3.588829e-03 3.603227e-03 1.089188e-01 3.353916e-03 3.559946e-03 2.533887e-03 3.724534e-03 3.609531e-03 3.400288e-03 3.607137e-03 3.355916e-03 3.725883e-03 3.633907e-03 3.606960e-03 1.802626e-03 1.113650e-02 3.553861e-03 3.354174e-03 3.356362e-03 3.504954e-03 3.546299e-03 3.594664e-03 3.790562e-03 2.080525e-03 2.850504e-03 2.541282e-03 2.496274e-03 3.737574e-03 3.492057e-03 3.515767e-03 3.587990e-03 3.708420e-03 2.509658e-03 3.607223e-03 3.333576e-03 3.675644e-03 3.366105e-03 3.770296e-03 3.602896e-03 2.645552e-02 3.463501e-03
2.414965e-03 2.404761e-03 2.441433e-03 2.331456e-03 2.409442e-03 2.322369e-03 2.255440e-03 2.433150e-03 2.427403e-03 2.377238e-03 2.257307e-03 2.440687e-03 2.377400e-03 2.241970e-03 2.258249e-03 2.236457e-03 2.408172e-03 2.315459e-03 2.328412e-03 3.424049e-03 3.418385e-03 3.219099e-03 7.147386e-02 3.442763e-03 3.253999e-03 3.285989e-03 3.237290e-03 2.492075e-03 2.246891e-03 2.451483e-03 2.314418e-03 2.344694e-03 2.287806e-03 2.491315e-03 2.414372e-03 2.421873e-03 2.592262e-03 2.433382e-03 2.543339e-03 2.425871e-03 2.412515e-03 2.357491e-03 2.423338e-03 2.233415e-03 2.422112e-03 2.417414e-03 3.289407e-03 3.159523e-03 3.260819e-03 3.420912e-03 3.426581e-03 3.395927e-03 3.662853e-03 3.140004e-03 2.437196e-03 3.217466e-03 3.210138e-03 3.428772e-03 3.438575e-03 3.401739e-03 3.175392e-03 3.426729e-03 3.617349e-03 1.313911e-01 3.421034e-03 3.425710e-03 3.170556e-03 3.424330e-03 3.441598e-03 9.926672e-02 3.176454e-03 3.397671e-03 2.415290e-03 3.554135e-03 3.441233e-03 3.231574e-03 3.444347e-03 3.186563e-03 3.553169e-03 3.463565e-03 3.437236e-03 1.721430e-03 1.057490e-02 3.388188e-03 3.181463e-03 3.185216e-03 3.328951e-03 3.382489e-03 3.421528e-03 3.618396e-03 1.989091e-03 2.723723e-03 2.425263e-03 2.380812e-03 3.564644e-03 3.328264e-03 3.340077e-03 3.430736e-03 3.533661e-03 2.391236e-03 3.439940e-03 3.159278e-03 3.509505e-03 3.196051e-03 3.601384e-03 3.427208e-03 2.522234e-02 3.281794e-03
2.361732e-03 2.347341e-03 2.383975e-03 2.275460e-03 2.358306e-03 2.266314e-03 2.199054e-03 2.374631e-03 2.370864e-03 2.320340e-03 2.199140e-03 2.385824e-03 2.319600e-03 2.184766e-03 2.197472e-03 2.176643e-03 2.344038e-03 2.257363e-03 2.270497e-03 3.341929e-03 3.342502e-03 3.138843e-03 7.083711e-02 3.363517e-03 3.169671e-03 3.195580e-03 3.150592e-03 2.428605e-03 2.185410e-03 2.397488e-03 2.256871e-03 2.289581e-03 2.232301e-03 2.432181e-03 2.359089e-03 2.359301e-03 2.529591e-03 2.382629e-03 2.479625e-03 2.375491e-03 2.351510e-03 2.307694e-03 2.366957e-03 2.177694e-03 2.360264e-03 2.357194e-03 3.209378e-03 3.084273e-03 3.186178e-03 3.331879e-03 3.349611e-03 3.313440e-03 3.569404e-03 3.064024e-03 2.381254e-03 3.129748e-03 3.126880e-03 3.355138e-03 3.356818e-03 3.317145e-03 3.094533e-03 3.348780e-03 3.536429e-03 1.177129e-01 3.351205e-03 3.348551e-03 3.091843e-03 3.348603e-03 3.358668e-03 9.114919e-02 3.092114e-03 3.316979e-03 2.360054e-03 3.460405e-03 3.362216e-03 3.153401e-03 3.362030e-03 3.099488e-03 3.471398e-03 3.384920e-03 3.358118e-03 1.682484e-03 1.028210e-02 3.305764e-03 3.098880e-03 3.105242e-03 3.255039e-03 3.304225e-03 3.334540e-03 3.531557e-03 1.943518e-03 2.655551e-03 2.371261e-03 2.315254e-03 3.476011e-03 3.247307e-03 3.263468e-03 3.344274e-03 3.452316e-03 2.337412e-03 3.364985e-03 3.080538e-03 3.432274e-03 3.116652e-03 3.515694e-03 3.356759e-03 2.441879e-02 3.203766e-03
