# Version 0.0
# Data /lustre/isaac24/proj/UTK0244/cbaillar/Bayes_HEP/Detroit_tune_Project/input/Data/Data__200__pp__STAR_2003_I631869__d01-x01-y01.dat
# Observable: $E\frac{d^3\sigma}{dp^3}$ ($\mu b c^3/GeV^2$)
# Subobservable: Leading $E_\pi$ (GeV)
# Design Design_Rivet.dat
# design_point1 design_point2 design_point3 design_point4 design_point5 design_point6 design_point7 design_point8 design_point9 design_point10 design_point11 design_point12 design_point13 design_point14 design_point15 design_point16 design_point17 design_point18 design_point19 design_point20 design_point21 design_point22 design_point23 design_point24 design_point25 design_point26 design_point27 design_point28 design_point29 design_point30 design_point31 design_point32 design_point33 design_point34 design_point35 design_point36 design_point37 design_point38 design_point39 design_point40 design_point41 design_point42 design_point43 design_point44 design_point45 design_point46 design_point47 design_point48 design_point49 design_point50 design_point51 design_point52 design_point53 design_point54 design_point55 design_point56 design_point57 design_point58 design_point59 design_point60 design_point61 design_point62 design_point63 design_point64 design_point65 design_point66 design_point67 design_point68 design_point69 design_point70 design_point71 design_point72 design_point73 design_point74 design_point75 design_point76 design_point77 design_point78 design_point79 design_point80 design_point81 design_point82 design_point83 design_point84 design_point85 design_point86 design_point87 design_point88 design_point89 design_point90 design_point91 design_point92 design_point93 design_point94 design_point95 design_point96 design_point97 design_point98 design_point99 design_point100 design_point101 design_point102 design_point103 design_point104 design_point105 design_point106 design_point107 design_point108
4.231509e+00 4.419779e+00 3.999060e+00 4.835445e+00 4.286366e+00 4.652386e+00 4.571212e+00 4.006531e+00 4.136048e+00 4.621535e+00 4.435492e+00 4.167259e+00 4.800833e+00 4.583146e+00 4.610755e+00 4.689057e+00 4.350624e+00 3.829011e+00 4.492745e+00 4.256234e+00 4.200182e+00 4.507714e+00 4.179668e+00 4.150871e+00 4.586018e+00 4.568579e+00 4.432221e+00 4.073466e+00 4.579649e+00 3.993885e+00 4.866709e+00 4.429655e+00 4.407879e+00 4.231826e+00 4.147714e+00 4.452369e+00 4.174614e+00 3.959365e+00 4.045100e+00 4.163202e+00 4.299502e+00 4.710659e+00 4.237963e+00 4.573148e+00 4.230951e+00 4.218827e+00 3.937715e+00 4.714225e+00 4.480703e+00 4.219626e+00 4.170132e+00 4.499287e+00 4.448752e+00 4.727497e+00 4.261434e+00 4.733542e+00 4.795487e+00 4.114300e+00 4.049542e+00 4.834687e+00 4.448054e+00 4.159005e+00 4.108505e+00 4.040269e+00 4.252506e+00 4.383614e+00 4.496151e+00 3.997453e+00 4.052687e+00 4.354519e+00 4.657528e+00 4.490854e+00 4.308168e+00 3.971358e+00 3.983778e+00 4.814825e+00 3.951382e+00 4.475206e+00 4.112169e+00 4.090603e+00 4.117588e+00 4.055714e+00 4.475499e+00 4.115282e+00 4.585357e+00 4.651461e+00 4.739913e+00 4.518691e+00 4.273672e+00 4.261444e+00 4.037711e+00 4.236231e+00 4.120200e+00 4.713239e+00 4.795032e+00 4.753309e+00 4.611195e+00 4.117210e+00 4.125249e+00 4.646357e+00 4.004045e+00 4.686637e+00 4.209278e+00 4.665122e+00 3.935484e+00 4.142707e+00 4.369192e+00 4.628595e+00
1.531345e+00 1.635010e+00 1.492552e+00 1.854402e+00 1.518853e+00 1.807746e+00 1.808723e+00 1.468797e+00 1.537238e+00 1.742498e+00 1.764551e+00 1.504082e+00 1.890733e+00 1.899454e+00 1.726675e+00 1.887994e+00 1.622201e+00 1.425498e+00 1.772826e+00 1.462957e+00 1.551450e+00 1.709409e+00 1.662637e+00 1.514341e+00 1.784459e+00 1.748559e+00 1.665118e+00 1.467176e+00 1.774287e+00 1.470618e+00 1.860190e+00 1.726017e+00 1.745527e+00 1.525667e+00 1.543473e+00 1.715604e+00 1.560496e+00 1.364804e+00 1.485676e+00 1.570556e+00 1.558320e+00 1.818028e+00 1.524852e+00 1.783631e+00 1.498789e+00 1.593245e+00 1.358993e+00 1.846696e+00 1.711835e+00 1.567182e+00 1.538256e+00 1.720316e+00 1.681454e+00 1.825858e+00 1.577715e+00 1.841048e+00 1.922467e+00 1.493940e+00 1.436790e+00 1.864653e+00 1.681515e+00 1.503596e+00 1.426750e+00 1.527783e+00 1.506277e+00 1.557690e+00 1.776777e+00 1.455035e+00 1.462669e+00 1.638109e+00 1.919037e+00 1.699122e+00 1.569544e+00 1.467088e+00 1.403292e+00 1.844715e+00 1.417227e+00 1.742896e+00 1.550352e+00 1.518535e+00 1.476862e+00 1.453088e+00 1.786591e+00 1.522493e+00 1.774655e+00 1.842485e+00 1.814417e+00 1.697700e+00 1.524093e+00 1.559823e+00 1.410799e+00 1.541935e+00 1.498562e+00 1.754330e+00 1.847752e+00 1.812401e+00 1.806982e+00 1.499294e+00 1.493185e+00 1.703593e+00 1.456243e+00 1.829111e+00 1.529584e+00 1.821437e+00 1.469847e+00 1.493708e+00 1.655694e+00 1.800453e+00
5.871103e-01 6.036534e-01 5.347735e-01 7.176118e-01 5.849251e-01 7.181374e-01 7.359839e-01 5.209776e-01 5.575730e-01 6.814256e-01 6.607973e-01 5.371340e-01 7.199044e-01 7.555481e-01 6.789672e-01 8.004571e-01 5.846010e-01 5.241744e-01 7.336531e-01 5.861087e-01 5.775019e-01 7.092255e-01 6.263974e-01 5.062284e-01 7.213746e-01 7.024034e-01 6.627534e-01 5.499255e-01 7.403354e-01 5.316349e-01 7.536943e-01 6.806818e-01 6.986687e-01 5.746901e-01 6.039809e-01 6.612533e-01 5.900272e-01 4.999191e-01 5.658777e-01 5.946200e-01 6.400517e-01 6.692178e-01 5.714611e-01 7.435574e-01 5.764680e-01 5.846607e-01 5.362045e-01 7.146238e-01 6.562614e-01 5.840894e-01 5.884846e-01 6.855369e-01 6.512975e-01 7.732399e-01 6.066384e-01 7.262643e-01 7.257638e-01 5.584924e-01 5.328709e-01 7.647555e-01 6.819600e-01 5.864126e-01 5.244408e-01 5.849450e-01 5.831397e-01 5.986631e-01 7.553116e-01 5.156833e-01 5.238437e-01 6.597178e-01 7.930728e-01 6.479106e-01 5.974048e-01 5.353446e-01 5.471866e-01 7.101855e-01 5.280344e-01 7.209031e-01 5.701513e-01 5.637285e-01 5.290981e-01 5.124996e-01 6.986678e-01 5.704403e-01 7.196558e-01 7.523311e-01 7.089690e-01 6.410157e-01 5.570554e-01 5.277918e-01 5.331990e-01 6.032443e-01 5.561818e-01 6.801122e-01 7.094269e-01 6.961002e-01 6.472172e-01 5.520311e-01 5.669231e-01 6.315454e-01 5.217922e-01 7.746647e-01 5.750779e-01 7.362212e-01 5.244880e-01 5.396084e-01 6.762572e-01 7.584800e-01
2.490016e-01 2.592223e-01 2.022776e-01 2.983641e-01 2.398324e-01 2.847681e-01 3.449556e-01 2.279481e-01 2.168650e-01 2.462138e-01 2.681332e-01 2.348118e-01 3.069735e-01 2.986313e-01 2.736274e-01 3.280057e-01 2.315121e-01 2.149948e-01 3.048249e-01 2.373130e-01 2.415333e-01 2.882291e-01 2.468708e-01 2.101773e-01 3.121061e-01 3.085229e-01 2.792656e-01 2.140328e-01 2.943249e-01 1.995898e-01 3.118933e-01 2.767691e-01 3.031126e-01 2.574322e-01 2.335929e-01 2.823589e-01 2.481410e-01 2.001380e-01 2.478685e-01 2.295943e-01 2.232353e-01 2.712528e-01 2.285323e-01 3.160643e-01 2.250626e-01 2.349791e-01 2.065595e-01 2.975402e-01 2.900933e-01 2.048372e-01 2.101915e-01 2.716217e-01 2.338794e-01 3.083507e-01 2.436054e-01 2.832877e-01 3.001294e-01 2.215159e-01 2.008907e-01 3.020293e-01 2.918096e-01 2.362625e-01 1.973234e-01 2.322667e-01 2.207270e-01 2.479192e-01 3.177707e-01 1.970149e-01 2.006575e-01 2.273658e-01 3.207180e-01 2.588795e-01 2.049569e-01 1.946222e-01 1.885562e-01 2.976713e-01 2.014657e-01 2.651221e-01 2.423208e-01 2.188019e-01 2.261116e-01 2.206135e-01 2.891508e-01 2.351469e-01 3.251061e-01 3.138690e-01 2.918835e-01 2.492488e-01 2.382399e-01 2.118964e-01 2.183468e-01 2.275221e-01 2.346905e-01 2.781309e-01 2.970168e-01 2.982710e-01 2.758463e-01 2.313662e-01 2.118338e-01 2.743435e-01 2.126931e-01 3.021990e-01 2.182351e-01 3.010571e-01 1.982244e-01 2.152983e-01 2.616080e-01 2.879393e-01
8.661377e-02 1.033278e-01 7.079646e-02 1.144757e-01 9.153119e-02 1.046056e-01 1.225580e-01 8.998886e-02 8.697342e-02 1.144302e-01 9.662782e-02 1.034154e-01 1.463825e-01 1.230914e-01 1.168932e-01 1.154244e-01 8.665327e-02 7.286916e-02 1.458291e-01 9.588916e-02 9.740208e-02 1.174404e-01 1.018078e-01 8.130144e-02 1.223617e-01 1.109969e-01 1.161214e-01 8.360662e-02 1.204274e-01 8.876581e-02 1.472057e-01 1.164600e-01 1.329300e-01 9.937547e-02 9.910974e-02 1.060646e-01 1.099612e-01 8.798643e-02 8.781615e-02 8.553108e-02 1.184513e-01 9.649120e-02 8.457234e-02 1.134025e-01 9.286149e-02 9.955329e-02 7.340708e-02 1.140011e-01 1.107333e-01 9.552083e-02 1.026208e-01 9.596816e-02 1.053061e-01 1.464695e-01 1.004355e-01 1.363404e-01 1.367509e-01 9.908875e-02 8.887215e-02 1.304198e-01 1.134804e-01 9.979862e-02 9.110159e-02 8.059989e-02 1.029939e-01 8.875976e-02 1.098231e-01 9.101576e-02 1.104372e-01 9.085237e-02 1.233535e-01 9.750300e-02 9.232095e-02 8.048721e-02 8.707789e-02 1.292056e-01 7.960566e-02 1.123419e-01 1.108616e-01 7.880590e-02 7.802141e-02 8.563061e-02 1.092020e-01 9.515945e-02 1.075670e-01 1.289653e-01 1.019141e-01 1.027915e-01 1.102207e-01 9.071937e-02 8.851179e-02 1.038170e-01 9.774888e-02 1.105570e-01 1.403315e-01 1.231883e-01 1.128456e-01 9.090556e-02 8.213903e-02 1.135535e-01 9.544462e-02 1.369364e-01 9.522867e-02 1.359186e-01 8.166491e-02 8.308244e-02 9.757161e-02 1.226597e-01
