# Version 0.0
# Data /lustre/isaac24/proj/UTK0244/cbaillar/Bayes_HEP/Detroit_tune_Project/input/Data/Data__200__pp__STAR_2019_I1771348__d04-x01-y02.dat
# Observable: $ \langle p^{ch}_{T} \rangle$
# Subobservable: Leading jet $p_{T} [GeV/c]$
# Design Design_Rivet.dat
# design_point1 design_point2 design_point3 design_point4 design_point5 design_point6 design_point7 design_point8 design_point9 design_point10 design_point11 design_point12 design_point13 design_point14 design_point15 design_point16 design_point17 design_point18 design_point19 design_point20 design_point21 design_point22 design_point23 design_point24 design_point25 design_point26 design_point27 design_point28 design_point29 design_point30 design_point31 design_point32 design_point33 design_point34 design_point35 design_point36 design_point37 design_point38 design_point39 design_point40 design_point41 design_point42 design_point43 design_point44 design_point45 design_point46 design_point47 design_point48 design_point49 design_point50 design_point51 design_point52 design_point53 design_point54 design_point55 design_point56 design_point57 design_point58 design_point59 design_point60 design_point61 design_point62 design_point63 design_point64 design_point65 design_point66 design_point67 design_point68 design_point69 design_point70 design_point71 design_point72 design_point73 design_point74 design_point75 design_point76 design_point77 design_point78 design_point79 design_point80 design_point81 design_point82 design_point83 design_point84 design_point85 design_point86 design_point87 design_point88 design_point89 design_point90 design_point91 design_point92 design_point93 design_point94 design_point95 design_point96 design_point97 design_point98 design_point99 design_point100 design_point101 design_point102 design_point103 design_point104 design_point105 design_point106 design_point107 design_point108
8.190492e-01 8.368021e-01 8.033529e-01 8.718310e-01 8.211912e-01 8.825918e-01 9.075587e-01 8.083900e-01 8.032213e-01 8.473310e-01 9.019059e-01 8.155500e-01 8.925430e-01 9.241152e-01 9.296069e-01 9.260134e-01 8.215904e-01 8.973163e-01 9.181972e-01 8.159513e-01 8.119683e-01 8.979948e-01 8.803890e-01 8.045727e-01 8.947594e-01 9.210950e-01 9.263526e-01 8.096962e-01 9.277151e-01 8.042975e-01 8.806726e-01 9.424821e-01 8.663738e-01 8.097272e-01 8.287279e-01 8.968182e-01 8.529657e-01 8.001940e-01 7.993743e-01 8.133266e-01 8.186861e-01 8.549535e-01 8.141292e-01 9.226407e-01 8.155097e-01 8.196727e-01 9.193750e-01 9.251445e-01 9.412611e-01 8.193483e-01 8.101113e-01 9.443699e-01 8.247323e-01 9.291051e-01 8.168747e-01 9.092865e-01 9.106207e-01 8.131304e-01 8.055905e-01 8.889713e-01 9.368123e-01 8.065017e-01 8.061598e-01 8.697741e-01 8.153228e-01 8.146902e-01 9.277565e-01 8.119446e-01 7.969681e-01 8.787858e-01 9.353065e-01 8.228252e-01 8.088533e-01 8.085844e-01 8.049084e-01 8.966293e-01 8.012054e-01 9.045317e-01 8.079134e-01 8.200764e-01 8.067065e-01 8.070327e-01 8.906150e-01 8.773420e-01 9.100207e-01 9.180328e-01 8.547695e-01 8.278416e-01 8.120834e-01 8.287612e-01 8.007940e-01 8.318958e-01 8.163724e-01 8.392078e-01 8.576855e-01 8.562418e-01 8.511224e-01 8.110050e-01 8.157846e-01 8.336801e-01 8.080601e-01 9.243938e-01 8.099793e-01 9.062128e-01 8.016351e-01 8.086139e-01 8.885977e-01 9.320260e-01
8.262370e-01 8.457751e-01 8.186225e-01 8.822837e-01 8.429423e-01 8.943085e-01 9.218643e-01 8.369918e-01 8.369259e-01 8.539970e-01 9.164934e-01 8.291353e-01 9.029072e-01 9.417109e-01 9.489919e-01 9.408873e-01 8.377128e-01 9.127955e-01 9.362273e-01 8.230448e-01 8.351674e-01 9.116998e-01 8.926792e-01 8.262792e-01 9.075637e-01 9.415672e-01 9.469919e-01 8.212881e-01 9.467445e-01 8.246458e-01 8.912689e-01 9.774604e-01 8.789103e-01 8.195610e-01 8.464297e-01 9.104453e-01 8.580051e-01 8.260767e-01 8.246427e-01 8.144520e-01 8.414401e-01 8.646335e-01 8.256993e-01 9.396260e-01 8.351735e-01 8.419226e-01 9.376041e-01 9.422799e-01 9.645426e-01 8.281576e-01 8.132804e-01 9.732999e-01 8.315813e-01 9.476532e-01 8.274860e-01 9.232116e-01 9.247617e-01 8.400129e-01 8.246325e-01 9.021903e-01 9.561215e-01 8.224107e-01 8.279878e-01 8.823566e-01 8.384548e-01 8.401353e-01 9.458283e-01 8.323715e-01 8.371937e-01 8.983113e-01 9.523050e-01 8.345999e-01 8.269716e-01 8.146900e-01 8.290290e-01 9.132009e-01 8.304874e-01 9.216564e-01 8.338566e-01 8.299796e-01 8.256263e-01 8.336561e-01 9.044726e-01 8.897935e-01 9.267006e-01 9.344305e-01 8.671869e-01 8.369001e-01 8.201200e-01 8.475551e-01 8.115155e-01 8.425970e-01 8.189785e-01 8.601878e-01 8.662787e-01 8.658999e-01 8.648048e-01 8.300648e-01 8.294368e-01 8.431664e-01 8.331682e-01 9.423797e-01 8.234980e-01 9.221556e-01 8.360512e-01 8.381915e-01 9.018886e-01 9.540272e-01
8.455654e-01 8.617555e-01 8.453557e-01 8.872094e-01 8.387072e-01 9.052460e-01 9.314034e-01 8.528404e-01 8.346519e-01 8.608594e-01 9.292640e-01 8.626902e-01 9.125700e-01 9.511652e-01 9.597811e-01 9.511286e-01 8.344453e-01 9.189806e-01 9.470079e-01 8.546596e-01 8.433904e-01 9.208362e-01 8.954744e-01 8.371131e-01 9.105165e-01 9.507976e-01 9.536252e-01 8.546190e-01 9.567058e-01 8.295660e-01 8.934038e-01 9.901856e-01 8.824158e-01 8.613733e-01 8.521067e-01 9.215145e-01 8.616369e-01 8.481680e-01 8.264393e-01 8.452100e-01 8.699235e-01 8.814351e-01 8.365759e-01 9.505083e-01 8.454645e-01 8.492097e-01 9.396100e-01 9.478000e-01 9.777528e-01 8.818862e-01 8.367192e-01 9.889378e-01 8.382437e-01 9.561348e-01 8.533774e-01 9.350233e-01 9.311887e-01 8.354792e-01 8.736544e-01 9.103003e-01 9.649396e-01 8.623294e-01 8.593446e-01 8.907113e-01 8.241976e-01 8.195850e-01 9.560118e-01 8.503661e-01 8.105322e-01 8.796308e-01 9.623214e-01 8.435721e-01 8.295248e-01 8.211707e-01 8.517297e-01 9.211300e-01 8.439778e-01 9.336670e-01 8.552360e-01 8.437710e-01 8.553654e-01 8.603219e-01 9.131952e-01 8.842260e-01 9.398356e-01 9.444070e-01 8.821427e-01 8.491835e-01 8.615852e-01 8.459333e-01 8.604325e-01 8.239769e-01 8.800299e-01 8.516177e-01 8.648501e-01 8.827852e-01 8.684122e-01 8.565708e-01 8.501136e-01 8.467834e-01 8.485930e-01 9.501016e-01 8.272455e-01 9.296353e-01 8.629583e-01 8.552455e-01 9.101103e-01 9.717245e-01
8.745499e-01 8.673072e-01 8.956916e-01 9.035009e-01 8.871735e-01 9.063027e-01 9.296313e-01 8.790938e-01 8.408415e-01 8.705584e-01 9.305812e-01 8.394819e-01 9.081051e-01 9.553697e-01 9.571811e-01 9.547081e-01 8.945575e-01 9.114226e-01 9.511884e-01 8.694483e-01 8.710807e-01 9.254710e-01 9.129672e-01 8.867855e-01 9.150736e-01 9.571688e-01 9.569836e-01 8.886262e-01 9.563837e-01 8.439665e-01 9.033112e-01 9.973266e-01 8.771935e-01 8.447344e-01 8.515777e-01 9.234106e-01 8.922848e-01 8.943795e-01 8.811465e-01 8.705686e-01 8.801185e-01 8.528476e-01 8.838039e-01 9.531549e-01 8.507295e-01 8.355412e-01 9.442611e-01 9.540305e-01 9.896987e-01 8.774014e-01 9.026447e-01 9.942473e-01 8.738180e-01 9.655810e-01 8.635562e-01 9.473043e-01 9.400138e-01 8.572776e-01 8.538230e-01 8.981128e-01 9.733175e-01 8.190369e-01 8.719801e-01 8.822842e-01 8.847973e-01 8.577421e-01 9.641134e-01 9.348945e-01 8.894808e-01 9.103359e-01 9.659214e-01 8.508140e-01 9.030100e-01 8.639662e-01 8.477452e-01 9.249365e-01 9.289080e-01 9.375641e-01 8.546947e-01 8.727111e-01 8.238506e-01 8.918263e-01 9.203530e-01 8.833680e-01 9.374414e-01 9.434862e-01 8.599894e-01 8.756102e-01 8.694615e-01 9.367533e-01 8.016613e-01 8.825365e-01 8.684767e-01 8.631569e-01 8.796431e-01 8.889973e-01 8.991849e-01 8.336505e-01 8.856741e-01 8.802256e-01 8.534582e-01 9.508720e-01 8.818643e-01 9.323473e-01 8.905627e-01 8.769773e-01 9.125122e-01 9.733745e-01
1.075828e+00 9.655071e-01 9.182179e-01 9.531522e-01 8.813610e-01 8.753648e-01 9.222674e-01 9.366313e-01 9.004571e-01 8.911688e-01 9.201219e-01 8.808683e-01 8.903286e-01 9.474799e-01 9.723553e-01 9.594211e-01 9.970746e-01 9.388502e-01 9.352723e-01 8.484286e-01 9.195550e-01 8.986107e-01 9.369357e-01 9.366701e-01 8.911537e-01 9.426564e-01 9.403920e-01 9.859343e-01 9.777790e-01 8.375502e-01 9.349831e-01 9.926294e-01 9.008541e-01 8.613865e-01 9.240995e-01 9.105512e-01 8.484187e-01 9.919131e-01 8.677751e-01 8.904416e-01 8.418157e-01 9.303837e-01 9.103179e-01 9.556456e-01 8.493018e-01 9.424418e-01 9.285565e-01 9.412953e-01 9.954494e-01 8.965480e-01 8.839483e-01 1.001772e+00 8.048396e-01 9.547923e-01 9.107710e-01 9.322270e-01 9.119426e-01 9.307595e-01 9.157149e-01 9.421548e-01 9.850677e-01 8.818692e-01 7.763959e-01 8.614212e-01 8.062045e-01 8.326722e-01 9.417450e-01 7.874185e-01 9.895034e-01 9.391800e-01 9.690784e-01 8.403069e-01 8.938249e-01 7.923647e-01 8.905797e-01 8.828976e-01 9.950072e-01 9.193936e-01 9.187514e-01 8.574719e-01 9.672205e-01 8.236092e-01 9.128127e-01 8.995345e-01 9.543522e-01 9.453133e-01 9.050818e-01 8.486251e-01 9.798851e-01 9.363910e-01 9.366708e-01 9.144981e-01 9.247679e-01 8.062453e-01 9.033805e-01 9.266067e-01 8.388728e-01 9.224326e-01 9.270414e-01 9.828764e-01 1.035332e+00 9.448205e-01 8.740329e-01 9.453272e-01 9.850422e-01 8.373963e-01 1.005608e+00 9.571838e-01
1.112770e+00 7.516395e-01 8.274355e-01 8.897971e-01 8.360753e-01 8.243386e-01 9.392824e-01 8.008781e-01 5.942433e-01 8.609502e-01 8.640939e-01 8.132692e-01 8.963893e-01 9.041862e-01 9.423343e-01 9.492474e-01 7.909419e-01 7.624066e-01 1.063902e+00 7.602984e-01 9.411363e-01 1.073878e+00 1.285536e+00 9.198660e-01 9.679433e-01 1.055872e+00 9.671429e-01 8.829959e-01 8.831087e-01 9.832374e-01 9.161221e-01 9.286873e-01 8.059339e-01 1.021907e+00 9.435107e-01 9.833657e-01 1.300577e+00 9.228091e-01 6.554251e-01 9.384464e-01 8.970599e-01 9.396756e-01 9.162160e-01 9.871938e-01 1.043744e+00 7.506521e-01 9.689406e-01 1.030602e+00 9.245347e-01 8.224772e-01 6.876068e-01 9.633457e-01 8.046624e-01 1.044625e+00 9.289083e-01 9.083266e-01 1.005495e+00 6.851120e-01 7.678064e-01 9.325043e-01 9.753768e-01 8.031446e-01 1.071406e+00 8.675299e-01 8.405956e-01 9.104638e-01 9.297818e-01 1.684878e+00 8.306868e-01 7.541960e-01 9.023618e-01 8.707061e-01 1.331898e+00 1.116701e+00 8.391142e-01 9.779572e-01 7.494884e-01 9.356836e-01 8.775967e-01 6.976582e-01 6.682051e-01 9.736329e-01 9.149519e-01 7.421399e-01 1.015110e+00 9.527564e-01 8.024017e-01 8.709788e-01 1.167460e+00 1.025727e+00 9.495587e-01 9.751989e-01 1.239601e+00 8.550587e-01 9.681633e-01 1.054848e+00 8.645711e-01 8.812638e-01 7.714902e-01 7.927656e-01 6.423702e-01 9.824546e-01 6.711210e-01 9.338867e-01 7.506103e-01 9.866493e-01 9.143209e-01 9.289532e-01
1.931973e+00 7.873606e-01 nan 8.774642e-01 nan 7.216967e-01 1.295922e+00 nan 6.823697e-01 8.167718e-01 7.587826e-01 nan 7.064007e-01 9.532899e-01 9.102288e-01 8.348402e-01 7.096891e-01 7.534310e-01 8.989024e-01 nan 9.219316e-01 5.454844e-01 nan 1.293857e+00 1.013672e+00 8.774399e-01 1.051467e+00 8.254937e-01 9.290540e-01 6.581192e-01 7.836605e-01 7.612904e-01 8.570863e-01 8.059738e-01 1.072442e+00 1.015703e+00 9.197062e-01 7.123803e-01 9.839370e-01 1.130032e+00 nan 8.769597e-01 nan 9.938933e-01 9.542355e-01 6.397083e-01 9.059050e-01 1.040740e+00 1.344105e+00 8.429211e-01 6.726380e-01 8.378292e-01 6.560077e-01 9.131072e-01 nan 8.759369e-01 1.149101e+00 9.464853e-01 1.106579e+00 9.720388e-01 9.631205e-01 8.599334e-01 5.311185e-01 7.125901e-01 nan 9.258932e-01 1.056131e+00 1.275731e+00 1.117151e+00 nan 9.538458e-01 7.087727e-01 1.125126e+00 7.687378e-01 1.200005e+00 8.427071e-01 9.042347e-01 8.415272e-01 7.839738e-01 6.567298e-01 6.382446e-01 6.199029e-01 9.201015e-01 1.774250e+00 8.517522e-01 6.777730e-01 8.978983e-01 7.547150e-01 7.308931e-01 nan nan 7.046955e-01 nan 7.729972e-01 9.128179e-01 7.255220e-01 8.714962e-01 7.840628e-01 nan 1.031634e+00 nan 8.091963e-01 8.732108e-01 1.054121e+00 9.073383e-01 nan 7.654584e-01 8.504879e-01
nan nan nan nan nan nan nan nan nan nan nan nan nan 1.292262e+00 nan nan nan nan nan nan nan nan nan nan nan nan nan nan nan nan nan nan nan nan 9.590840e-01 nan nan nan 5.877257e-01 nan nan nan nan 6.054660e-01 nan nan nan nan nan nan nan nan nan nan nan nan nan 8.555374e-01 nan 7.583835e-01 nan 6.614900e-01 nan nan 6.128371e-01 nan 1.316637e+00 nan nan nan 7.698573e-01 nan nan nan nan nan nan nan nan nan nan nan nan nan nan 6.601460e-01 nan nan nan nan nan nan nan nan nan nan nan nan nan 5.329520e-01 nan nan nan nan nan 9.166854e-01 nan 6.910480e-01
