# Version 0.0
# Data /lustre/isaac24/proj/UTK0244/cbaillar/Bayes_HEP/Detroit_tune_Project/input/Data/Data__200__pp__STAR_2020_I1783875__d27-x01-y01.dat
# Observable: $1/N_{jets}$
# Subobservable: $z_{g}$
# Design Design_Rivet.dat
# design_point1 design_point2 design_point3 design_point4 design_point5 design_point6 design_point7 design_point8 design_point9 design_point10 design_point11 design_point12 design_point13 design_point14 design_point15 design_point16 design_point17 design_point18 design_point19 design_point20 design_point21 design_point22 design_point23 design_point24 design_point25 design_point26 design_point27 design_point28 design_point29 design_point30 design_point31 design_point32 design_point33 design_point34 design_point35 design_point36 design_point37 design_point38 design_point39 design_point40 design_point41 design_point42 design_point43 design_point44 design_point45 design_point46 design_point47 design_point48 design_point49 design_point50 design_point51 design_point52 design_point53 design_point54 design_point55 design_point56 design_point57 design_point58 design_point59 design_point60 design_point61 design_point62 design_point63 design_point64 design_point65 design_point66 design_point67 design_point68 design_point69 design_point70 design_point71 design_point72 design_point73 design_point74 design_point75 design_point76 design_point77 design_point78 design_point79 design_point80 design_point81 design_point82 design_point83 design_point84 design_point85 design_point86 design_point87 design_point88 design_point89 design_point90 design_point91 design_point92 design_point93 design_point94 design_point95 design_point96 design_point97 design_point98 design_point99 design_point100 design_point101 design_point102 design_point103 design_point104 design_point105 design_point106 design_point107 design_point108
4.245631e+00 4.236538e+00 4.252396e+00 4.232314e+00 4.244105e+00 4.240758e+00 4.235703e+00 4.247892e+00 4.243282e+00 4.247374e+00 4.235481e+00 4.239572e+00 4.236542e+00 4.227769e+00 4.227379e+00 4.235451e+00 4.240501e+00 4.231452e+00 4.247956e+00 4.247932e+00 4.238375e+00 4.229335e+00 3.955086e+00 4.242565e+00 4.237267e+00 4.241677e+00 4.227728e+00 4.245334e+00 4.225166e+00 4.246387e+00 4.236578e+00 4.239343e+00 4.234962e+00 4.246577e+00 4.234797e+00 4.244731e+00 4.263114e+00 4.243396e+00 4.252365e+00 4.247356e+00 4.255093e+00 4.231713e+00 4.245306e+00 4.226853e+00 4.249867e+00 4.248898e+00 4.242696e+00 4.232332e+00 4.231961e+00 4.244349e+00 4.249424e+00 4.248748e+00 4.269690e+00 4.229404e+00 4.244708e+00 4.229612e+00 4.231508e+00 4.239107e+00 4.246969e+00 4.241200e+00 4.234214e+00 4.245068e+00 4.261809e+00 4.067558e+00 4.241468e+00 4.241170e+00 4.231364e+00 4.248126e+00 4.255213e+00 4.020385e+00 4.233759e+00 4.238397e+00 4.245944e+00 4.244736e+00 4.244393e+00 4.230731e+00 4.252589e+00 4.225248e+00 4.252656e+00 4.247501e+00 4.246525e+00 4.248058e+00 4.191750e+00 4.251067e+00 4.231937e+00 4.232409e+00 4.236494e+00 4.240986e+00 4.246808e+00 4.262989e+00 4.244234e+00 4.278086e+00 4.244355e+00 4.243055e+00 4.254307e+00 4.233719e+00 4.233938e+00 4.243425e+00 4.259878e+00 4.253814e+00 4.241725e+00 4.227908e+00 4.247468e+00 4.228631e+00 4.253252e+00 4.242212e+00 4.026296e+00 4.239045e+00
3.355857e+00 3.353971e+00 3.357855e+00 3.357314e+00 3.350643e+00 3.353323e+00 3.353920e+00 3.353159e+00 3.358493e+00 3.353647e+00 3.354083e+00 3.348155e+00 3.359155e+00 3.350452e+00 3.360474e+00 3.353107e+00 3.354495e+00 3.356074e+00 3.361908e+00 3.352817e+00 3.360183e+00 3.357787e+00 3.255205e+00 3.364960e+00 3.352846e+00 3.354844e+00 3.353854e+00 3.358750e+00 3.357308e+00 3.347560e+00 3.360986e+00 3.358638e+00 3.356841e+00 3.357501e+00 3.353114e+00 3.350618e+00 3.367321e+00 3.354146e+00 3.359722e+00 3.353237e+00 3.347471e+00 3.355742e+00 3.358421e+00 3.351366e+00 3.346698e+00 3.349365e+00 3.353149e+00 3.355891e+00 3.362415e+00 3.355994e+00 3.349485e+00 3.364887e+00 3.356897e+00 3.353569e+00 3.353740e+00 3.364526e+00 3.358377e+00 3.348365e+00 3.346783e+00 3.366419e+00 3.360383e+00 3.351203e+00 3.359230e+00 3.279381e+00 3.347996e+00 3.355984e+00 3.360472e+00 3.355651e+00 3.348229e+00 3.344658e+00 3.360829e+00 3.358336e+00 3.360084e+00 3.354622e+00 3.354149e+00 3.358952e+00 3.354026e+00 3.363281e+00 3.360523e+00 3.353926e+00 3.355562e+00 3.352645e+00 3.319061e+00 3.349983e+00 3.354098e+00 3.358889e+00 3.353290e+00 3.351452e+00 3.359879e+00 3.363588e+00 3.355502e+00 3.373402e+00 3.356540e+00 3.357546e+00 3.359438e+00 3.354859e+00 3.357128e+00 3.352837e+00 3.349751e+00 3.351710e+00 3.360974e+00 3.360970e+00 3.351152e+00 3.346619e+00 3.365425e+00 3.358563e+00 3.339426e+00 3.368898e+00
2.710269e+00 2.709442e+00 2.711376e+00 2.716076e+00 2.707174e+00 2.713915e+00 2.714538e+00 2.702899e+00 2.704418e+00 2.708464e+00 2.713917e+00 2.714256e+00 2.717253e+00 2.717670e+00 2.705068e+00 2.708087e+00 2.712104e+00 2.712776e+00 2.710129e+00 2.704741e+00 2.700400e+00 2.714127e+00 2.812602e+00 2.699297e+00 2.708646e+00 2.713847e+00 2.716078e+00 2.707302e+00 2.712779e+00 2.703080e+00 2.711060e+00 2.707429e+00 2.702942e+00 2.706058e+00 2.705978e+00 2.712714e+00 2.711959e+00 2.705097e+00 2.702068e+00 2.705340e+00 2.710198e+00 2.711674e+00 2.701497e+00 2.714241e+00 2.704580e+00 2.704071e+00 2.706873e+00 2.711072e+00 2.708796e+00 2.705977e+00 2.704149e+00 2.709547e+00 2.712551e+00 2.722647e+00 2.707482e+00 2.710553e+00 2.713267e+00 2.707258e+00 2.699943e+00 2.708453e+00 2.710621e+00 2.704383e+00 2.706623e+00 2.646024e+00 2.701469e+00 2.704386e+00 2.715058e+00 2.704646e+00 2.709811e+00 2.816157e+00 2.720303e+00 2.706859e+00 2.703583e+00 2.707967e+00 2.707084e+00 2.713122e+00 2.707328e+00 2.709637e+00 2.704202e+00 2.704384e+00 2.716922e+00 2.706977e+00 2.732937e+00 2.703999e+00 2.715301e+00 2.714557e+00 2.710008e+00 2.712473e+00 2.706719e+00 2.696895e+00 2.703792e+00 2.706080e+00 2.702389e+00 2.714650e+00 2.708298e+00 2.710798e+00 2.714023e+00 2.704008e+00 2.711663e+00 2.703420e+00 2.705557e+00 2.707985e+00 2.710004e+00 2.707267e+00 2.708115e+00 2.707073e+00 2.701010e+00 2.712932e+00
2.264433e+00 2.273997e+00 2.264923e+00 2.272063e+00 2.274064e+00 2.270265e+00 2.271926e+00 2.261553e+00 2.266698e+00 2.265873e+00 2.270838e+00 2.268497e+00 2.270441e+00 2.272371e+00 2.278224e+00 2.277183e+00 2.266784e+00 2.271647e+00 2.275950e+00 2.274832e+00 2.264310e+00 2.275649e+00 2.265344e+00 2.265875e+00 2.270336e+00 2.275539e+00 2.275318e+00 2.259163e+00 2.280328e+00 2.274990e+00 2.271549e+00 2.270709e+00 2.268526e+00 2.268866e+00 2.274284e+00 2.267168e+00 2.261330e+00 2.266468e+00 2.260511e+00 2.270673e+00 2.272928e+00 2.273367e+00 2.268495e+00 2.274229e+00 2.264041e+00 2.267144e+00 2.271955e+00 2.273955e+00 2.269400e+00 2.270745e+00 2.267639e+00 2.267448e+00 2.267264e+00 2.280875e+00 2.266739e+00 2.274913e+00 2.271852e+00 2.270974e+00 2.273131e+00 2.274750e+00 2.278384e+00 2.262032e+00 2.261698e+00 2.491203e+00 2.266818e+00 2.267521e+00 2.272749e+00 2.270185e+00 2.264281e+00 2.246131e+00 2.271697e+00 2.273669e+00 2.265646e+00 2.269164e+00 2.263083e+00 2.277358e+00 2.260067e+00 2.277274e+00 2.265078e+00 2.266133e+00 2.261111e+00 2.262993e+00 2.287368e+00 2.268119e+00 2.273952e+00 2.272892e+00 2.265471e+00 2.260525e+00 2.269124e+00 2.264705e+00 2.263130e+00 2.250105e+00 2.271208e+00 2.270251e+00 2.264400e+00 2.275769e+00 2.263189e+00 2.269710e+00 2.263218e+00 2.266330e+00 2.268229e+00 2.278724e+00 2.271312e+00 2.278794e+00 2.261995e+00 2.263772e+00 2.306286e+00 2.274216e+00
1.986524e+00 1.979292e+00 1.976129e+00 1.980290e+00 1.980856e+00 1.985185e+00 1.984490e+00 1.986957e+00 1.977656e+00 1.978708e+00 1.987004e+00 1.987321e+00 1.980024e+00 1.988323e+00 1.988181e+00 1.984108e+00 1.983881e+00 1.985565e+00 1.981509e+00 1.984342e+00 1.991559e+00 1.986411e+00 2.051673e+00 1.979426e+00 1.989867e+00 1.982793e+00 1.987987e+00 1.982357e+00 1.990114e+00 1.983151e+00 1.985728e+00 1.982417e+00 1.991140e+00 1.981872e+00 1.981337e+00 1.985346e+00 1.979214e+00 1.981039e+00 1.981869e+00 1.981391e+00 1.980610e+00 1.985707e+00 1.983403e+00 1.991102e+00 1.984980e+00 1.986558e+00 1.983881e+00 1.990899e+00 1.981850e+00 1.984468e+00 1.985046e+00 1.985358e+00 1.976948e+00 1.985920e+00 1.981753e+00 1.985826e+00 1.991493e+00 1.987945e+00 1.985943e+00 1.982218e+00 1.987824e+00 1.984241e+00 1.979070e+00 2.209711e+00 1.985097e+00 1.984958e+00 1.984950e+00 1.977345e+00 1.981919e+00 2.072480e+00 1.983851e+00 1.985463e+00 1.983588e+00 1.981093e+00 1.983804e+00 1.989830e+00 1.981415e+00 1.993224e+00 1.981978e+00 1.983954e+00 1.983404e+00 1.987117e+00 1.986398e+00 1.989083e+00 1.987565e+00 1.984165e+00 1.990234e+00 1.984333e+00 1.981299e+00 1.982071e+00 1.984620e+00 1.975406e+00 1.985733e+00 1.983232e+00 1.980372e+00 1.984225e+00 1.981447e+00 1.982055e+00 1.978374e+00 1.983816e+00 1.981900e+00 1.987731e+00 1.982319e+00 1.990616e+00 1.983182e+00 1.983844e+00 2.032842e+00 1.979625e+00
1.806767e+00 1.801578e+00 1.798511e+00 1.804901e+00 1.812377e+00 1.805040e+00 1.802269e+00 1.801408e+00 1.802294e+00 1.802620e+00 1.807550e+00 1.796663e+00 1.802474e+00 1.807855e+00 1.799754e+00 1.806644e+00 1.797079e+00 1.801089e+00 1.798422e+00 1.798169e+00 1.802338e+00 1.802454e+00 1.807478e+00 1.799294e+00 1.803719e+00 1.799458e+00 1.803527e+00 1.803910e+00 1.800374e+00 1.804877e+00 1.803161e+00 1.801781e+00 1.799879e+00 1.801226e+00 1.808072e+00 1.803235e+00 1.790461e+00 1.799818e+00 1.797037e+00 1.799139e+00 1.799803e+00 1.802779e+00 1.798970e+00 1.805583e+00 1.799016e+00 1.801456e+00 1.805398e+00 1.799425e+00 1.806531e+00 1.800015e+00 1.800154e+00 1.795969e+00 1.789741e+00 1.801168e+00 1.803227e+00 1.799300e+00 1.800371e+00 1.803547e+00 1.797967e+00 1.796706e+00 1.800668e+00 1.802438e+00 1.796800e+00 1.688951e+00 1.805162e+00 1.803617e+00 1.802592e+00 1.802717e+00 1.796839e+00 1.838430e+00 1.799590e+00 1.798497e+00 1.801286e+00 1.798572e+00 1.800348e+00 1.799877e+00 1.804141e+00 1.798400e+00 1.792884e+00 1.807263e+00 1.802505e+00 1.805696e+00 1.841737e+00 1.799268e+00 1.803379e+00 1.802380e+00 1.804364e+00 1.800024e+00 1.798820e+00 1.794473e+00 1.799018e+00 1.787687e+00 1.795926e+00 1.802283e+00 1.798050e+00 1.805462e+00 1.805154e+00 1.803462e+00 1.801629e+00 1.800849e+00 1.801603e+00 1.802544e+00 1.802129e+00 1.808030e+00 1.798913e+00 1.807115e+00 1.855457e+00 1.799280e+00
1.690603e+00 1.697878e+00 1.691565e+00 1.694502e+00 1.685652e+00 1.697606e+00 1.699828e+00 1.694185e+00 1.696099e+00 1.694043e+00 1.690669e+00 1.692715e+00 1.688509e+00 1.695406e+00 1.701657e+00 1.692483e+00 1.695706e+00 1.690334e+00 1.682683e+00 1.691873e+00 1.692237e+00 1.695349e+00 1.779134e+00 1.695498e+00 1.695021e+00 1.687741e+00 1.697763e+00 1.694312e+00 1.692785e+00 1.691069e+00 1.689184e+00 1.692862e+00 1.695614e+00 1.687895e+00 1.691268e+00 1.696057e+00 1.678172e+00 1.694202e+00 1.694022e+00 1.687970e+00 1.688197e+00 1.694246e+00 1.693203e+00 1.694315e+00 1.696667e+00 1.698165e+00 1.687697e+00 1.696938e+00 1.692930e+00 1.694378e+00 1.693272e+00 1.685026e+00 1.678002e+00 1.692565e+00 1.694746e+00 1.693598e+00 1.690807e+00 1.694365e+00 1.694732e+00 1.690308e+00 1.689516e+00 1.693976e+00 1.687467e+00 1.900070e+00 1.696934e+00 1.690849e+00 1.693100e+00 1.691576e+00 1.696663e+00 1.706304e+00 1.693984e+00 1.693313e+00 1.690290e+00 1.691525e+00 1.696212e+00 1.690336e+00 1.692149e+00 1.691941e+00 1.691768e+00 1.685747e+00 1.687350e+00 1.688636e+00 1.706699e+00 1.688016e+00 1.695581e+00 1.695527e+00 1.687538e+00 1.696686e+00 1.691450e+00 1.683415e+00 1.698500e+00 1.679299e+00 1.695568e+00 1.687101e+00 1.684585e+00 1.693853e+00 1.693832e+00 1.694881e+00 1.690917e+00 1.694768e+00 1.690850e+00 1.692986e+00 1.687070e+00 1.693512e+00 1.680778e+00 1.687399e+00 1.738145e+00 1.690457e+00
1.626976e+00 1.632883e+00 1.633030e+00 1.634186e+00 1.632759e+00 1.627109e+00 1.631171e+00 1.635013e+00 1.634530e+00 1.636188e+00 1.635398e+00 1.639393e+00 1.633065e+00 1.635500e+00 1.632938e+00 1.635572e+00 1.633750e+00 1.637209e+00 1.632430e+00 1.630714e+00 1.636965e+00 1.632434e+00 1.761692e+00 1.636947e+00 1.632785e+00 1.630519e+00 1.633976e+00 1.631270e+00 1.634319e+00 1.632069e+00 1.631628e+00 1.635201e+00 1.638793e+00 1.633121e+00 1.637504e+00 1.635555e+00 1.628215e+00 1.639680e+00 1.631612e+00 1.636603e+00 1.633853e+00 1.633615e+00 1.634644e+00 1.635624e+00 1.637981e+00 1.629483e+00 1.637383e+00 1.634248e+00 1.636503e+00 1.631014e+00 1.635501e+00 1.628212e+00 1.629016e+00 1.630011e+00 1.632154e+00 1.634425e+00 1.633682e+00 1.634546e+00 1.638480e+00 1.627479e+00 1.632167e+00 1.640153e+00 1.626287e+00 1.534131e+00 1.638139e+00 1.636794e+00 1.635441e+00 1.635644e+00 1.632312e+00 1.634579e+00 1.630153e+00 1.632548e+00 1.635427e+00 1.633323e+00 1.634774e+00 1.633030e+00 1.634046e+00 1.633927e+00 1.630056e+00 1.633420e+00 1.633870e+00 1.632702e+00 1.622538e+00 1.635469e+00 1.631663e+00 1.634282e+00 1.641802e+00 1.637412e+00 1.631936e+00 1.630481e+00 1.637394e+00 1.625108e+00 1.633951e+00 1.628810e+00 1.631002e+00 1.631318e+00 1.638360e+00 1.634459e+00 1.627806e+00 1.631741e+00 1.632249e+00 1.638429e+00 1.632897e+00 1.637350e+00 1.628957e+00 1.636751e+00 1.707825e+00 1.627882e+00
