# Version 0.0
# Data /lustre/isaac24/proj/UTK0244/cbaillar/Bayes_HEP/Detroit_tune_Project/input/Data/Data__200__pp__STAR_2019_I1771348__d04-x01-y02.dat
# Observable: $ \langle p^{ch}_{T} \rangle$
# Subobservable: Leading jet $p_{T} [GeV/c]$
# Design Design_Rivet.dat
# design_point1 design_point2 design_point3 design_point4 design_point5 design_point6 design_point7 design_point8 design_point9 design_point10 design_point11 design_point12 design_point13 design_point14 design_point15 design_point16 design_point17 design_point18 design_point19 design_point20 design_point21 design_point22 design_point23 design_point24 design_point25 design_point26 design_point27 design_point28 design_point29 design_point30 design_point31 design_point32 design_point33 design_point34 design_point35 design_point36 design_point37 design_point38 design_point39 design_point40 design_point41 design_point42 design_point43 design_point44 design_point45 design_point46 design_point47 design_point48 design_point49 design_point50 design_point51 design_point52 design_point53 design_point54 design_point55 design_point56 design_point57 design_point58 design_point59 design_point60 design_point61 design_point62 design_point63 design_point64 design_point65 design_point66 design_point67 design_point68 design_point69 design_point70 design_point71 design_point72 design_point73 design_point74 design_point75 design_point76 design_point77 design_point78 design_point79 design_point80 design_point81 design_point82 design_point83 design_point84 design_point85 design_point86 design_point87 design_point88 design_point89 design_point90 design_point91 design_point92 design_point93 design_point94 design_point95 design_point96 design_point97 design_point98 design_point99 design_point100 design_point101 design_point102 design_point103 design_point104 design_point105 design_point106 design_point107 design_point108
3.663285e-03 3.014639e-03 5.449180e-03 1.203495e-03 3.564500e-03 1.112414e-03 4.471779e-04 5.434137e-03 4.520208e-03 1.977704e-03 5.364374e-04 4.236444e-03 8.578475e-04 4.342718e-04 6.181033e-04 4.093307e-04 3.168076e-03 7.804097e-04 4.824550e-04 3.999021e-03 3.916704e-03 5.215652e-04 6.785548e-04 4.976917e-03 8.359483e-04 5.380617e-04 8.566538e-04 5.072911e-03 4.722315e-04 5.039922e-03 1.014701e-03 1.432143e-03 4.264230e-04 3.989033e-03 3.223548e-03 5.620962e-04 2.176280e-03 5.437252e-03 4.762450e-03 4.206694e-03 3.380822e-03 1.603664e-03 3.991783e-03 4.499340e-04 4.248447e-03 4.064952e-03 1.110344e-03 5.469260e-04 1.079376e-03 3.881591e-03 4.175029e-03 8.979765e-04 2.942771e-03 4.566629e-04 3.880048e-03 6.992392e-04 6.435749e-04 4.759095e-03 5.442011e-03 9.521239e-04 5.094477e-04 4.218354e-03 4.736937e-03 7.640598e-04 4.147918e-03 3.710195e-03 4.869694e-04 4.618220e-03 4.756932e-03 1.226032e-03 4.349817e-04 2.633964e-03 3.716058e-03 5.145207e-03 5.383866e-03 7.659072e-04 5.426912e-03 5.110945e-04 4.264101e-03 4.329766e-03 5.025412e-03 5.150006e-03 5.737248e-04 2.271059e-03 4.997398e-04 6.128882e-04 1.575848e-03 2.177620e-03 3.914719e-03 3.600641e-03 5.409602e-03 3.025198e-03 4.590648e-03 1.979864e-03 1.384618e-03 1.518161e-03 1.775836e-03 4.431976e-03 4.894759e-03 2.447868e-03 5.200463e-03 4.654030e-04 3.997040e-03 4.196329e-04 5.305861e-03 4.592999e-03 5.978988e-04 5.444256e-04
8.635394e-03 7.035820e-03 1.189769e-02 2.937739e-03 8.908878e-03 2.649836e-03 9.904770e-04 1.247471e-02 1.076718e-02 4.786065e-03 1.279739e-03 1.030911e-02 1.984106e-03 8.736782e-04 1.234431e-03 8.238508e-04 8.002503e-03 1.774603e-03 1.033587e-03 8.960208e-03 9.772070e-03 1.254930e-03 1.859032e-03 1.254929e-02 1.903737e-03 1.072952e-03 1.724191e-03 1.152710e-02 9.542506e-04 1.158394e-02 2.458962e-03 2.580462e-03 1.045721e-03 9.253375e-03 7.925210e-03 1.378524e-03 5.032479e-03 1.297699e-02 1.201096e-02 9.625640e-03 8.133903e-03 3.995220e-03 9.126919e-03 9.482443e-04 1.061013e-02 9.727169e-03 2.123924e-03 1.125286e-03 1.994635e-03 9.247889e-03 9.967615e-03 1.657082e-03 7.179514e-03 9.303852e-04 8.936358e-03 1.526132e-03 1.417114e-03 1.085415e-02 1.199546e-02 2.228533e-03 9.894037e-04 9.546121e-03 1.115860e-02 2.209661e-03 1.086272e-02 8.957207e-03 9.834636e-04 1.093702e-02 1.353493e-02 3.442967e-03 8.584330e-04 6.909485e-03 8.543496e-03 1.116069e-02 1.206076e-02 1.777162e-03 1.257313e-02 1.192652e-03 1.096706e-02 9.378854e-03 1.120464e-02 1.216821e-02 1.456903e-03 5.137470e-03 1.126719e-03 1.298599e-03 3.840880e-03 5.527317e-03 8.865603e-03 8.377342e-03 1.154228e-02 6.951596e-03 1.002038e-02 5.299061e-03 3.430407e-03 3.749466e-03 4.488154e-03 1.052769e-02 1.073378e-02 5.861317e-03 1.137989e-02 9.627156e-04 9.501384e-03 8.993876e-04 1.452564e-02 1.027279e-02 1.552822e-03 1.088042e-03
1.708418e-02 1.410333e-02 2.463345e-02 6.878189e-03 1.552232e-02 6.126553e-03 2.417482e-03 2.151488e-02 1.998431e-02 1.013066e-02 3.351351e-03 2.246753e-02 4.769974e-03 1.920830e-03 2.605420e-03 1.833709e-03 1.448025e-02 4.456092e-03 2.440950e-03 1.987817e-02 1.860537e-02 3.368213e-03 5.303700e-03 2.560169e-02 4.431485e-03 2.277007e-03 3.570694e-03 2.185148e-02 2.081234e-03 2.322163e-02 5.532862e-03 4.619301e-03 2.771133e-03 2.114460e-02 1.560513e-02 3.671857e-03 1.075736e-02 2.473713e-02 2.216484e-02 2.094009e-02 1.959936e-02 9.405353e-03 1.867943e-02 2.189644e-03 1.826996e-02 1.928219e-02 4.185235e-03 2.458936e-03 3.875509e-03 2.765697e-02 1.722214e-02 3.271964e-03 1.434522e-02 2.087852e-03 1.875724e-02 3.500624e-03 3.220060e-03 2.103097e-02 2.437659e-02 5.176416e-03 2.082350e-03 2.172591e-02 2.969082e-02 6.908726e-03 1.796242e-02 1.548804e-02 2.184533e-03 2.706410e-02 2.173491e-02 9.496676e-03 1.853491e-03 1.380841e-02 1.728655e-02 1.872781e-02 2.318217e-02 4.082464e-03 2.367449e-02 3.023724e-03 2.817152e-02 1.734229e-02 2.169249e-02 2.432129e-02 3.977924e-03 9.845628e-03 2.829536e-03 2.924407e-03 8.881779e-03 1.232550e-02 2.278711e-02 1.755886e-02 2.315332e-02 1.367698e-02 2.406287e-02 1.082594e-02 7.994331e-03 8.484853e-03 9.337847e-03 2.130665e-02 2.315978e-02 1.260394e-02 2.342680e-02 2.126792e-03 1.768012e-02 2.141870e-03 3.090284e-02 2.322106e-02 4.335774e-03 2.333506e-03
2.716297e-02 2.831618e-02 4.067442e-02 1.295354e-02 3.058998e-02 1.182388e-02 5.406967e-03 3.206367e-02 3.029114e-02 1.796910e-02 7.850182e-03 2.888547e-02 8.945031e-03 3.964222e-03 5.064146e-03 3.847405e-03 2.875700e-02 9.596627e-03 5.310711e-03 3.572455e-02 3.766734e-02 8.423941e-03 1.317206e-02 3.744929e-02 8.867067e-03 4.490793e-03 6.633804e-03 3.580362e-02 4.215700e-03 3.313835e-02 1.057540e-02 7.880663e-03 6.680684e-03 3.072390e-02 2.324195e-02 8.967093e-03 1.876762e-02 3.888659e-02 4.057246e-02 3.102383e-02 2.774756e-02 1.440924e-02 2.909968e-02 4.705229e-03 2.711234e-02 3.078012e-02 7.796419e-03 4.981344e-03 6.953619e-03 3.114378e-02 3.608742e-02 5.726989e-03 2.255593e-02 4.360829e-03 2.848721e-02 7.283394e-03 6.570344e-03 3.436069e-02 3.591890e-02 9.433736e-03 4.142980e-03 2.873780e-02 3.363879e-02 1.896796e-02 3.603654e-02 2.572952e-02 4.576729e-03 4.898499e-02 3.696884e-02 2.840233e-02 3.715046e-03 2.148428e-02 3.710363e-02 3.537207e-02 3.916360e-02 7.966661e-03 5.204266e-02 6.994078e-03 4.514591e-02 3.265784e-02 2.692141e-02 4.121057e-02 1.049358e-02 1.744031e-02 6.428025e-03 5.725322e-03 1.474688e-02 2.331914e-02 2.988772e-02 3.767431e-02 2.866454e-02 2.623223e-02 3.191012e-02 1.867414e-02 1.404708e-02 1.483100e-02 1.809162e-02 2.949297e-02 3.655974e-02 2.305591e-02 3.108613e-02 4.421213e-03 3.791994e-02 4.675151e-03 3.731028e-02 3.702544e-02 1.107259e-02 4.445346e-03
1.221634e-01 9.887829e-02 9.419608e-02 6.257454e-02 7.088811e-02 2.750163e-02 2.138410e-02 1.044550e-01 9.793788e-02 4.204409e-02 3.521310e-02 6.937290e-02 2.521017e-02 1.649116e-02 2.086971e-02 1.685465e-02 1.177985e-01 3.970209e-02 2.274071e-02 6.840790e-02 8.441871e-02 3.344267e-02 7.468441e-02 9.476327e-02 2.425307e-02 1.773432e-02 2.255163e-02 1.143758e-01 1.955734e-02 7.329474e-02 3.409580e-02 2.659410e-02 2.817385e-02 5.989153e-02 6.999229e-02 3.236967e-02 4.166617e-02 1.059086e-01 5.189655e-02 6.894993e-02 8.067145e-02 5.885090e-02 5.542098e-02 2.197585e-02 6.113958e-02 9.390818e-02 2.308060e-02 1.837546e-02 2.359707e-02 7.188740e-02 7.167007e-02 2.492632e-02 4.706927e-02 1.746023e-02 7.501830e-02 2.172433e-02 2.000189e-02 8.245130e-02 9.752564e-02 3.307942e-02 1.646808e-02 7.839871e-02 5.550392e-02 5.889669e-02 5.313663e-02 5.238777e-02 1.807810e-02 6.102484e-02 1.238779e-01 9.265630e-02 1.550569e-02 4.456922e-02 8.355392e-02 7.069870e-02 9.083594e-02 2.705183e-02 1.165020e-01 2.739289e-02 9.532931e-02 6.780058e-02 1.118307e-01 5.972368e-02 3.684841e-02 4.720955e-02 2.977297e-02 2.357705e-02 4.083122e-02 4.754617e-02 9.466058e-02 7.103716e-02 9.635620e-02 5.394120e-02 8.017740e-02 4.333206e-02 3.442153e-02 4.296104e-02 4.226630e-02 6.740269e-02 1.202507e-01 7.862655e-02 1.097875e-01 1.770813e-02 8.559767e-02 2.063786e-02 1.111409e-01 7.732389e-02 8.646175e-02 1.740139e-02
3.214488e-01 1.579391e-01 1.857876e-01 1.303488e-01 1.132427e-01 8.086322e-02 6.018213e-02 7.598236e-02 5.149925e-02 1.205501e-01 1.195409e-01 9.578389e-02 8.077561e-02 4.472039e-02 7.995857e-02 5.103762e-02 7.617254e-02 8.678422e-02 9.139678e-02 9.649817e-02 1.777963e-01 1.868837e-01 2.894576e-01 1.099109e-01 8.547903e-02 9.849857e-02 8.150145e-02 1.244657e-01 5.094752e-02 2.695555e-01 1.030880e-01 6.787648e-02 4.884945e-02 4.489644e-01 1.475491e-01 1.524232e-01 3.422796e-01 3.697884e-01 7.882133e-02 2.606070e-01 1.702063e-01 1.516086e-01 1.040421e-01 8.493726e-02 2.471284e-01 6.799550e-02 7.152699e-02 8.170404e-02 7.983305e-02 1.020848e-01 9.111219e-02 7.423148e-02 1.444455e-01 1.306483e-01 1.882759e-01 8.005415e-02 9.381963e-02 9.261621e-02 1.295428e-01 9.095597e-02 5.530076e-02 1.726466e-01 2.148796e-01 1.361411e-01 6.629044e-02 2.377801e-01 6.181023e-02 1.640319e+00 1.991141e-01 8.142657e-02 5.087735e-02 1.428637e-01 2.233144e-01 2.867860e-01 1.149027e-01 7.619691e-02 8.630716e-02 2.059617e-01 1.395317e-01 4.852031e-02 1.249598e-01 2.025809e-01 9.681005e-02 5.368580e-02 9.814970e-02 6.706805e-02 8.942034e-02 8.877177e-02 2.382738e-01 3.138474e-01 2.159061e-01 1.679909e-01 4.309134e-01 8.104977e-02 1.346516e-01 1.354047e-01 8.887262e-02 2.558291e-01 1.309231e-01 2.213736e-01 1.818389e-01 6.432840e-02 5.905438e-02 7.453799e-02 1.081298e-01 1.428231e-01 1.002344e-01 5.106824e-02
3.815275e-01 9.774990e-02 0.000000e+00 2.202827e-01 0.000000e+00 8.917268e-02 5.644859e-01 0.000000e+00 8.807668e-02 2.276973e-01 1.453773e-01 0.000000e+00 8.247088e-02 1.183485e-01 1.106978e-01 6.875520e-02 7.473697e-02 1.111173e-01 1.649481e-01 0.000000e+00 2.237545e-01 1.951626e-02 0.000000e+00 8.098691e-01 1.532436e-01 1.958772e-01 1.822890e-01 1.158838e-01 7.835824e-02 1.594314e-01 2.813203e-01 9.110799e-02 1.301561e-01 1.729918e-01 3.284295e-01 1.987366e-01 2.791860e-01 7.736520e-02 1.117855e-02 5.824231e-01 0.000000e+00 1.941094e-01 0.000000e+00 1.704017e-01 5.405830e-01 2.330054e-02 1.156500e-01 1.800585e-01 8.789091e-01 1.698509e-01 6.923741e-02 1.780506e-01 1.250240e-01 8.898713e-02 0.000000e+00 1.446554e-01 2.382551e-01 3.169886e-01 4.251284e-01 2.214405e-01 1.124924e-01 9.766685e-02 nan nan 0.000000e+00 2.480458e-01 2.107006e-01 2.703145e-01 2.802738e-01 0.000000e+00 8.739896e-02 nan 7.345222e-01 1.842805e-01 4.455097e-01 1.145656e-01 2.618801e-01 1.239508e-01 3.737505e-01 nan nan nan 1.921840e-01 9.039977e-01 1.419853e-01 1.197052e-01 1.530879e-01 2.402537e-01 5.448306e-02 0.000000e+00 0.000000e+00 3.810386e-02 0.000000e+00 2.014782e-01 2.673340e-01 7.974552e-02 1.408505e-01 2.164680e-01 0.000000e+00 4.244981e-01 0.000000e+00 6.521724e-02 1.778239e-01 2.123245e-01 5.041762e-02 0.000000e+00 1.214542e-01 7.823005e-02
0.000000e+00 0.000000e+00 0.000000e+00 0.000000e+00 0.000000e+00 0.000000e+00 0.000000e+00 0.000000e+00 0.000000e+00 0.000000e+00 0.000000e+00 0.000000e+00 0.000000e+00 1.246311e-01 0.000000e+00 0.000000e+00 0.000000e+00 0.000000e+00 0.000000e+00 0.000000e+00 0.000000e+00 0.000000e+00 0.000000e+00 0.000000e+00 0.000000e+00 0.000000e+00 0.000000e+00 0.000000e+00 0.000000e+00 0.000000e+00 0.000000e+00 0.000000e+00 0.000000e+00 0.000000e+00 1.979438e-01 0.000000e+00 0.000000e+00 0.000000e+00 nan 0.000000e+00 0.000000e+00 0.000000e+00 0.000000e+00 6.726492e-03 0.000000e+00 0.000000e+00 0.000000e+00 0.000000e+00 0.000000e+00 0.000000e+00 0.000000e+00 0.000000e+00 0.000000e+00 0.000000e+00 0.000000e+00 0.000000e+00 0.000000e+00 nan 0.000000e+00 nan 0.000000e+00 5.381505e-02 0.000000e+00 0.000000e+00 nan 0.000000e+00 6.287602e-01 0.000000e+00 0.000000e+00 0.000000e+00 1.187541e-01 0.000000e+00 0.000000e+00 0.000000e+00 0.000000e+00 0.000000e+00 0.000000e+00 0.000000e+00 0.000000e+00 0.000000e+00 0.000000e+00 0.000000e+00 0.000000e+00 0.000000e+00 0.000000e+00 1.448317e-01 0.000000e+00 0.000000e+00 0.000000e+00 0.000000e+00 0.000000e+00 0.000000e+00 0.000000e+00 0.000000e+00 0.000000e+00 0.000000e+00 0.000000e+00 0.000000e+00 0.000000e+00 9.152360e-03 0.000000e+00 0.000000e+00 0.000000e+00 0.000000e+00 0.000000e+00 nan 0.000000e+00 1.021828e-01
