# Version 0.0
# Data /lustre/isaac24/proj/UTK0244/cbaillar/Bayes_HEP/Detroit_tune_Project/input/Data/Data__200__pp__STAR_2020_I1783875__d29-x01-y01.dat
# Observable: $1/N_{jets}$
# Subobservable: $z_{g}$
# Design Design_Rivet.dat
# design_point1 design_point2 design_point3 design_point4 design_point5 design_point6 design_point7 design_point8 design_point9 design_point10 design_point11 design_point12 design_point13 design_point14 design_point15 design_point16 design_point17 design_point18 design_point19 design_point20 design_point21 design_point22 design_point23 design_point24 design_point25 design_point26 design_point27 design_point28 design_point29 design_point30 design_point31 design_point32 design_point33 design_point34 design_point35 design_point36 design_point37 design_point38 design_point39 design_point40 design_point41 design_point42 design_point43 design_point44 design_point45 design_point46 design_point47 design_point48 design_point49 design_point50 design_point51 design_point52 design_point53 design_point54 design_point55 design_point56 design_point57 design_point58 design_point59 design_point60 design_point61 design_point62 design_point63 design_point64 design_point65 design_point66 design_point67 design_point68 design_point69 design_point70 design_point71 design_point72 design_point73 design_point74 design_point75 design_point76 design_point77 design_point78 design_point79 design_point80 design_point81 design_point82 design_point83 design_point84 design_point85 design_point86 design_point87 design_point88 design_point89 design_point90 design_point91 design_point92 design_point93 design_point94 design_point95 design_point96 design_point97 design_point98 design_point99 design_point100 design_point101 design_point102 design_point103 design_point104 design_point105 design_point106 design_point107 design_point108
6.347801e-03 6.363738e-03 6.334777e-03 6.422924e-03 6.344473e-03 6.432227e-03 6.508716e-03 6.334066e-03 6.338593e-03 6.385232e-03 6.490788e-03 6.339676e-03 6.476836e-03 6.515686e-03 6.475923e-03 6.518253e-03 6.355897e-03 6.467638e-03 6.522571e-03 8.979497e-03 8.976947e-03 9.347749e-03 2.450122e-01 8.952576e-03 9.132681e-03 9.205952e-03 9.116609e-03 6.341426e-03 6.499233e-03 6.331320e-03 6.437510e-03 6.405074e-03 6.514624e-03 6.354360e-03 6.355208e-03 9.664385e-03 6.417745e-03 6.324882e-03 6.354781e-03 6.345605e-03 6.358357e-03 6.401402e-03 6.341318e-03 6.498215e-03 6.339973e-03 6.348665e-03 9.095186e-03 9.178940e-03 9.091229e-03 8.976458e-03 8.978668e-03 9.172026e-03 9.058748e-03 9.194299e-03 6.350943e-03 9.152076e-03 9.158406e-03 8.955567e-03 8.938619e-03 9.141601e-03 9.175500e-03 8.959262e-03 8.987599e-03 3.849175e-01 8.967776e-03 8.985776e-03 9.189273e-03 8.973498e-03 8.945662e-03 3.393311e-01 9.204337e-03 9.004579e-03 6.347423e-03 8.920016e-03 8.929158e-03 9.137883e-03 8.937661e-03 9.175774e-03 8.987729e-03 8.972308e-03 8.954493e-03 4.474452e-03 4.578960e-02 9.006527e-03 9.181978e-03 9.150307e-03 9.058391e-03 9.027440e-03 8.968764e-03 9.012256e-03 5.161393e-03 6.405525e-03 6.341394e-03 6.391134e-03 9.124698e-03 9.064146e-03 9.043657e-03 8.949276e-03 8.982015e-03 6.378011e-03 8.951713e-03 9.192145e-03 8.979737e-03 9.208947e-03 8.979051e-03 8.963222e-03 8.562862e-02 9.203980e-03
5.006112e-03 5.027210e-03 4.994591e-03 5.071767e-03 5.012744e-03 5.083061e-03 5.135854e-03 4.992276e-03 4.995598e-03 5.040783e-03 5.136305e-03 5.006786e-03 5.119501e-03 5.135007e-03 5.128505e-03 5.149666e-03 5.022636e-03 5.091667e-03 5.161831e-03 7.086617e-03 7.075111e-03 7.389969e-03 1.973063e-01 7.064024e-03 7.211259e-03 7.249376e-03 7.218354e-03 5.003835e-03 5.143645e-03 4.998423e-03 5.082340e-03 5.061807e-03 5.107407e-03 5.009782e-03 5.017592e-03 7.648978e-03 5.057040e-03 4.990941e-03 5.011549e-03 5.010611e-03 5.012061e-03 5.055661e-03 5.004584e-03 5.144284e-03 4.994059e-03 5.004847e-03 7.163311e-03 7.253155e-03 7.194151e-03 7.088038e-03 7.085449e-03 7.257110e-03 7.145177e-03 7.285786e-03 5.015811e-03 7.232447e-03 7.238676e-03 7.076759e-03 7.062426e-03 7.225926e-03 7.280873e-03 7.078017e-03 7.092589e-03 3.108489e-01 7.071286e-03 7.088635e-03 7.277940e-03 7.078343e-03 7.064473e-03 2.685487e-01 7.299946e-03 7.095354e-03 5.010556e-03 7.019839e-03 7.044837e-03 7.219840e-03 7.045929e-03 7.252919e-03 7.086708e-03 7.078922e-03 7.066914e-03 3.533572e-03 3.649973e-02 7.104006e-03 7.260810e-03 7.261593e-03 7.151141e-03 7.106386e-03 7.081978e-03 7.102593e-03 4.074827e-03 5.056607e-03 5.001461e-03 5.041622e-03 7.199552e-03 7.154388e-03 7.130195e-03 7.069408e-03 7.085149e-03 5.031332e-03 7.068955e-03 7.281838e-03 7.081561e-03 7.254621e-03 7.082861e-03 7.065202e-03 6.756202e-02 7.290892e-03
4.160746e-03 4.158950e-03 4.149635e-03 4.188179e-03 4.158047e-03 4.200400e-03 4.217743e-03 4.149977e-03 4.146139e-03 4.173153e-03 4.223395e-03 4.157621e-03 4.223119e-03 4.229793e-03 4.217288e-03 4.235007e-03 4.156386e-03 4.196366e-03 4.251994e-03 5.876944e-03 5.874082e-03 6.072333e-03 1.569015e-01 5.867682e-03 5.944799e-03 5.970165e-03 5.959677e-03 4.163265e-03 4.233868e-03 4.146289e-03 4.197570e-03 4.192955e-03 4.194204e-03 4.169124e-03 4.157651e-03 6.301449e-03 4.188396e-03 4.143864e-03 4.164467e-03 4.157522e-03 4.159765e-03 4.174241e-03 4.160386e-03 4.238213e-03 4.153783e-03 4.155464e-03 5.919079e-03 5.987297e-03 5.945859e-03 5.871181e-03 5.880168e-03 5.986560e-03 5.911411e-03 6.009763e-03 4.152412e-03 5.969888e-03 5.966560e-03 5.869706e-03 5.865639e-03 5.961637e-03 5.990850e-03 5.868228e-03 5.891793e-03 2.686041e-01 5.871562e-03 5.876316e-03 5.986292e-03 5.873349e-03 5.865591e-03 2.128185e-01 6.007405e-03 5.876097e-03 4.157446e-03 5.837988e-03 5.863751e-03 5.948850e-03 5.862106e-03 5.978719e-03 5.892076e-03 5.873795e-03 5.873441e-03 2.934226e-03 3.019817e-02 5.896563e-03 5.980508e-03 5.976237e-03 5.906579e-03 5.885035e-03 5.875258e-03 5.903582e-03 3.384992e-03 4.194637e-03 4.153856e-03 4.173791e-03 5.944422e-03 5.915938e-03 5.894735e-03 5.867284e-03 5.881280e-03 4.167905e-03 5.867726e-03 5.985071e-03 5.880655e-03 5.968420e-03 5.893229e-03 5.871078e-03 5.557518e-02 6.007557e-03
3.607575e-03 3.607486e-03 3.604137e-03 3.608756e-03 3.601762e-03 3.612541e-03 3.614519e-03 3.601811e-03 3.598283e-03 3.605266e-03 3.620244e-03 3.599496e-03 3.619650e-03 3.626778e-03 3.612063e-03 3.620650e-03 3.599680e-03 3.606000e-03 3.640587e-03 5.104173e-03 5.088425e-03 5.213326e-03 1.385505e-01 5.094926e-03 5.099962e-03 5.123653e-03 5.121802e-03 3.606568e-03 3.628779e-03 3.597056e-03 3.607662e-03 3.614711e-03 3.591057e-03 3.608842e-03 3.598664e-03 5.419091e-03 3.621330e-03 3.602797e-03 3.609974e-03 3.602985e-03 3.607069e-03 3.601402e-03 3.606055e-03 3.625727e-03 3.600629e-03 3.601774e-03 5.101288e-03 5.128875e-03 5.112696e-03 5.096285e-03 5.097008e-03 5.142853e-03 5.124237e-03 5.135888e-03 3.604256e-03 5.121594e-03 5.122552e-03 5.090965e-03 5.087124e-03 5.130898e-03 5.131960e-03 5.094226e-03 5.113922e-03 2.198034e-01 5.096680e-03 5.090623e-03 5.135256e-03 5.085467e-03 5.089991e-03 1.984161e-01 5.137636e-03 5.077643e-03 3.601967e-03 5.062100e-03 5.096783e-03 5.103318e-03 5.093692e-03 5.116666e-03 5.105703e-03 5.098018e-03 5.096885e-03 2.543836e-03 2.588050e-02 5.096578e-03 5.119001e-03 5.127586e-03 5.103426e-03 5.087574e-03 5.103893e-03 5.111816e-03 2.941440e-03 3.628490e-03 3.602128e-03 3.602333e-03 5.122805e-03 5.095479e-03 5.090002e-03 5.093252e-03 5.113895e-03 3.602160e-03 5.095215e-03 5.122123e-03 5.093048e-03 5.114375e-03 5.105780e-03 5.092710e-03 4.873267e-02 5.149215e-03
3.237726e-03 3.232001e-03 3.245878e-03 3.226769e-03 3.240805e-03 3.227015e-03 3.209744e-03 3.244514e-03 3.238678e-03 3.228692e-03 3.218865e-03 3.242647e-03 3.230631e-03 3.218552e-03 3.227785e-03 3.217189e-03 3.236609e-03 3.222161e-03 3.241324e-03 4.589335e-03 4.584097e-03 4.642555e-03 1.309379e-01 4.589230e-03 4.557770e-03 4.558147e-03 4.567931e-03 3.251280e-03 3.220680e-03 3.241130e-03 3.222697e-03 3.232607e-03 3.199032e-03 3.239658e-03 3.234506e-03 4.817138e-03 3.250011e-03 3.246307e-03 3.249610e-03 3.236423e-03 3.243452e-03 3.230844e-03 3.237224e-03 3.223732e-03 3.240062e-03 3.232687e-03 4.556890e-03 4.563676e-03 4.566630e-03 4.575480e-03 4.584002e-03 4.584006e-03 4.603920e-03 4.568699e-03 3.240791e-03 4.561717e-03 4.562090e-03 4.585348e-03 4.585050e-03 4.571107e-03 4.572102e-03 4.584470e-03 4.602451e-03 2.061939e-01 4.577330e-03 4.581703e-03 4.560984e-03 4.578901e-03 4.586618e-03 1.725920e-01 4.574053e-03 4.573719e-03 3.237684e-03 4.557732e-03 4.586699e-03 4.550895e-03 4.587402e-03 4.556467e-03 4.593114e-03 4.590793e-03 4.584927e-03 2.293289e-03 2.307817e-02 4.579710e-03 4.560423e-03 4.561947e-03 4.559483e-03 4.566374e-03 4.586169e-03 4.595903e-03 2.652004e-03 3.258369e-03 3.248125e-03 3.233482e-03 4.573446e-03 4.562113e-03 4.565308e-03 4.582073e-03 4.600690e-03 3.231820e-03 4.585555e-03 4.564343e-03 4.595109e-03 4.536666e-03 4.601892e-03 4.586411e-03 4.291079e-02 4.578048e-03
3.002937e-03 2.993419e-03 3.014529e-03 2.972519e-03 3.003297e-03 2.974247e-03 2.958204e-03 3.014269e-03 3.014265e-03 2.989448e-03 2.968423e-03 3.005931e-03 2.982028e-03 2.952779e-03 2.967106e-03 2.960485e-03 3.000912e-03 2.975420e-03 2.974363e-03 4.257737e-03 4.252392e-03 4.270904e-03 1.144140e-01 4.264618e-03 4.205001e-03 4.187929e-03 4.210650e-03 3.013576e-03 2.968081e-03 3.006798e-03 2.972197e-03 2.988471e-03 2.951201e-03 3.016602e-03 3.004422e-03 4.445971e-03 3.013700e-03 3.010996e-03 3.023122e-03 3.013610e-03 3.003739e-03 2.987054e-03 3.008201e-03 2.958378e-03 3.004583e-03 3.002380e-03 4.214689e-03 4.187341e-03 4.217487e-03 4.248767e-03 4.248409e-03 4.229573e-03 4.269607e-03 4.187632e-03 3.011115e-03 4.199550e-03 4.192008e-03 4.252156e-03 4.262235e-03 4.217619e-03 4.197010e-03 4.250194e-03 4.276466e-03 1.776650e-01 4.251864e-03 4.248491e-03 4.199125e-03 4.241072e-03 4.255941e-03 1.504855e-01 4.193641e-03 4.231615e-03 3.014927e-03 4.222826e-03 4.265431e-03 4.202439e-03 4.262731e-03 4.192264e-03 4.273956e-03 4.261687e-03 4.266547e-03 2.126355e-03 2.119442e-02 4.245719e-03 4.177307e-03 4.191316e-03 4.223950e-03 4.231656e-03 4.256163e-03 4.255950e-03 2.463751e-03 3.017746e-03 3.011366e-03 2.993227e-03 4.234334e-03 4.218979e-03 4.223885e-03 4.250501e-03 4.269194e-03 2.992841e-03 4.256146e-03 4.192843e-03 4.255459e-03 4.177430e-03 4.273478e-03 4.258406e-03 4.031434e-02 4.208148e-03
2.862575e-03 2.860226e-03 2.878487e-03 2.826724e-03 2.861384e-03 2.829075e-03 2.798965e-03 2.872618e-03 2.868966e-03 2.845022e-03 2.803718e-03 2.871525e-03 2.822937e-03 2.798937e-03 2.813479e-03 2.791897e-03 2.863149e-03 2.823398e-03 2.810585e-03 4.064115e-03 4.054190e-03 4.052992e-03 1.050669e-01 4.063403e-03 3.985593e-03 3.981181e-03 3.995660e-03 2.876872e-03 2.809084e-03 2.874037e-03 2.819044e-03 2.836552e-03 2.800918e-03 2.871705e-03 2.862719e-03 4.217991e-03 2.870637e-03 2.877773e-03 2.878823e-03 2.868243e-03 2.856437e-03 2.836922e-03 2.862520e-03 2.800308e-03 2.863057e-03 2.867498e-03 4.002531e-03 3.964424e-03 4.006466e-03 4.052544e-03 4.058561e-03 4.018188e-03 4.056038e-03 3.969931e-03 2.875519e-03 3.974008e-03 3.975890e-03 4.055324e-03 4.056703e-03 4.002872e-03 3.971464e-03 4.055808e-03 4.081384e-03 1.794688e-01 4.057206e-03 4.056324e-03 3.973872e-03 4.046332e-03 4.058124e-03 1.544839e-01 3.977566e-03 4.040386e-03 2.865175e-03 4.019612e-03 4.065799e-03 3.981102e-03 4.064286e-03 3.968808e-03 4.068660e-03 4.060262e-03 4.058483e-03 2.032751e-03 2.020181e-02 4.048340e-03 3.966770e-03 3.966138e-03 4.012373e-03 4.032682e-03 4.053033e-03 4.067850e-03 2.352680e-03 2.881916e-03 2.877987e-03 2.844750e-03 4.026905e-03 4.006679e-03 4.017096e-03 4.049188e-03 4.071231e-03 2.855202e-03 4.060081e-03 3.969607e-03 4.063067e-03 3.960846e-03 4.078289e-03 4.060149e-03 3.785615e-02 3.995155e-03
2.796149e-03 2.786327e-03 2.809519e-03 2.751731e-03 2.799313e-03 2.746848e-03 2.730450e-03 2.811414e-03 2.803594e-03 2.778889e-03 2.734130e-03 2.800112e-03 2.745392e-03 2.720545e-03 2.735525e-03 2.725673e-03 2.795834e-03 2.751006e-03 2.744109e-03 3.957172e-03 3.958546e-03 3.940371e-03 1.113855e-01 3.967415e-03 3.881518e-03 3.872831e-03 3.886170e-03 2.806329e-03 2.731397e-03 2.812731e-03 2.749459e-03 2.775871e-03 2.723597e-03 2.806258e-03 2.797623e-03 4.092965e-03 2.807094e-03 2.801539e-03 2.821844e-03 2.797855e-03 2.785762e-03 2.763812e-03 2.799454e-03 2.727441e-03 2.806471e-03 2.795711e-03 3.901476e-03 3.851765e-03 3.899623e-03 3.957030e-03 3.961612e-03 3.917107e-03 3.965540e-03 3.863800e-03 2.795506e-03 3.870302e-03 3.866384e-03 3.965377e-03 3.960663e-03 3.898070e-03 3.861606e-03 3.959910e-03 3.977423e-03 1.721403e-01 3.957292e-03 3.957029e-03 3.873221e-03 3.942576e-03 3.975145e-03 1.493234e-01 3.851251e-03 3.939537e-03 2.799935e-03 3.939640e-03 3.958109e-03 3.873835e-03 3.972748e-03 3.858013e-03 3.976282e-03 3.960190e-03 3.970453e-03 1.986055e-03 1.952841e-02 3.943805e-03 3.853574e-03 3.867842e-03 3.910996e-03 3.934147e-03 3.954318e-03 3.968030e-03 2.296778e-03 2.815859e-03 2.807958e-03 2.775367e-03 3.926759e-03 3.903731e-03 3.924440e-03 3.961744e-03 3.977288e-03 2.783206e-03 3.963622e-03 3.846563e-03 3.978944e-03 3.861007e-03 3.986017e-03 3.965541e-03 3.653144e-02 3.883725e-03
