# Version 0.0
# Data /lustre/isaac24/proj/UTK0244/cbaillar/Bayes_HEP/Detroit_tune_Project/input/Data/Data__200__pp__STAR_2020_I1783875__d32-x01-y01.dat
# Observable: $1/N_{jets}$
# Subobservable: $R_{g}$
# Design Design_Rivet.dat
# design_point1 design_point2 design_point3 design_point4 design_point5 design_point6 design_point7 design_point8 design_point9 design_point10 design_point11 design_point12 design_point13 design_point14 design_point15 design_point16 design_point17 design_point18 design_point19 design_point20 design_point21 design_point22 design_point23 design_point24 design_point25 design_point26 design_point27 design_point28 design_point29 design_point30 design_point31 design_point32 design_point33 design_point34 design_point35 design_point36 design_point37 design_point38 design_point39 design_point40 design_point41 design_point42 design_point43 design_point44 design_point45 design_point46 design_point47 design_point48 design_point49 design_point50 design_point51 design_point52 design_point53 design_point54 design_point55 design_point56 design_point57 design_point58 design_point59 design_point60 design_point61 design_point62 design_point63 design_point64 design_point65 design_point66 design_point67 design_point68 design_point69 design_point70 design_point71 design_point72 design_point73 design_point74 design_point75 design_point76 design_point77 design_point78 design_point79 design_point80 design_point81 design_point82 design_point83 design_point84 design_point85 design_point86 design_point87 design_point88 design_point89 design_point90 design_point91 design_point92 design_point93 design_point94 design_point95 design_point96 design_point97 design_point98 design_point99 design_point100 design_point101 design_point102 design_point103 design_point104 design_point105 design_point106 design_point107 design_point108
1.802875e-03 1.805043e-03 1.809041e-03 1.773847e-03 1.802781e-03 1.770649e-03 1.765105e-03 1.809168e-03 1.804879e-03 1.787521e-03 1.750922e-03 1.811168e-03 1.797310e-03 1.768881e-03 1.758238e-03 1.761018e-03 1.797644e-03 1.779308e-03 1.789861e-03 2.556576e-03 2.543562e-03 2.502416e-03 5.040353e-02 2.560678e-03 2.504052e-03 2.541405e-03 2.501980e-03 1.820494e-03 1.759408e-03 1.812050e-03 1.765401e-03 1.780064e-03 1.781645e-03 1.820496e-03 1.801292e-03 2.134176e-03 1.858784e-03 1.805070e-03 1.840039e-03 1.814041e-03 1.799499e-03 1.779849e-03 1.806490e-03 1.748931e-03 1.801760e-03 1.800418e-03 2.531369e-03 2.480275e-03 2.503858e-03 2.555272e-03 2.551086e-03 2.570443e-03 2.626339e-03 2.470674e-03 1.806825e-03 2.490867e-03 2.492355e-03 2.557864e-03 2.547685e-03 2.550333e-03 2.481629e-03 2.543794e-03 2.603799e-03 8.894425e-02 2.541701e-03 2.548001e-03 2.483524e-03 2.546508e-03 2.555770e-03 6.518290e-02 2.492324e-03 2.544275e-03 1.803934e-03 2.577138e-03 2.552455e-03 2.486228e-03 2.558308e-03 2.473021e-03 2.594916e-03 2.561107e-03 2.553384e-03 1.278546e-03 9.296157e-03 2.537973e-03 2.476476e-03 2.484480e-03 2.522751e-03 2.539130e-03 2.551025e-03 2.603728e-03 1.475863e-03 1.890990e-03 1.802401e-03 1.791567e-03 2.607554e-03 2.509328e-03 2.521558e-03 2.541851e-03 2.591032e-03 1.798627e-03 2.556140e-03 2.482979e-03 2.574911e-03 2.511457e-03 2.601375e-03 2.550398e-03 1.797771e-02 2.531878e-03
3.827529e-03 3.820371e-03 3.844540e-03 3.777557e-03 3.812914e-03 3.774546e-03 3.754054e-03 3.829774e-03 3.828905e-03 3.800822e-03 3.742934e-03 3.839946e-03 3.826790e-03 3.755767e-03 3.753484e-03 3.747625e-03 3.812134e-03 3.777052e-03 3.824755e-03 5.416787e-03 5.403356e-03 5.345825e-03 1.080207e-01 5.421477e-03 5.334310e-03 5.396662e-03 5.322169e-03 3.860136e-03 3.749171e-03 3.838550e-03 3.763236e-03 3.786657e-03 3.775679e-03 3.861010e-03 3.821624e-03 4.584033e-03 3.941632e-03 3.829902e-03 3.894887e-03 3.835496e-03 3.818217e-03 3.793035e-03 3.823997e-03 3.731832e-03 3.821447e-03 3.820000e-03 5.369964e-03 5.291488e-03 5.333170e-03 5.406058e-03 5.422192e-03 5.469600e-03 5.572201e-03 5.280236e-03 3.836951e-03 5.315317e-03 5.315201e-03 5.411058e-03 5.403625e-03 5.441839e-03 5.293543e-03 5.409617e-03 5.520247e-03 1.932363e-01 5.404279e-03 5.413742e-03 5.296190e-03 5.395633e-03 5.414370e-03 1.410842e-01 5.315968e-03 5.403673e-03 3.823382e-03 5.478205e-03 5.408825e-03 5.312779e-03 5.419234e-03 5.283030e-03 5.490944e-03 5.433475e-03 5.408592e-03 2.708916e-03 1.979131e-02 5.395577e-03 5.285264e-03 5.297627e-03 5.358393e-03 5.395266e-03 5.407149e-03 5.524361e-03 3.126665e-03 4.001012e-03 3.827239e-03 3.807904e-03 5.530367e-03 5.355898e-03 5.359775e-03 5.395123e-03 5.487504e-03 3.819713e-03 5.410675e-03 5.295745e-03 5.455303e-03 5.333195e-03 5.515398e-03 5.412604e-03 3.861605e-02 5.401306e-03
5.646078e-03 5.637311e-03 5.657888e-03 5.626232e-03 5.630708e-03 5.624663e-03 5.613288e-03 5.640531e-03 5.642465e-03 5.636577e-03 5.617832e-03 5.656293e-03 5.702898e-03 5.613284e-03 5.615595e-03 5.611725e-03 5.629055e-03 5.618917e-03 5.723816e-03 7.993541e-03 7.967327e-03 8.008452e-03 1.633760e-01 7.988458e-03 7.953490e-03 8.022825e-03 7.944022e-03 5.678374e-03 5.615102e-03 5.654480e-03 5.618074e-03 5.628313e-03 5.606385e-03 5.687134e-03 5.638860e-03 6.957918e-03 5.800356e-03 5.637420e-03 5.723590e-03 5.655400e-03 5.633463e-03 5.631275e-03 5.648813e-03 5.604815e-03 5.626142e-03 5.641149e-03 7.956083e-03 7.931045e-03 7.933788e-03 7.972162e-03 7.996565e-03 8.135206e-03 8.185082e-03 7.937136e-03 5.654429e-03 7.950301e-03 7.952355e-03 7.963598e-03 7.956563e-03 8.090289e-03 7.949244e-03 7.962775e-03 8.108867e-03 2.939201e-01 7.962403e-03 7.984466e-03 7.944273e-03 7.957703e-03 7.981748e-03 2.136083e-01 7.989081e-03 7.974906e-03 5.646420e-03 8.048417e-03 7.961918e-03 7.931888e-03 7.968176e-03 7.922560e-03 8.083977e-03 8.007253e-03 7.974571e-03 3.992172e-03 3.040894e-02 7.977146e-03 7.934992e-03 7.945227e-03 7.961134e-03 7.968607e-03 7.975903e-03 8.123687e-03 4.605507e-03 5.868906e-03 5.641838e-03 5.640253e-03 8.177684e-03 7.950768e-03 7.951209e-03 7.951235e-03 8.061688e-03 5.644947e-03 7.973958e-03 7.938891e-03 8.036041e-03 7.950526e-03 8.095247e-03 7.982861e-03 5.948957e-02 8.084028e-03
6.151729e-03 6.155594e-03 6.138753e-03 6.199266e-03 6.143682e-03 6.203397e-03 6.225415e-03 6.136111e-03 6.132508e-03 6.172262e-03 6.240052e-03 6.149029e-03 6.296779e-03 6.226208e-03 6.229444e-03 6.236611e-03 6.144368e-03 6.190259e-03 6.345112e-03 8.706737e-03 8.676062e-03 8.894532e-03 1.942084e-01 8.684345e-03 8.783813e-03 8.854443e-03 8.794673e-03 6.165551e-03 6.240833e-03 6.140005e-03 6.198395e-03 6.180450e-03 6.181506e-03 6.186005e-03 6.149879e-03 7.844009e-03 6.300337e-03 6.124478e-03 6.202823e-03 6.153595e-03 6.147036e-03 6.188221e-03 6.146666e-03 6.240125e-03 6.128101e-03 6.140177e-03 8.730094e-03 8.824052e-03 8.764887e-03 8.686353e-03 8.695518e-03 8.957695e-03 8.885220e-03 8.843678e-03 6.154919e-03 8.812505e-03 8.820835e-03 8.672690e-03 8.653682e-03 8.908401e-03 8.842394e-03 8.666008e-03 8.791587e-03 3.356394e-01 8.671685e-03 8.701626e-03 8.832021e-03 8.663198e-03 8.676691e-03 2.494155e-01 8.900073e-03 8.710375e-03 6.148967e-03 8.729153e-03 8.662031e-03 8.783267e-03 8.667487e-03 8.809863e-03 8.776980e-03 8.711424e-03 8.669903e-03 4.341766e-03 3.468609e-02 8.712466e-03 8.822793e-03 8.825319e-03 8.748500e-03 8.707736e-03 8.693680e-03 8.822242e-03 5.003222e-03 6.352826e-03 6.141114e-03 6.175380e-03 8.937100e-03 8.747180e-03 8.723692e-03 8.650452e-03 8.761298e-03 6.172993e-03 8.668084e-03 8.826718e-03 8.735138e-03 8.796871e-03 8.774795e-03 8.684398e-03 6.864270e-02 8.963812e-03
7.533808e-04 7.534766e-04 7.456590e-04 7.672587e-04 7.528301e-04 7.695610e-04 7.773943e-04 7.463245e-04 7.522350e-04 7.615481e-04 7.757603e-04 7.532688e-04 7.769076e-04 7.776523e-04 7.724382e-04 7.757537e-04 7.497341e-04 7.681925e-04 7.911914e-04 1.061894e-03 1.062996e-03 1.107470e-03 2.487657e-02 1.060379e-03 1.093203e-03 1.095878e-03 1.092119e-03 7.504724e-04 7.783346e-04 7.477052e-04 7.669885e-04 7.615293e-04 7.694831e-04 7.535070e-04 7.558451e-04 9.971797e-04 7.662886e-04 7.460879e-04 7.519675e-04 7.539443e-04 7.558397e-04 7.629978e-04 7.510214e-04 7.797408e-04 7.474904e-04 7.540679e-04 1.072046e-03 1.094202e-03 1.085735e-03 1.059100e-03 1.062259e-03 1.103105e-03 1.081284e-03 1.108605e-03 7.486851e-04 1.099881e-03 1.098632e-03 1.058617e-03 1.053060e-03 1.106171e-03 1.103481e-03 1.061916e-03 1.071130e-03 4.357360e-02 1.060151e-03 1.054457e-03 1.098874e-03 1.064963e-03 1.048922e-03 3.294379e-02 1.107248e-03 1.066119e-03 7.509164e-04 1.063657e-03 1.061179e-03 1.094468e-03 1.049677e-03 1.099818e-03 1.065342e-03 1.062294e-03 1.061090e-03 5.285504e-04 4.476808e-03 1.069724e-03 1.101550e-03 1.100541e-03 1.079416e-03 1.068162e-03 1.065776e-03 1.073853e-03 6.099678e-04 7.659194e-04 7.460470e-04 7.623478e-04 1.095127e-03 1.081882e-03 1.076166e-03 1.053038e-03 1.067838e-03 7.564297e-04 1.057418e-03 1.104730e-03 1.066854e-03 1.097299e-03 1.059367e-03 1.065113e-03 9.035181e-03 1.116379e-03
