# Version 0.0
# Data /lustre/isaac24/proj/UTK0244/cbaillar/Bayes_HEP/Detroit_tune_Project/input/Data/Data__200__pp__PHENIX_2025_I2820229__d08-x01-y07.dat
# Observable: $\frac{1}{N_{jet}}\frac{dN}{rdr}$
# Subobservable: r
# Design Design_Rivet.dat
# design_point1 design_point2 design_point3 design_point4 design_point5 design_point6 design_point7 design_point8 design_point9 design_point10 design_point11 design_point12 design_point13 design_point14 design_point15 design_point16 design_point17 design_point18 design_point19 design_point20 design_point21 design_point22 design_point23 design_point24 design_point25 design_point26 design_point27 design_point28 design_point29 design_point30 design_point31 design_point32 design_point33 design_point34 design_point35 design_point36 design_point37 design_point38 design_point39 design_point40 design_point41 design_point42 design_point43 design_point44 design_point45 design_point46 design_point47 design_point48 design_point49 design_point50 design_point51 design_point52 design_point53 design_point54 design_point55 design_point56 design_point57 design_point58 design_point59 design_point60 design_point61 design_point62 design_point63 design_point64 design_point65 design_point66 design_point67 design_point68 design_point69 design_point70 design_point71 design_point72 design_point73 design_point74 design_point75 design_point76 design_point77 design_point78 design_point79 design_point80 design_point81 design_point82 design_point83 design_point84 design_point85 design_point86 design_point87 design_point88 design_point89 design_point90 design_point91 design_point92 design_point93 design_point94 design_point95 design_point96 design_point97 design_point98 design_point99 design_point100 design_point101 design_point102 design_point103 design_point104 design_point105 design_point106 design_point107 design_point108
4.103819e+00 3.323538e+00 3.958225e+00 3.932178e+02 4.445817e+00 2.796104e+00 3.791091e+00 3.798735e+00 4.076604e+00 2.829028e+00 3.060398e+00 3.202067e+00 5.676964e+00 3.912196e+00 2.865354e+00 4.637670e+00 3.372040e+00 3.147889e+00 3.928684e+00 4.459302e+00 5.388045e+00 4.362951e+00 6.515624e+01 3.843558e+00 9.423349e+00 3.868468e+00 3.590281e+00 5.994926e+00 2.883344e+00 1.321370e+01 3.214813e+00 2.824282e+00 3.347981e+00 2.974209e+00 3.221467e+00 4.346962e+00 3.388149e+00 3.247802e+00 2.853841e+00 3.465218e+00 3.635377e+00 5.235607e+00 6.255658e+03 3.142388e+00 2.874709e+00 3.184191e+00 4.473261e+00 3.954749e+00 4.417404e+00 5.007923e+00 4.481510e+00 4.093399e+00 4.796913e+00 4.950412e+00 9.318071e+02 4.772054e+00 4.124602e+00 7.092792e+00 3.787144e+00 5.775870e+00 4.371023e+00 4.493143e+00 4.746197e+00 1.390842e+02 4.976650e+00 3.722735e+00 2.913636e+03 4.200359e+00 4.274685e+01 7.570709e+01 4.316598e+00 4.367881e+00 3.372062e+00 4.623258e+00 6.275563e+00 2.699787e+01 1.439529e+01 5.385171e+00 4.141623e+00 3.676045e+00 4.380774e+00 2.306729e+00 1.241585e+01 4.181069e+00 3.748432e+00 5.198321e+00 6.569305e+00 5.329979e+00 7.272411e+00 6.058009e+00 2.558891e+00 3.129814e+00 3.821290e+00 4.313736e+00 4.265072e+00 5.186951e+00 4.715438e+00 5.987685e+00 6.085706e+00 4.706646e+00 5.234734e+00 4.138812e+00 7.205885e+00 6.662067e+00 4.720085e+00 4.114513e+00 9.931692e+01 4.827882e+00
4.427836e-01 4.427829e-01 4.435324e-01 4.434571e-01 4.422694e-01 4.436732e-01 4.439974e-01 4.424309e-01 4.422847e-01 4.431831e-01 4.444870e-01 4.436521e-01 4.497147e-01 4.438412e-01 4.440943e-01 4.441291e-01 4.426713e-01 4.435875e-01 4.530412e-01 6.271150e-01 6.257488e-01 6.324637e-01 1.382218e+01 6.257377e-01 6.273929e-01 6.339441e-01 6.268660e-01 4.454839e-01 4.445297e-01 4.429311e-01 4.430860e-01 4.428700e-01 4.435962e-01 4.463247e-01 4.425581e-01 5.231510e-01 4.550729e-01 4.419620e-01 4.486420e-01 4.433132e-01 4.426015e-01 4.428242e-01 4.425617e-01 4.441301e-01 4.419064e-01 4.428492e-01 6.268537e-01 6.270416e-01 6.264262e-01 6.248657e-01 6.266362e-01 6.399956e-01 6.417150e-01 6.285375e-01 4.434532e-01 6.284645e-01 6.283854e-01 6.260060e-01 6.241746e-01 6.378631e-01 6.295537e-01 6.251801e-01 6.357321e-01 2.285354e+01 6.261515e-01 6.268144e-01 6.282255e-01 6.217992e-01 6.269596e-01 1.755492e+01 6.322491e-01 6.260595e-01 4.429218e-01 6.314034e-01 6.252841e-01 6.263367e-01 6.252010e-01 6.266963e-01 6.336138e-01 6.282502e-01 6.260821e-01 3.133141e-01 2.269605e+00 6.261846e-01 6.286932e-01 6.282832e-01 6.269199e-01 6.264572e-01 6.260892e-01 6.373028e-01 3.614784e-01 4.604518e-01 4.426119e-01 4.437996e-01 6.426683e-01 6.261193e-01 6.257920e-01 6.235048e-01 6.333411e-01 4.436327e-01 6.249331e-01 6.289766e-01 6.307967e-01 6.291276e-01 6.346842e-01 6.264011e-01 4.849546e+00 6.382499e-01
2.297253e-01 2.300768e-01 2.291487e-01 2.325267e-01 2.295650e-01 2.330491e-01 2.350431e-01 2.289415e-01 2.290534e-01 2.311170e-01 2.353162e-01 2.297619e-01 2.363906e-01 2.350075e-01 2.345520e-01 2.355088e-01 2.298622e-01 2.335097e-01 2.393873e-01 3.253231e-01 3.242711e-01 3.349406e-01 7.491659e+00 3.241938e-01 3.300345e-01 3.338397e-01 3.300343e-01 2.303054e-01 2.354738e-01 2.290622e-01 2.326971e-01 2.317701e-01 2.345393e-01 2.313728e-01 2.299021e-01 2.784241e-01 2.362270e-01 2.285431e-01 2.319426e-01 2.296765e-01 2.300148e-01 2.315843e-01 2.294610e-01 2.352370e-01 2.290774e-01 2.295860e-01 3.282499e-01 3.322691e-01 3.289977e-01 3.241130e-01 3.248371e-01 3.363266e-01 3.324710e-01 3.335269e-01 2.297217e-01 3.310148e-01 3.319603e-01 3.241666e-01 3.233379e-01 3.346263e-01 3.330609e-01 3.238669e-01 3.282912e-01 1.197768e+01 3.246705e-01 3.251585e-01 3.332310e-01 3.220675e-01 3.244230e-01 9.688108e+00 3.351095e-01 3.261301e-01 2.296952e-01 3.261860e-01 3.235115e-01 3.301124e-01 3.236984e-01 3.319332e-01 3.278279e-01 3.255728e-01 3.241305e-01 1.623110e-01 1.216454e+00 3.258529e-01 3.330132e-01 3.318992e-01 3.276210e-01 3.263544e-01 3.245510e-01 3.298486e-01 1.870422e-01 2.379117e-01 2.289535e-01 2.311698e-01 3.352946e-01 3.278368e-01 3.268692e-01 3.234915e-01 3.274651e-01 2.310160e-01 3.235804e-01 3.329159e-01 3.267191e-01 3.331855e-01 3.277156e-01 3.244329e-01 2.627861e+00 3.372509e-01
1.438469e-01 1.443192e-01 1.431722e-01 1.472731e-01 1.437452e-01 1.474789e-01 1.503466e-01 1.429551e-01 1.431382e-01 1.456011e-01 1.503443e-01 1.438497e-01 1.500954e-01 1.504760e-01 1.496524e-01 1.508888e-01 1.440814e-01 1.487451e-01 1.530106e-01 2.035240e-01 2.030343e-01 2.138555e-01 4.767133e+00 2.024689e-01 2.097185e-01 2.131885e-01 2.098819e-01 1.438819e-01 1.507149e-01 1.432399e-01 1.476694e-01 1.462952e-01 1.500660e-01 1.445671e-01 1.440584e-01 1.783658e-01 1.480263e-01 1.427653e-01 1.448908e-01 1.436086e-01 1.439013e-01 1.460342e-01 1.437151e-01 1.506794e-01 1.432851e-01 1.439128e-01 2.081674e-01 2.125416e-01 2.086336e-01 2.030372e-01 2.034280e-01 2.134310e-01 2.085894e-01 2.135847e-01 1.439343e-01 2.110831e-01 2.116806e-01 2.027814e-01 2.019716e-01 2.123355e-01 2.131428e-01 2.025954e-01 2.049029e-01 8.121506e+00 2.029425e-01 2.037493e-01 2.130151e-01 2.014816e-01 2.026338e-01 6.284772e+00 2.144859e-01 2.047320e-01 1.439225e-01 2.033605e-01 2.019447e-01 2.099960e-01 2.021413e-01 2.123063e-01 2.050737e-01 2.035950e-01 2.025551e-01 1.013446e-01 7.796129e-01 2.044516e-01 2.129449e-01 2.118268e-01 2.067700e-01 2.053998e-01 2.034048e-01 2.063958e-01 1.166848e-01 1.485397e-01 1.431944e-01 1.457053e-01 2.116151e-01 2.068381e-01 2.061745e-01 2.024097e-01 2.046244e-01 1.451825e-01 2.020466e-01 2.131463e-01 2.041386e-01 2.130661e-01 2.042810e-01 2.029802e-01 1.690940e+00 2.151886e-01
1.000594e-01 1.006968e-01 9.917993e-02 1.035979e-01 1.000476e-01 1.039564e-01 1.072736e-01 9.924360e-02 9.936569e-02 1.019324e-01 1.069037e-01 9.988811e-02 1.059836e-01 1.073807e-01 1.062255e-01 1.075398e-01 1.003880e-01 1.052101e-01 1.088712e-01 1.414494e-01 1.410836e-01 1.522131e-01 3.455150e+00 1.404480e-01 1.483014e-01 1.515211e-01 1.483537e-01 9.989882e-02 1.073618e-01 9.931472e-02 1.041916e-01 1.027057e-01 1.071538e-01 1.004024e-01 1.003281e-01 1.269258e-01 1.031501e-01 9.900892e-02 1.003240e-01 9.981999e-02 1.003447e-01 1.024488e-01 9.986398e-02 1.074102e-01 9.957901e-02 9.994447e-02 1.468142e-01 1.510858e-01 1.472666e-01 1.412936e-01 1.414162e-01 1.507475e-01 1.451064e-01 1.523372e-01 9.992004e-02 1.494667e-01 1.502079e-01 1.408228e-01 1.399877e-01 1.495942e-01 1.516673e-01 1.408680e-01 1.420542e-01 5.575924e+00 1.410734e-01 1.415823e-01 1.516116e-01 1.399774e-01 1.406748e-01 4.375230e+00 1.528837e-01 1.429259e-01 1.000588e-01 1.409653e-01 1.400566e-01 1.487333e-01 1.400551e-01 1.510444e-01 1.423260e-01 1.413924e-01 1.405028e-01 7.026379e-02 5.567388e-01 1.426977e-01 1.515041e-01 1.502561e-01 1.451491e-01 1.435481e-01 1.412298e-01 1.431883e-01 8.098961e-02 1.030606e-01 9.946431e-02 1.020044e-01 1.484725e-01 1.451938e-01 1.444162e-01 1.404057e-01 1.419426e-01 1.013774e-01 1.401822e-01 1.517984e-01 1.418062e-01 1.521265e-01 1.415291e-01 1.409118e-01 1.203708e+00 1.530728e-01
6.714587e-02 6.768686e-02 6.631452e-02 7.080235e-02 6.715172e-02 7.099437e-02 7.467647e-02 6.619731e-02 6.663766e-02 6.902832e-02 7.404385e-02 6.683480e-02 7.273781e-02 7.462064e-02 7.333255e-02 7.490589e-02 6.754135e-02 7.262472e-02 7.553904e-02 9.492128e-02 9.465073e-02 1.055587e-01 2.356160e+00 9.387189e-02 1.020091e-01 1.051294e-01 1.017289e-01 6.671883e-02 7.455151e-02 6.643178e-02 7.129565e-02 6.986614e-02 7.497860e-02 6.733424e-02 6.735312e-02 8.792195e-02 6.971158e-02 6.606250e-02 6.694491e-02 6.691361e-02 6.742877e-02 6.970154e-02 6.690236e-02 7.455831e-02 6.672764e-02 6.705460e-02 1.006398e-01 1.048188e-01 1.006231e-01 9.479399e-02 9.488407e-02 1.035858e-01 9.793678e-02 1.057873e-01 6.709152e-02 1.031499e-01 1.036511e-01 9.426248e-02 9.365423e-02 1.024660e-01 1.050686e-01 9.435016e-02 9.504053e-02 3.941396e+00 9.454380e-02 9.504210e-02 1.051595e-01 9.364827e-02 9.403809e-02 3.010456e+00 1.060973e-01 9.626265e-02 6.721541e-02 9.396564e-02 9.362211e-02 1.023374e-01 9.354269e-02 1.047956e-01 9.525049e-02 9.456679e-02 9.403745e-02 4.697440e-02 3.844108e-01 9.636410e-02 1.050425e-01 1.039153e-01 9.858350e-02 9.729310e-02 9.464671e-02 9.603378e-02 5.403608e-02 6.927486e-02 6.661052e-02 6.899915e-02 1.011855e-01 9.887464e-02 9.795419e-02 9.399780e-02 9.499339e-02 6.834741e-02 9.367249e-02 1.054567e-01 9.496383e-02 1.061350e-01 9.453847e-02 9.424169e-02 8.333615e-01 1.058044e-01
