# Version 0.0
# Data /lustre/isaac24/proj/UTK0244/cbaillar/Bayes_HEP/Detroit_tune_Project/input/Data/Data__200__pp__PHENIX_2025_I2820229__d07-x01-y01.dat
# Observable: $\frac{1}{N_{jet}}(j_T/p_T^{jet})\frac{dN}{d(j_T/p_T^{jet})}$
# Subobservable: $j_T/p_T^{jet}$
# Design Design_Rivet.dat
# design_point1 design_point2 design_point3 design_point4 design_point5 design_point6 design_point7 design_point8 design_point9 design_point10 design_point11 design_point12 design_point13 design_point14 design_point15 design_point16 design_point17 design_point18 design_point19 design_point20 design_point21 design_point22 design_point23 design_point24 design_point25 design_point26 design_point27 design_point28 design_point29 design_point30 design_point31 design_point32 design_point33 design_point34 design_point35 design_point36 design_point37 design_point38 design_point39 design_point40 design_point41 design_point42 design_point43 design_point44 design_point45 design_point46 design_point47 design_point48 design_point49 design_point50 design_point51 design_point52 design_point53 design_point54 design_point55 design_point56 design_point57 design_point58 design_point59 design_point60 design_point61 design_point62 design_point63 design_point64 design_point65 design_point66 design_point67 design_point68 design_point69 design_point70 design_point71 design_point72 design_point73 design_point74 design_point75 design_point76 design_point77 design_point78 design_point79 design_point80 design_point81 design_point82 design_point83 design_point84 design_point85 design_point86 design_point87 design_point88 design_point89 design_point90 design_point91 design_point92 design_point93 design_point94 design_point95 design_point96 design_point97 design_point98 design_point99 design_point100 design_point101 design_point102 design_point103 design_point104 design_point105 design_point106 design_point107 design_point108
2.296944e+05 2.181637e+05 1.627176e+05 1.869134e+05 1.659488e+05 1.971703e+05 2.204522e+05 1.591200e+05 1.611783e+05 1.743378e+05 2.091830e+05 1.680953e+05 1.956935e+05 2.429154e+05 2.049818e+05 2.208448e+05 2.015983e+05 2.002192e+05 2.255193e+05 1.910034e+05 1.972082e+05 2.182348e+05 2.006756e+05 1.632656e+05 1.961432e+05 2.120794e+05 1.945584e+05 1.688127e+05 2.235766e+05 1.751375e+05 1.929107e+05 1.826505e+05 2.646609e+05 1.609717e+05 6.177672e+05 2.138998e+05 1.720153e+05 1.563083e+05 1.678329e+05 1.599806e+05 1.737023e+05 1.895649e+05 1.960455e+05 2.261244e+05 1.638268e+05 1.707936e+05 1.988766e+05 2.144800e+05 1.944621e+05 1.657969e+05 1.650763e+05 1.952138e+05 2.469024e+05 2.170486e+05 1.607600e+05 2.013290e+05 2.075381e+05 1.591707e+05 1.556352e+05 1.904920e+05 2.409835e+05 1.604667e+05 1.572829e+05 2.031155e+05 1.669914e+05 1.786927e+05 2.116803e+05 1.611954e+05 1.568232e+05 2.149397e+05 2.151515e+05 1.685269e+05 1.608845e+05 1.585363e+05 1.780463e+05 1.970776e+05 1.651687e+05 2.311034e+05 1.676131e+05 1.775490e+05 1.625905e+05 1.671232e+05 2.168210e+05 1.673774e+05 2.185899e+05 2.291976e+05 1.798980e+05 1.895316e+05 1.635792e+05 1.732895e+05 1.557048e+05 1.627812e+05 1.580870e+05 1.787446e+05 1.819981e+05 2.284381e+05 1.765865e+05 1.944566e+05 1.639019e+05 1.687153e+05 1.572871e+05 2.349740e+05 1.596991e+05 2.200759e+05 1.553990e+05 1.596304e+05 2.077271e+05 2.085181e+05
1.056630e+04 1.057997e+04 1.052675e+04 1.067711e+04 1.055333e+04 1.069756e+04 1.075622e+04 1.053184e+04 1.054081e+04 1.061476e+04 1.076306e+04 1.055039e+04 1.072562e+04 1.076018e+04 1.075881e+04 1.078496e+04 1.057787e+04 1.067190e+04 1.078085e+04 1.054461e+04 1.055761e+04 1.077463e+04 1.082245e+04 1.052927e+04 1.071457e+04 1.072129e+04 1.073643e+04 1.054670e+04 1.078211e+04 1.054008e+04 1.071723e+04 1.065951e+04 1.068129e+04 1.053020e+04 1.055912e+04 1.096437e+04 1.057060e+04 1.051723e+04 1.053592e+04 1.055356e+04 1.057830e+04 1.065149e+04 1.056140e+04 1.080532e+04 1.054722e+04 1.056104e+04 1.063812e+04 1.079380e+04 1.070120e+04 1.056021e+04 1.055017e+04 1.069943e+04 1.056300e+04 1.082596e+04 1.055221e+04 1.075052e+04 1.074798e+04 1.053125e+04 1.053244e+04 1.070374e+04 1.078022e+04 1.053334e+04 1.052388e+04 1.105440e+04 1.054256e+04 1.056512e+04 1.078476e+04 1.056344e+04 1.053297e+04 1.104403e+04 1.081306e+04 1.058579e+04 1.055960e+04 1.052177e+04 1.053301e+04 1.072264e+04 1.052791e+04 1.079568e+04 1.053252e+04 1.055247e+04 1.053108e+04 1.052934e+04 1.099190e+04 1.059284e+04 1.078196e+04 1.078556e+04 1.065755e+04 1.058846e+04 1.055282e+04 1.052938e+04 1.052413e+04 1.052524e+04 1.054349e+04 1.062679e+04 1.064332e+04 1.065793e+04 1.063764e+04 1.054310e+04 1.052309e+04 1.059821e+04 1.052917e+04 1.078649e+04 1.054356e+04 1.073161e+04 1.050433e+04 1.054294e+04 1.093756e+04 1.078559e+04
1.656350e+03 1.657555e+03 1.646814e+03 1.680179e+03 1.658602e+03 1.684173e+03 1.681491e+03 1.654554e+03 1.651146e+03 1.669912e+03 1.691948e+03 1.653281e+03 1.683991e+03 1.685048e+03 1.689832e+03 1.688176e+03 1.658437e+03 1.669100e+03 1.689040e+03 1.653826e+03 1.654745e+03 1.690534e+03 1.675066e+03 1.647244e+03 1.685672e+03 1.675707e+03 1.690492e+03 1.648313e+03 1.693288e+03 1.650110e+03 1.683696e+03 1.674782e+03 1.654836e+03 1.656130e+03 1.659755e+03 1.723545e+03 1.652563e+03 1.652139e+03 1.645280e+03 1.654981e+03 1.659212e+03 1.672949e+03 1.654944e+03 1.698953e+03 1.653311e+03 1.658744e+03 1.666090e+03 1.697784e+03 1.685878e+03 1.658128e+03 1.656736e+03 1.682788e+03 1.656355e+03 1.702222e+03 1.656506e+03 1.693485e+03 1.697550e+03 1.651858e+03 1.652768e+03 1.684251e+03 1.698748e+03 1.651604e+03 1.652509e+03 1.676206e+03 1.653912e+03 1.656547e+03 1.691582e+03 1.655648e+03 1.652347e+03 1.652914e+03 1.706955e+03 1.657039e+03 1.654032e+03 1.648626e+03 1.650554e+03 1.689053e+03 1.651208e+03 1.693035e+03 1.650912e+03 1.652589e+03 1.651439e+03 1.655170e+03 1.750975e+03 1.656855e+03 1.695629e+03 1.697398e+03 1.674078e+03 1.658424e+03 1.655041e+03 1.654119e+03 1.648516e+03 1.651698e+03 1.646837e+03 1.669867e+03 1.665019e+03 1.672017e+03 1.669466e+03 1.657062e+03 1.653626e+03 1.666919e+03 1.650349e+03 1.695347e+03 1.653078e+03 1.676378e+03 1.648036e+03 1.650453e+03 1.733227e+03 1.697393e+03
2.239838e+02 2.240145e+02 2.236999e+02 2.280056e+02 2.229412e+02 2.265625e+02 2.271594e+02 2.243299e+02 2.230714e+02 2.255755e+02 2.286135e+02 2.233467e+02 2.270480e+02 2.277498e+02 2.279637e+02 2.283073e+02 2.238532e+02 2.256851e+02 2.271543e+02 2.245890e+02 2.247032e+02 2.291545e+02 1.920699e+02 2.247921e+02 2.265499e+02 2.241146e+02 2.273264e+02 2.235492e+02 2.297898e+02 2.228477e+02 2.272376e+02 2.256635e+02 2.216809e+02 2.242670e+02 2.240307e+02 2.355467e+02 2.236597e+02 2.239014e+02 2.212529e+02 2.229489e+02 2.253720e+02 2.273238e+02 2.238436e+02 2.295242e+02 2.242835e+02 2.240696e+02 2.249852e+02 2.285809e+02 2.284773e+02 2.241295e+02 2.248876e+02 2.256141e+02 2.236850e+02 2.310821e+02 2.249025e+02 2.301953e+02 2.296822e+02 2.252743e+02 2.248848e+02 2.262147e+02 2.298440e+02 2.239716e+02 2.226112e+02 2.080189e+02 2.241094e+02 2.239552e+02 2.293403e+02 2.255152e+02 2.240262e+02 2.061661e+02 2.292929e+02 2.236528e+02 2.234035e+02 2.241429e+02 2.251923e+02 2.277625e+02 2.247721e+02 2.290732e+02 2.234086e+02 2.240559e+02 2.228278e+02 2.235793e+02 2.409000e+02 2.239448e+02 2.275976e+02 2.287029e+02 2.266950e+02 2.243281e+02 2.238767e+02 2.245895e+02 2.244274e+02 2.226060e+02 2.241865e+02 2.262502e+02 2.246612e+02 2.266432e+02 2.256658e+02 2.229942e+02 2.231002e+02 2.247634e+02 2.237798e+02 2.301372e+02 2.231589e+02 2.250068e+02 2.222951e+02 2.248643e+02 2.397689e+02 2.290899e+02
2.469017e+01 2.474201e+01 2.491733e+01 2.498870e+01 2.527319e+01 2.467399e+01 2.440732e+01 2.520166e+01 2.483519e+01 2.470030e+01 2.468631e+01 2.485394e+01 2.467120e+01 2.440543e+01 2.504607e+01 2.439277e+01 2.509179e+01 2.465341e+01 2.439780e+01 2.482820e+01 2.511456e+01 2.411401e+01 2.161004e+01 2.513654e+01 2.457395e+01 2.461609e+01 2.480485e+01 2.483760e+01 2.487818e+01 2.468542e+01 2.472662e+01 2.470157e+01 2.370436e+01 2.443617e+01 2.462936e+01 2.546816e+01 2.444686e+01 2.455282e+01 2.451202e+01 2.507167e+01 2.483500e+01 2.511315e+01 2.467759e+01 2.456724e+01 2.531896e+01 2.498049e+01 2.459516e+01 2.467517e+01 2.467897e+01 2.468165e+01 2.465202e+01 2.481834e+01 2.462354e+01 2.482295e+01 2.495849e+01 2.525926e+01 2.498225e+01 2.508871e+01 2.501091e+01 2.437249e+01 2.466335e+01 2.514838e+01 2.453245e+01 4.013114e+01 2.501258e+01 2.486257e+01 2.476164e+01 2.514509e+01 2.515884e+01 2.806849e+01 2.481836e+01 2.442650e+01 2.501944e+01 2.500103e+01 2.518558e+01 2.466934e+01 2.494004e+01 2.432776e+01 2.464876e+01 2.449406e+01 2.476349e+01 2.507452e+01 2.587136e+01 2.489215e+01 2.447638e+01 2.501545e+01 2.467217e+01 2.485363e+01 2.459884e+01 2.466447e+01 2.502098e+01 2.455330e+01 2.528473e+01 2.477080e+01 2.450462e+01 2.492730e+01 2.482867e+01 2.496486e+01 2.491216e+01 2.482507e+01 2.451613e+01 2.483909e+01 2.488848e+01 2.419627e+01 2.510258e+01 2.511404e+01 2.507225e+01 2.432787e+01
1.773591e+00 1.906882e+00 1.868258e+00 1.715846e+00 1.863585e+00 1.713376e+00 1.761874e+00 1.806146e+00 1.830821e+00 1.781819e+00 1.741479e+00 1.842596e+00 1.772489e+00 1.624763e+00 1.722954e+00 1.732095e+00 1.940755e+00 1.718986e+00 1.683800e+00 1.964513e+00 1.844192e+00 1.758310e+00 1.426987e+00 1.888154e+00 1.768690e+00 1.666773e+00 1.746650e+00 1.916034e+00 1.746371e+00 1.807289e+00 1.686986e+00 1.765362e+00 1.655611e+00 1.900343e+00 1.867082e+00 1.678638e+00 1.766640e+00 1.837121e+00 1.929231e+00 1.870997e+00 1.878799e+00 1.841946e+00 1.874156e+00 1.677999e+00 1.896905e+00 1.846666e+00 1.839202e+00 1.808890e+00 1.932909e+00 1.803574e+00 1.884831e+00 1.807285e+00 1.798918e+00 1.674371e+00 1.885022e+00 1.684670e+00 1.680301e+00 1.839075e+00 1.849530e+00 1.726171e+00 1.705440e+00 1.858017e+00 1.850315e+00 4.115532e+00 1.888691e+00 1.854173e+00 1.747508e+00 1.908660e+00 1.837030e+00 1.354141e+00 1.721726e+00 1.746483e+00 1.878751e+00 1.916272e+00 1.853926e+00 1.809011e+00 1.830385e+00 1.653480e+00 1.804401e+00 1.780878e+00 1.926347e+00 1.826063e+00 1.887952e+00 1.721660e+00 1.726310e+00 1.709278e+00 1.752728e+00 1.854164e+00 1.787297e+00 1.861163e+00 1.883939e+00 1.865584e+00 1.913314e+00 1.762516e+00 1.760890e+00 1.848315e+00 1.800110e+00 1.917017e+00 1.874885e+00 1.787777e+00 1.964183e+00 1.674166e+00 1.783280e+00 1.638050e+00 1.836918e+00 1.914336e+00 1.301486e+00 1.739284e+00
