# Version 0.0
# Data /lustre/isaac24/proj/UTK0244/cbaillar/Bayes_HEP/Detroit_tune_Project/input/Data/Data__200__pp__PHENIX_2025_I2820229__d02-x01-y01.dat
# Observable: $\frac{1}{N_{jet}}\frac{dN}{dz_g}$
# Subobservable: $z_g$
# Design Design_Rivet.dat
# design_point1 design_point2 design_point3 design_point4 design_point5 design_point6 design_point7 design_point8 design_point9 design_point10 design_point11 design_point12 design_point13 design_point14 design_point15 design_point16 design_point17 design_point18 design_point19 design_point20 design_point21 design_point22 design_point23 design_point24 design_point25 design_point26 design_point27 design_point28 design_point29 design_point30 design_point31 design_point32 design_point33 design_point34 design_point35 design_point36 design_point37 design_point38 design_point39 design_point40 design_point41 design_point42 design_point43 design_point44 design_point45 design_point46 design_point47 design_point48 design_point49 design_point50 design_point51 design_point52 design_point53 design_point54 design_point55 design_point56 design_point57 design_point58 design_point59 design_point60 design_point61 design_point62 design_point63 design_point64 design_point65 design_point66 design_point67 design_point68 design_point69 design_point70 design_point71 design_point72 design_point73 design_point74 design_point75 design_point76 design_point77 design_point78 design_point79 design_point80 design_point81 design_point82 design_point83 design_point84 design_point85 design_point86 design_point87 design_point88 design_point89 design_point90 design_point91 design_point92 design_point93 design_point94 design_point95 design_point96 design_point97 design_point98 design_point99 design_point100 design_point101 design_point102 design_point103 design_point104 design_point105 design_point106 design_point107 design_point108
2.938387e+00 2.924844e+00 2.938654e+00 2.948533e+00 2.912135e+00 2.958747e+00 2.971857e+00 2.931845e+00 2.941330e+00 2.923358e+00 2.969375e+00 2.948771e+00 2.953997e+00 3.002659e+00 2.955667e+00 2.976341e+00 2.927615e+00 2.988897e+00 2.989630e+00 2.927142e+00 2.903197e+00 2.967320e+00 2.787456e+00 2.929579e+00 2.944833e+00 2.992368e+00 2.951761e+00 2.935456e+00 2.967373e+00 2.913571e+00 2.936432e+00 2.950002e+00 3.012212e+00 2.925173e+00 2.946397e+00 2.962734e+00 2.973194e+00 2.940459e+00 2.931631e+00 2.942890e+00 2.896715e+00 2.930597e+00 2.949453e+00 2.959553e+00 2.917117e+00 2.935653e+00 2.958557e+00 2.976289e+00 2.945204e+00 2.920856e+00 2.949354e+00 2.958562e+00 2.937626e+00 2.956967e+00 2.938867e+00 2.943840e+00 2.950311e+00 2.922172e+00 2.934518e+00 2.969030e+00 2.958672e+00 2.954478e+00 2.941286e+00 2.718447e+00 2.932163e+00 2.926619e+00 2.971971e+00 2.935559e+00 2.923529e+00 3.297872e+00 2.979554e+00 2.942059e+00 2.963995e+00 2.922252e+00 2.933165e+00 2.950479e+00 2.919742e+00 2.968810e+00 2.917835e+00 2.955473e+00 2.901886e+00 2.929847e+00 2.990484e+00 2.947660e+00 2.982518e+00 2.950341e+00 2.939402e+00 2.968270e+00 2.919520e+00 2.949547e+00 2.933378e+00 2.944008e+00 2.922826e+00 2.946475e+00 2.946146e+00 2.950242e+00 2.949470e+00 2.936059e+00 2.931332e+00 2.963777e+00 2.922204e+00 3.010950e+00 2.937454e+00 2.997414e+00 2.947347e+00 2.917801e+00 3.025533e+00 2.976647e+00
2.674412e+00 2.657691e+00 2.662680e+00 2.658501e+00 2.669401e+00 2.664628e+00 2.699561e+00 2.664532e+00 2.686661e+00 2.684954e+00 2.675151e+00 2.658652e+00 2.661141e+00 2.698413e+00 2.684494e+00 2.690699e+00 2.688156e+00 2.687067e+00 2.676512e+00 2.669966e+00 2.680152e+00 2.669012e+00 2.555168e+00 2.688311e+00 2.674023e+00 2.666689e+00 2.649802e+00 2.677772e+00 2.651266e+00 2.651923e+00 2.659785e+00 2.649849e+00 2.681284e+00 2.679059e+00 2.638676e+00 2.652457e+00 2.667652e+00 2.645405e+00 2.664052e+00 2.656507e+00 2.685077e+00 2.674553e+00 2.684488e+00 2.671494e+00 2.652175e+00 2.682910e+00 2.669561e+00 2.690093e+00 2.673607e+00 2.682433e+00 2.652496e+00 2.681645e+00 2.681987e+00 2.656573e+00 2.656096e+00 2.657106e+00 2.667238e+00 2.683070e+00 2.661001e+00 2.676052e+00 2.682108e+00 2.654629e+00 2.659513e+00 1.941748e+00 2.691201e+00 2.682650e+00 2.683387e+00 2.682897e+00 2.656693e+00 2.695035e+00 2.663001e+00 2.668032e+00 2.676140e+00 2.699326e+00 2.683265e+00 2.682186e+00 2.647708e+00 2.679770e+00 2.665407e+00 2.664437e+00 2.666040e+00 2.684854e+00 2.669795e+00 2.643181e+00 2.666204e+00 2.666879e+00 2.692935e+00 2.663599e+00 2.672366e+00 2.655843e+00 2.663428e+00 2.656222e+00 2.676992e+00 2.701145e+00 2.690843e+00 2.647904e+00 2.657964e+00 2.691823e+00 2.683678e+00 2.680959e+00 2.658602e+00 2.673834e+00 2.675501e+00 2.668445e+00 2.681058e+00 2.678979e+00 2.689752e+00 2.689965e+00
2.507214e+00 2.526013e+00 2.508188e+00 2.535766e+00 2.517524e+00 2.511468e+00 2.518653e+00 2.521858e+00 2.538091e+00 2.528221e+00 2.523665e+00 2.529495e+00 2.507193e+00 2.505634e+00 2.525716e+00 2.514351e+00 2.519791e+00 2.524398e+00 2.495353e+00 2.501061e+00 2.530896e+00 2.521019e+00 2.764228e+00 2.524750e+00 2.514134e+00 2.538158e+00 2.543715e+00 2.513645e+00 2.519020e+00 2.528255e+00 2.538185e+00 2.520739e+00 2.523389e+00 2.530743e+00 2.525279e+00 2.537501e+00 2.512226e+00 2.525113e+00 2.520653e+00 2.551522e+00 2.533764e+00 2.523432e+00 2.521005e+00 2.516835e+00 2.542526e+00 2.529279e+00 2.543265e+00 2.543360e+00 2.524672e+00 2.528752e+00 2.528551e+00 2.533550e+00 2.531711e+00 2.515562e+00 2.544599e+00 2.549735e+00 2.520069e+00 2.526260e+00 2.520997e+00 2.534255e+00 2.535385e+00 2.499717e+00 2.523014e+00 9.708738e-01 2.544547e+00 2.536150e+00 2.520170e+00 2.546443e+00 2.529149e+00 2.340426e+00 2.516148e+00 2.531819e+00 2.501598e+00 2.520692e+00 2.526587e+00 2.535964e+00 2.515974e+00 2.561629e+00 2.537892e+00 2.534327e+00 2.515018e+00 2.535931e+00 2.542041e+00 2.537944e+00 2.501553e+00 2.511327e+00 2.509901e+00 2.550444e+00 2.533490e+00 2.524063e+00 2.531452e+00 2.542258e+00 2.526901e+00 2.517651e+00 2.534036e+00 2.523104e+00 2.529254e+00 2.517665e+00 2.539077e+00 2.508154e+00 2.518755e+00 2.507018e+00 2.514841e+00 2.541029e+00 2.514140e+00 2.508477e+00 2.497377e+00 2.493478e+00
2.424250e+00 2.449419e+00 2.432389e+00 2.436102e+00 2.428096e+00 2.409500e+00 2.403464e+00 2.410618e+00 2.411599e+00 2.420274e+00 2.429695e+00 2.413835e+00 2.429880e+00 2.423999e+00 2.446041e+00 2.403272e+00 2.435734e+00 2.432662e+00 2.436481e+00 2.446910e+00 2.412798e+00 2.424873e+00 2.346109e+00 2.421762e+00 2.423313e+00 2.409543e+00 2.434761e+00 2.426365e+00 2.427821e+00 2.432704e+00 2.413620e+00 2.447707e+00 2.405212e+00 2.437119e+00 2.434426e+00 2.404719e+00 2.403445e+00 2.423904e+00 2.412300e+00 2.431954e+00 2.441262e+00 2.435383e+00 2.421886e+00 2.426037e+00 2.409596e+00 2.413845e+00 2.444621e+00 2.419412e+00 2.424178e+00 2.442748e+00 2.438748e+00 2.411786e+00 2.431586e+00 2.425637e+00 2.423096e+00 2.418476e+00 2.398204e+00 2.412605e+00 2.416701e+00 2.425646e+00 2.415111e+00 2.409939e+00 2.447944e+00 1.941748e+00 2.419250e+00 2.409229e+00 2.416885e+00 2.428144e+00 2.426455e+00 2.304965e+00 2.437503e+00 2.436572e+00 2.420383e+00 2.404963e+00 2.414387e+00 2.442861e+00 2.425296e+00 2.413592e+00 2.404397e+00 2.436384e+00 2.419707e+00 2.413392e+00 2.338678e+00 2.419024e+00 2.427254e+00 2.434205e+00 2.425603e+00 2.421077e+00 2.437403e+00 2.404184e+00 2.415276e+00 2.412052e+00 2.421568e+00 2.418563e+00 2.443244e+00 2.425172e+00 2.417462e+00 2.436474e+00 2.382295e+00 2.415228e+00 2.404940e+00 2.408987e+00 2.422137e+00 2.423874e+00 2.414595e+00 2.412965e+00 2.315495e+00 2.403790e+00
2.336117e+00 2.314535e+00 2.325453e+00 2.337848e+00 2.335306e+00 2.349077e+00 2.355292e+00 2.344886e+00 2.337440e+00 2.365966e+00 2.348443e+00 2.353179e+00 2.357385e+00 2.346661e+00 2.343789e+00 2.369543e+00 2.338378e+00 2.329540e+00 2.331604e+00 2.357874e+00 2.348389e+00 2.337272e+00 2.810685e+00 2.349992e+00 2.343327e+00 2.342348e+00 2.338913e+00 2.343835e+00 2.349546e+00 2.345572e+00 2.349854e+00 2.343327e+00 2.353774e+00 2.347158e+00 2.355688e+00 2.347921e+00 2.342991e+00 2.342028e+00 2.344818e+00 2.346585e+00 2.318094e+00 2.336057e+00 2.307160e+00 2.344112e+00 2.344759e+00 2.352174e+00 2.326580e+00 2.317118e+00 2.329923e+00 2.329926e+00 2.337931e+00 2.348107e+00 2.340159e+00 2.334100e+00 2.360098e+00 2.352888e+00 2.356004e+00 2.371793e+00 2.337792e+00 2.346557e+00 2.328444e+00 2.342123e+00 2.322480e+00 2.135922e+00 2.349734e+00 2.330916e+00 2.332202e+00 2.331095e+00 2.372530e+00 2.198582e+00 2.346942e+00 2.320589e+00 2.337219e+00 2.339990e+00 2.351097e+00 2.339233e+00 2.344693e+00 2.319111e+00 2.349091e+00 2.340218e+00 2.349733e+00 2.343032e+00 2.304784e+00 2.345881e+00 2.343517e+00 2.338764e+00 2.346647e+00 2.319914e+00 2.337448e+00 2.342854e+00 2.352499e+00 2.335680e+00 2.358553e+00 2.346491e+00 2.325048e+00 2.347141e+00 2.349707e+00 2.332228e+00 2.349298e+00 2.323986e+00 2.367704e+00 2.334531e+00 2.330793e+00 2.334059e+00 2.338920e+00 2.343379e+00 2.360965e+00 2.362823e+00
2.272560e+00 2.270923e+00 2.283682e+00 2.281003e+00 2.274202e+00 2.286345e+00 2.282588e+00 2.260107e+00 2.259826e+00 2.285800e+00 2.281773e+00 2.257598e+00 2.281762e+00 2.248731e+00 2.248817e+00 2.263735e+00 2.263438e+00 2.235346e+00 2.292327e+00 2.267650e+00 2.304249e+00 2.271240e+00 1.974448e+00 2.242592e+00 2.294607e+00 2.280928e+00 2.271575e+00 2.278948e+00 2.277855e+00 2.270900e+00 2.253547e+00 2.270212e+00 2.280931e+00 2.264950e+00 2.265003e+00 2.249279e+00 2.284662e+00 2.262590e+00 2.273510e+00 2.264883e+00 2.274574e+00 2.274406e+00 2.264982e+00 2.278012e+00 2.291603e+00 2.254240e+00 2.264835e+00 2.261689e+00 2.299135e+00 2.250311e+00 2.257616e+00 2.287957e+00 2.266929e+00 2.283981e+00 2.245803e+00 2.276546e+00 2.264259e+00 2.258806e+00 2.262046e+00 2.263971e+00 2.271202e+00 2.287803e+00 2.259226e+00 3.495146e+00 2.250568e+00 2.283826e+00 2.270895e+00 2.260317e+00 2.280655e+00 2.340426e+00 2.285472e+00 2.258467e+00 2.267267e+00 2.264418e+00 2.264481e+00 2.265958e+00 2.270052e+00 2.264196e+00 2.263706e+00 2.260137e+00 2.291002e+00 2.259817e+00 2.280016e+00 2.278313e+00 2.258247e+00 2.308340e+00 2.270863e+00 2.249066e+00 2.282469e+00 2.265715e+00 2.284568e+00 2.284127e+00 2.250023e+00 2.255792e+00 2.256407e+00 2.296724e+00 2.258316e+00 2.279317e+00 2.256611e+00 2.271799e+00 2.266610e+00 2.290781e+00 2.264454e+00 2.275933e+00 2.276132e+00 2.282068e+00 2.332984e+00 2.287297e+00
2.208155e+00 2.207488e+00 2.208904e+00 2.210632e+00 2.221923e+00 2.225840e+00 2.211833e+00 2.216623e+00 2.187437e+00 2.204045e+00 2.205624e+00 2.194074e+00 2.206816e+00 2.200010e+00 2.232538e+00 2.216222e+00 2.217102e+00 2.211429e+00 2.226138e+00 2.204672e+00 2.195280e+00 2.210516e+00 2.229965e+00 2.204416e+00 2.229924e+00 2.215491e+00 2.217835e+00 2.186409e+00 2.231768e+00 2.213149e+00 2.236246e+00 2.208511e+00 2.181555e+00 2.191346e+00 2.225045e+00 2.226469e+00 2.214738e+00 2.230815e+00 2.218203e+00 2.187360e+00 2.220131e+00 2.204902e+00 2.208716e+00 2.221583e+00 2.212413e+00 2.193411e+00 2.188892e+00 2.230661e+00 2.205537e+00 2.215170e+00 2.203057e+00 2.198118e+00 2.176213e+00 2.242080e+00 2.202137e+00 2.213831e+00 2.240506e+00 2.207875e+00 2.200534e+00 2.211245e+00 2.244832e+00 2.198527e+00 2.226644e+00 3.495146e+00 2.184905e+00 2.215809e+00 2.221881e+00 2.188450e+00 2.197401e+00 2.092199e+00 2.199514e+00 2.215648e+00 2.223314e+00 2.224779e+00 2.191409e+00 2.200925e+00 2.223034e+00 2.221911e+00 2.231112e+00 2.193177e+00 2.206262e+00 2.192586e+00 2.230478e+00 2.222485e+00 2.216781e+00 2.201122e+00 2.189236e+00 2.202369e+00 2.173520e+00 2.227492e+00 2.194753e+00 2.207025e+00 2.197441e+00 2.187832e+00 2.195558e+00 2.194811e+00 2.205654e+00 2.183613e+00 2.225946e+00 2.210691e+00 2.211766e+00 2.218108e+00 2.220143e+00 2.192357e+00 2.210489e+00 2.201420e+00 2.025184e+00 2.219946e+00
2.161292e+00 2.171890e+00 2.146971e+00 2.151630e+00 2.157710e+00 2.149673e+00 2.139210e+00 2.165891e+00 2.155751e+00 2.126055e+00 2.155237e+00 2.155352e+00 2.165668e+00 2.149748e+00 2.145583e+00 2.146737e+00 2.133881e+00 2.146640e+00 2.148931e+00 2.147125e+00 2.135142e+00 2.170366e+00 2.044135e+00 2.153431e+00 2.133395e+00 2.133903e+00 2.173598e+00 2.168173e+00 2.156013e+00 2.158092e+00 2.166466e+00 2.155329e+00 2.132233e+00 2.146110e+00 2.138819e+00 2.180547e+00 2.136140e+00 2.143560e+00 2.149764e+00 2.135763e+00 2.157875e+00 2.163551e+00 2.160211e+00 2.168271e+00 2.145405e+00 2.154203e+00 2.155295e+00 2.153658e+00 2.151103e+00 2.154387e+00 2.151632e+00 2.159308e+00 2.162987e+00 2.181727e+00 2.161608e+00 2.166548e+00 2.173819e+00 2.147242e+00 2.173982e+00 2.138043e+00 2.152858e+00 2.160470e+00 2.138715e+00 3.106796e+00 2.136495e+00 2.141715e+00 2.169874e+00 2.146535e+00 2.127924e+00 2.127660e+00 2.160150e+00 2.147541e+00 2.123890e+00 2.138866e+00 2.144673e+00 2.152783e+00 2.154942e+00 2.151090e+00 2.148414e+00 2.145856e+00 2.160536e+00 2.155461e+00 2.147047e+00 2.138532e+00 2.180479e+00 2.163011e+00 2.174630e+00 2.151449e+00 2.157464e+00 2.157910e+00 2.134173e+00 2.157570e+00 2.164377e+00 2.159305e+00 2.153357e+00 2.150613e+00 2.163774e+00 2.145961e+00 2.144748e+00 2.153875e+00 2.168212e+00 2.146813e+00 2.151253e+00 2.137269e+00 2.136976e+00 2.169076e+00 2.270024e+00 2.156052e+00
