# Version 0.0
# Data /lustre/isaac24/proj/UTK0244/cbaillar/Bayes_HEP/Detroit_tune_Project/input/Data/Data__200__pp__STAR_2020_I1783875__d31-x01-y01.dat
# Observable: $1/N_{jets}$
# Subobservable: $z_{g}$
# Design Design_Rivet.dat
# design_point1 design_point2 design_point3 design_point4 design_point5 design_point6 design_point7 design_point8 design_point9 design_point10 design_point11 design_point12 design_point13 design_point14 design_point15 design_point16 design_point17 design_point18 design_point19 design_point20 design_point21 design_point22 design_point23 design_point24 design_point25 design_point26 design_point27 design_point28 design_point29 design_point30 design_point31 design_point32 design_point33 design_point34 design_point35 design_point36 design_point37 design_point38 design_point39 design_point40 design_point41 design_point42 design_point43 design_point44 design_point45 design_point46 design_point47 design_point48 design_point49 design_point50 design_point51 design_point52 design_point53 design_point54 design_point55 design_point56 design_point57 design_point58 design_point59 design_point60 design_point61 design_point62 design_point63 design_point64 design_point65 design_point66 design_point67 design_point68 design_point69 design_point70 design_point71 design_point72 design_point73 design_point74 design_point75 design_point76 design_point77 design_point78 design_point79 design_point80 design_point81 design_point82 design_point83 design_point84 design_point85 design_point86 design_point87 design_point88 design_point89 design_point90 design_point91 design_point92 design_point93 design_point94 design_point95 design_point96 design_point97 design_point98 design_point99 design_point100 design_point101 design_point102 design_point103 design_point104 design_point105 design_point106 design_point107 design_point108
6.267148e-03 6.197576e-03 6.380422e-03 6.047463e-03 6.104603e-03 6.036061e-03 5.970219e-03 6.164268e-03 6.153526e-03 6.131378e-03 5.986384e-03 6.284764e-03 6.649704e-03 5.964898e-03 6.006670e-03 5.985361e-03 6.055996e-03 5.988564e-03 6.956856e-03 8.926984e-03 8.584999e-03 8.492300e-03 8.096408e-02 8.876516e-03 8.586627e-03 9.170042e-03 8.534780e-03 6.409084e-03 6.031464e-03 6.221069e-03 5.971999e-03 6.092920e-03 5.887938e-03 6.517837e-03 6.174893e-03 6.489876e-03 7.754158e-03 6.110582e-03 6.901291e-03 6.351855e-03 6.134221e-03 6.092614e-03 6.273753e-03 5.928834e-03 6.033366e-03 6.150392e-03 8.601702e-03 8.439561e-03 8.486106e-03 8.692557e-03 8.911774e-03 1.026493e-02 1.082122e-02 8.449761e-03 6.252701e-03 8.577704e-03 8.548867e-03 8.645802e-03 8.467754e-03 9.675434e-03 8.555643e-03 8.600314e-03 9.846285e-03 1.705762e-01 8.579834e-03 8.810210e-03 8.509281e-03 8.598045e-03 8.803322e-03 1.049436e-01 8.920879e-03 8.753471e-03 6.226238e-03 9.530409e-03 8.592803e-03 8.359870e-03 8.627509e-03 8.285420e-03 9.639739e-03 8.936318e-03 8.661839e-03 4.415475e-03 2.252220e-02 8.784924e-03 8.426146e-03 8.528032e-03 8.617141e-03 8.697865e-03 8.763043e-03 9.978927e-03 5.040324e-03 8.896911e-03 6.174475e-03 6.188657e-03 1.065356e-02 8.485052e-03 8.469670e-03 8.424730e-03 9.583274e-03 6.249447e-03 8.692498e-03 8.482470e-03 9.132898e-03 8.565278e-03 9.762340e-03 8.751213e-03 3.206084e-02 9.727355e-03
4.739304e-03 4.676070e-03 4.825529e-03 4.516731e-03 4.612330e-03 4.512201e-03 4.418955e-03 4.670596e-03 4.658678e-03 4.606152e-03 4.424742e-03 4.753267e-03 4.953275e-03 4.409498e-03 4.446756e-03 4.420059e-03 4.575248e-03 4.463882e-03 5.133359e-03 6.749190e-03 6.506973e-03 6.279951e-03 6.051425e-02 6.725506e-03 6.390151e-03 6.804258e-03 6.349976e-03 4.850969e-03 4.451209e-03 4.714772e-03 4.453074e-03 4.562748e-03 4.371741e-03 4.929668e-03 4.663952e-03 4.806283e-03 5.849524e-03 4.629364e-03 5.228711e-03 4.798705e-03 4.635403e-03 4.568832e-03 4.743582e-03 4.373078e-03 4.559911e-03 4.642613e-03 6.430694e-03 6.240694e-03 6.325377e-03 6.579433e-03 6.737267e-03 7.636537e-03 8.169414e-03 6.221572e-03 4.721400e-03 6.359689e-03 6.341870e-03 6.541125e-03 6.414007e-03 7.215178e-03 6.318203e-03 6.504373e-03 7.462613e-03 1.261350e-01 6.488030e-03 6.660188e-03 6.276449e-03 6.509206e-03 6.669078e-03 7.883384e-02 6.577471e-03 6.602120e-03 4.709658e-03 7.227836e-03 6.513507e-03 6.217941e-03 6.541575e-03 6.129663e-03 7.298428e-03 6.757435e-03 6.562583e-03 3.344277e-03 1.679937e-02 6.612378e-03 6.224842e-03 6.309032e-03 6.471624e-03 6.551094e-03 6.625933e-03 7.539253e-03 3.821349e-03 6.725574e-03 4.674020e-03 4.655365e-03 7.980090e-03 6.368371e-03 6.359184e-03 6.375734e-03 7.256676e-03 4.710423e-03 6.587335e-03 6.261955e-03 6.913161e-03 6.338009e-03 7.396671e-03 6.625206e-03 2.390787e-02 7.187001e-03
3.864061e-03 3.813089e-03 3.952082e-03 3.658640e-03 3.768349e-03 3.651321e-03 3.543845e-03 3.813389e-03 3.803049e-03 3.745812e-03 3.552831e-03 3.885659e-03 3.996811e-03 3.539099e-03 3.576884e-03 3.543140e-03 3.735270e-03 3.602503e-03 4.114240e-03 5.511288e-03 5.302773e-03 5.036526e-03 5.010474e-02 5.499513e-03 5.150710e-03 5.470286e-03 5.113100e-03 3.968816e-03 3.574890e-03 3.853750e-03 3.599691e-03 3.694565e-03 3.525767e-03 4.024172e-03 3.804503e-03 3.857877e-03 4.761746e-03 3.790849e-03 4.272107e-03 3.914385e-03 3.783651e-03 3.708987e-03 3.869887e-03 3.504447e-03 3.727759e-03 3.792300e-03 5.206654e-03 4.994540e-03 5.103351e-03 5.367462e-03 5.497799e-03 6.146673e-03 6.661165e-03 4.984027e-03 3.857784e-03 5.125854e-03 5.091425e-03 5.342309e-03 5.249575e-03 5.825206e-03 5.071711e-03 5.315718e-03 6.107223e-03 1.014891e-01 5.300054e-03 5.432625e-03 5.034904e-03 5.336934e-03 5.452444e-03 6.348226e-02 5.256727e-03 5.384849e-03 3.841072e-03 5.910800e-03 5.322794e-03 5.017477e-03 5.349915e-03 4.914773e-03 5.958967e-03 5.519831e-03 5.367366e-03 2.734241e-03 1.354220e-02 5.389975e-03 4.989345e-03 5.073235e-03 5.245240e-03 5.333955e-03 5.408974e-03 6.148203e-03 3.129250e-03 5.479665e-03 3.822286e-03 3.787623e-03 6.466831e-03 5.171138e-03 5.168400e-03 5.211016e-03 5.930565e-03 3.828471e-03 5.377548e-03 5.010875e-03 5.636949e-03 5.098663e-03 6.051164e-03 5.414655e-03 1.941878e-02 5.768528e-03
3.334651e-03 3.287880e-03 3.414078e-03 3.142981e-03 3.247812e-03 3.135159e-03 3.032051e-03 3.300359e-03 3.288273e-03 3.224232e-03 3.031230e-03 3.351023e-03 3.427936e-03 3.019089e-03 3.051652e-03 3.023917e-03 3.221334e-03 3.087409e-03 3.511840e-03 4.763798e-03 4.575276e-03 4.305750e-03 4.202302e-02 4.753374e-03 4.419774e-03 4.690395e-03 4.382324e-03 3.424701e-03 3.047629e-03 3.328360e-03 3.090741e-03 3.179916e-03 3.024801e-03 3.472005e-03 3.282647e-03 3.292111e-03 4.109461e-03 3.282398e-03 3.696070e-03 3.389637e-03 3.266286e-03 3.188821e-03 3.342598e-03 2.990530e-03 3.217750e-03 3.273196e-03 4.474723e-03 4.264602e-03 4.378054e-03 4.632949e-03 4.748165e-03 5.249496e-03 5.749034e-03 4.247504e-03 3.331197e-03 4.380782e-03 4.361239e-03 4.612183e-03 4.540912e-03 4.994110e-03 4.327768e-03 4.592312e-03 5.276472e-03 8.693773e-02 4.576737e-03 4.699641e-03 4.298649e-03 4.614189e-03 4.707934e-03 5.567108e-02 4.484361e-03 4.633457e-03 3.317387e-03 5.102676e-03 4.607656e-03 4.295300e-03 4.618957e-03 4.193891e-03 5.147695e-03 4.770917e-03 4.633811e-03 2.361362e-03 1.160797e-02 4.646665e-03 4.265745e-03 4.337855e-03 4.506997e-03 4.601991e-03 4.669838e-03 5.315907e-03 2.703013e-03 4.732694e-03 3.298935e-03 3.255074e-03 5.562876e-03 4.437003e-03 4.447167e-03 4.500435e-03 5.123259e-03 3.306626e-03 4.646638e-03 4.277121e-03 4.869491e-03 4.359913e-03 5.230948e-03 4.676461e-03 1.661913e-02 4.927652e-03
3.009174e-03 2.960196e-03 3.068744e-03 2.824421e-03 2.921853e-03 2.811174e-03 2.716048e-03 2.976235e-03 2.958852e-03 2.899535e-03 2.713186e-03 3.018885e-03 3.073458e-03 2.703692e-03 2.736816e-03 2.705837e-03 2.903068e-03 2.769498e-03 3.149169e-03 4.285146e-03 4.116441e-03 3.860165e-03 3.779315e-02 4.282449e-03 3.960277e-03 4.200006e-03 3.927929e-03 3.091329e-03 2.723600e-03 3.001869e-03 2.770116e-03 2.850677e-03 2.715296e-03 3.128488e-03 2.957010e-03 2.949641e-03 3.689594e-03 2.955241e-03 3.327893e-03 3.043856e-03 2.941643e-03 2.869175e-03 3.006577e-03 2.675196e-03 2.900053e-03 2.950351e-03 4.015263e-03 3.818658e-03 3.925420e-03 4.169964e-03 4.284740e-03 4.707025e-03 5.162681e-03 3.790148e-03 3.001477e-03 3.920336e-03 3.904296e-03 4.161219e-03 4.088449e-03 4.481612e-03 3.869278e-03 4.131672e-03 4.756829e-03 7.968427e-02 4.128409e-03 4.220569e-03 3.849025e-03 4.156360e-03 4.243826e-03 4.944202e-02 4.004119e-03 4.180835e-03 2.985881e-03 4.599146e-03 4.146237e-03 3.850823e-03 4.162639e-03 3.767366e-03 4.648271e-03 4.297495e-03 4.175634e-03 2.128536e-03 1.041644e-02 4.181866e-03 3.815605e-03 3.883921e-03 4.050760e-03 4.153302e-03 4.205935e-03 4.790938e-03 2.430588e-03 4.262547e-03 2.970307e-03 2.925973e-03 5.008620e-03 3.990160e-03 4.002431e-03 4.057663e-03 4.614405e-03 2.976238e-03 4.194638e-03 3.829662e-03 4.388431e-03 3.905124e-03 4.718495e-03 4.219367e-03 1.496457e-02 4.406038e-03
2.800311e-03 2.756195e-03 2.864218e-03 2.618442e-03 2.728292e-03 2.611818e-03 2.513458e-03 2.763622e-03 2.752376e-03 2.694483e-03 2.515148e-03 2.806237e-03 2.843013e-03 2.510184e-03 2.535647e-03 2.503353e-03 2.700830e-03 2.574782e-03 2.910255e-03 3.994862e-03 3.837266e-03 3.576201e-03 3.545954e-02 3.989969e-03 3.675257e-03 3.890029e-03 3.647347e-03 2.870367e-03 2.526580e-03 2.793393e-03 2.572197e-03 2.649300e-03 2.515240e-03 2.912878e-03 2.750686e-03 2.734181e-03 3.438779e-03 2.748289e-03 3.095794e-03 2.835559e-03 2.727851e-03 2.663565e-03 2.807942e-03 2.472416e-03 2.697390e-03 2.750249e-03 3.729059e-03 3.541376e-03 3.643269e-03 3.886672e-03 3.980181e-03 4.376881e-03 4.811582e-03 3.515678e-03 2.791107e-03 3.632579e-03 3.617673e-03 3.869597e-03 3.796934e-03 4.162714e-03 3.584228e-03 3.842902e-03 4.418805e-03 7.319469e-02 3.841071e-03 3.938062e-03 3.557884e-03 3.869515e-03 3.937429e-03 4.645126e-02 3.707120e-03 3.888969e-03 2.780327e-03 4.283762e-03 3.862100e-03 3.569902e-03 3.866441e-03 3.477287e-03 4.320356e-03 3.997791e-03 3.885272e-03 1.981961e-03 9.668950e-03 3.893269e-03 3.537645e-03 3.594703e-03 3.763545e-03 3.855978e-03 3.918346e-03 4.460234e-03 2.265893e-03 3.969801e-03 2.766527e-03 2.723361e-03 4.656210e-03 3.708779e-03 3.719533e-03 3.776249e-03 4.298842e-03 2.758828e-03 3.905269e-03 3.547620e-03 4.072980e-03 3.620209e-03 4.390220e-03 3.914216e-03 1.387622e-02 4.076721e-03
2.670474e-03 2.629201e-03 2.743728e-03 2.502530e-03 2.597940e-03 2.490818e-03 2.398213e-03 2.643106e-03 2.634985e-03 2.575470e-03 2.402865e-03 2.687047e-03 2.718203e-03 2.391578e-03 2.421537e-03 2.388269e-03 2.579885e-03 2.454247e-03 2.778924e-03 3.809377e-03 3.670086e-03 3.410887e-03 3.325515e-02 3.807163e-03 3.508998e-03 3.717109e-03 3.474195e-03 2.752026e-03 2.410524e-03 2.669198e-03 2.456118e-03 2.533687e-03 2.407386e-03 2.785574e-03 2.625958e-03 2.598155e-03 3.285474e-03 2.631149e-03 2.967276e-03 2.707795e-03 2.617281e-03 2.543869e-03 2.677932e-03 2.358163e-03 2.576922e-03 2.622841e-03 3.565795e-03 3.373582e-03 3.479988e-03 3.706231e-03 3.803451e-03 4.173795e-03 4.599580e-03 3.351813e-03 2.665247e-03 3.465713e-03 3.443174e-03 3.706427e-03 3.634973e-03 3.971328e-03 3.419448e-03 3.679545e-03 4.229602e-03 6.913919e-02 3.669408e-03 3.764653e-03 3.389935e-03 3.699338e-03 3.781197e-03 4.370534e-02 3.538719e-03 3.710070e-03 2.659200e-03 4.083284e-03 3.679621e-03 3.409427e-03 3.707753e-03 3.325044e-03 4.132599e-03 3.825934e-03 3.713647e-03 1.893274e-03 9.226073e-03 3.714378e-03 3.369795e-03 3.429379e-03 3.591801e-03 3.677548e-03 3.738717e-03 4.249156e-03 2.168412e-03 3.789266e-03 2.639689e-03 2.604450e-03 4.446164e-03 3.546022e-03 3.547451e-03 3.609236e-03 4.104400e-03 2.641566e-03 3.736383e-03 3.378802e-03 3.912115e-03 3.452452e-03 4.190714e-03 3.750804e-03 1.312281e-02 3.888578e-03
2.608185e-03 2.576409e-03 2.679078e-03 2.448076e-03 2.548195e-03 2.431999e-03 2.340330e-03 2.582931e-03 2.578263e-03 2.516668e-03 2.342332e-03 2.631757e-03 2.661332e-03 2.333742e-03 2.360168e-03 2.334250e-03 2.514644e-03 2.400745e-03 2.709500e-03 3.729650e-03 3.583124e-03 3.332180e-03 3.278781e-02 3.730388e-03 3.423276e-03 3.626152e-03 3.391322e-03 2.689618e-03 2.352882e-03 2.609811e-03 2.396908e-03 2.472093e-03 2.350825e-03 2.719183e-03 2.577585e-03 2.544070e-03 3.212983e-03 2.569483e-03 2.900966e-03 2.652042e-03 2.558144e-03 2.482720e-03 2.622915e-03 2.304518e-03 2.522254e-03 2.566819e-03 3.482802e-03 3.291278e-03 3.396682e-03 3.622150e-03 3.721166e-03 4.064622e-03 4.499680e-03 3.271646e-03 2.614739e-03 3.391765e-03 3.365298e-03 3.623044e-03 3.558055e-03 3.884876e-03 3.330843e-03 3.605194e-03 4.137357e-03 7.119581e-02 3.587549e-03 3.680004e-03 3.312896e-03 3.612872e-03 3.690662e-03 4.257645e-02 3.452077e-03 3.630218e-03 2.596571e-03 3.996980e-03 3.605735e-03 3.330206e-03 3.624569e-03 3.244246e-03 4.039198e-03 3.737242e-03 3.634389e-03 1.856319e-03 8.982971e-03 3.631538e-03 3.289036e-03 3.342467e-03 3.512423e-03 3.602166e-03 3.650283e-03 4.157847e-03 2.115528e-03 3.706149e-03 2.579958e-03 2.543955e-03 4.352097e-03 3.465594e-03 3.465488e-03 3.526909e-03 4.018441e-03 2.579543e-03 3.656462e-03 3.306955e-03 3.823983e-03 3.376736e-03 4.093635e-03 3.662996e-03 1.294211e-02 3.805951e-03
