# Version 0.0
# Data /lustre/isaac24/proj/UTK0244/cbaillar/Bayes_HEP/Detroit_tune_Project/input/Data/Data__200__pp__PHENIX_2025_I2820229__d08-x01-y07.dat
# Observable: $\frac{1}{N_{jet}}\frac{dN}{rdr}$
# Subobservable: r
# Design Design_Rivet.dat
# design_point1 design_point2 design_point3 design_point4 design_point5 design_point6 design_point7 design_point8 design_point9 design_point10 design_point11 design_point12 design_point13 design_point14 design_point15 design_point16 design_point17 design_point18 design_point19 design_point20 design_point21 design_point22 design_point23 design_point24 design_point25 design_point26 design_point27 design_point28 design_point29 design_point30 design_point31 design_point32 design_point33 design_point34 design_point35 design_point36 design_point37 design_point38 design_point39 design_point40 design_point41 design_point42 design_point43 design_point44 design_point45 design_point46 design_point47 design_point48 design_point49 design_point50 design_point51 design_point52 design_point53 design_point54 design_point55 design_point56 design_point57 design_point58 design_point59 design_point60 design_point61 design_point62 design_point63 design_point64 design_point65 design_point66 design_point67 design_point68 design_point69 design_point70 design_point71 design_point72 design_point73 design_point74 design_point75 design_point76 design_point77 design_point78 design_point79 design_point80 design_point81 design_point82 design_point83 design_point84 design_point85 design_point86 design_point87 design_point88 design_point89 design_point90 design_point91 design_point92 design_point93 design_point94 design_point95 design_point96 design_point97 design_point98 design_point99 design_point100 design_point101 design_point102 design_point103 design_point104 design_point105 design_point106 design_point107 design_point108
1.437869e+03 1.434391e+03 1.445775e+03 1.807025e+03 1.433028e+03 1.411459e+03 1.410270e+03 1.440074e+03 1.441028e+03 1.423445e+03 1.399740e+03 1.434096e+03 1.416095e+03 1.405344e+03 1.400897e+03 1.402576e+03 1.429297e+03 1.419926e+03 1.403017e+03 1.435254e+03 1.441868e+03 1.401070e+03 1.323837e+03 1.434580e+03 1.416525e+03 1.411055e+03 1.397303e+03 1.445866e+03 1.394117e+03 1.450792e+03 1.412722e+03 1.419735e+03 1.425580e+03 1.439568e+03 1.432842e+03 1.388885e+03 1.446700e+03 1.436821e+03 1.440200e+03 1.437054e+03 1.433324e+03 1.431262e+03 7.686753e+03 1.392644e+03 1.433595e+03 1.434268e+03 1.420467e+03 1.393323e+03 1.410596e+03 1.437092e+03 1.434794e+03 1.412336e+03 1.441285e+03 1.392953e+03 2.366691e+03 1.399903e+03 1.396538e+03 1.445185e+03 1.431421e+03 1.414964e+03 1.392117e+03 1.437660e+03 1.441998e+03 1.510805e+03 1.441332e+03 1.429565e+03 3.458365e+03 1.431629e+03 1.468284e+03 1.377234e+03 1.396073e+03 1.428200e+03 1.436521e+03 1.447388e+03 1.439854e+03 1.430885e+03 1.450711e+03 1.395243e+03 1.441329e+03 1.429663e+03 1.438579e+03 1.436326e+03 1.372086e+03 1.423315e+03 1.393764e+03 1.400231e+03 1.421586e+03 1.436441e+03 1.438329e+03 1.446355e+03 1.434861e+03 1.448632e+03 1.441206e+03 1.429739e+03 1.428938e+03 1.420306e+03 1.422277e+03 1.441255e+03 1.441958e+03 1.435463e+03 1.437783e+03 1.393435e+03 1.443382e+03 1.410936e+03 1.443536e+03 1.434978e+03 1.407627e+03 1.398160e+03
6.031364e+02 6.043774e+02 6.022463e+02 6.098954e+02 6.032994e+02 6.099133e+02 6.148436e+02 6.020437e+02 6.028497e+02 6.061041e+02 6.148509e+02 6.028126e+02 6.110227e+02 6.153757e+02 6.142882e+02 6.152668e+02 6.042233e+02 6.107816e+02 6.150968e+02 6.026602e+02 6.036602e+02 6.146753e+02 6.243262e+02 6.017195e+02 6.115417e+02 6.135458e+02 6.107460e+02 6.023810e+02 6.147411e+02 6.016681e+02 6.104344e+02 6.071052e+02 6.147628e+02 6.022994e+02 6.030731e+02 6.197865e+02 6.037633e+02 6.022228e+02 6.009813e+02 6.030555e+02 6.038413e+02 6.071962e+02 6.023556e+02 6.158397e+02 6.028927e+02 6.040190e+02 6.092601e+02 6.142307e+02 6.101154e+02 6.029185e+02 6.027840e+02 6.098791e+02 6.033211e+02 6.162960e+02 6.032815e+02 6.136273e+02 6.131284e+02 6.025371e+02 6.018755e+02 6.096140e+02 6.149785e+02 6.028698e+02 6.014905e+02 5.969100e+02 6.041569e+02 6.031340e+02 6.141451e+02 6.022065e+02 6.024120e+02 6.120181e+02 6.157942e+02 6.040415e+02 6.026332e+02 6.008806e+02 6.025063e+02 6.120337e+02 6.013667e+02 6.147838e+02 6.015240e+02 6.026808e+02 6.026335e+02 6.024023e+02 6.197408e+02 6.047345e+02 6.151758e+02 6.141869e+02 6.078888e+02 6.054040e+02 6.030900e+02 6.023414e+02 6.023751e+02 6.023426e+02 6.035171e+02 6.072581e+02 6.065599e+02 6.077202e+02 6.069527e+02 6.020321e+02 6.019229e+02 6.053015e+02 6.017497e+02 6.162904e+02 6.028079e+02 6.147859e+02 6.011295e+02 6.029334e+02 6.216504e+02 6.136920e+02
2.847695e+02 2.861483e+02 2.820149e+02 2.940069e+02 2.850905e+02 2.949740e+02 3.020496e+02 2.828897e+02 2.835864e+02 2.891382e+02 3.019101e+02 2.835591e+02 2.959053e+02 3.023177e+02 3.003872e+02 3.031953e+02 2.858021e+02 2.966986e+02 3.009117e+02 2.845081e+02 2.843551e+02 3.020335e+02 3.216457e+02 2.833163e+02 2.967110e+02 2.983149e+02 2.967458e+02 2.824505e+02 3.022772e+02 2.822386e+02 2.951521e+02 2.915065e+02 3.012251e+02 2.838132e+02 2.853896e+02 3.074525e+02 2.854351e+02 2.824824e+02 2.818257e+02 2.839666e+02 2.860918e+02 2.911631e+02 2.839754e+02 3.027674e+02 2.841845e+02 2.847580e+02 2.928693e+02 3.022736e+02 2.950038e+02 2.845149e+02 2.840939e+02 2.952357e+02 2.840593e+02 3.041526e+02 2.840391e+02 2.983662e+02 2.998575e+02 2.833597e+02 2.833279e+02 2.941477e+02 3.016931e+02 2.838587e+02 2.814846e+02 2.862865e+02 2.849141e+02 2.846970e+02 3.027233e+02 2.834078e+02 2.830117e+02 3.266382e+02 3.031083e+02 2.875333e+02 2.842555e+02 2.813763e+02 2.829033e+02 2.979942e+02 2.827693e+02 3.022979e+02 2.825390e+02 2.838983e+02 2.833648e+02 2.835227e+02 3.112073e+02 2.871945e+02 3.024153e+02 3.003771e+02 2.910026e+02 2.881743e+02 2.842712e+02 2.830415e+02 2.829194e+02 2.821261e+02 2.832715e+02 2.888540e+02 2.895170e+02 2.920519e+02 2.904243e+02 2.842435e+02 2.822215e+02 2.878579e+02 2.829772e+02 3.025271e+02 2.836790e+02 3.021630e+02 2.812000e+02 2.837047e+02 3.190559e+02 3.001985e+02
1.588731e+02 1.602133e+02 1.566651e+02 1.677888e+02 1.590580e+02 1.680827e+02 1.758424e+02 1.569471e+02 1.576174e+02 1.632682e+02 1.753445e+02 1.582010e+02 1.697545e+02 1.763462e+02 1.739856e+02 1.770313e+02 1.597943e+02 1.712969e+02 1.749220e+02 1.584652e+02 1.586326e+02 1.751900e+02 1.846179e+02 1.572486e+02 1.704684e+02 1.730786e+02 1.707418e+02 1.568928e+02 1.761849e+02 1.571048e+02 1.691282e+02 1.652308e+02 1.754608e+02 1.576896e+02 1.594528e+02 1.794699e+02 1.594790e+02 1.568954e+02 1.565043e+02 1.579918e+02 1.593080e+02 1.647518e+02 1.585397e+02 1.767088e+02 1.582165e+02 1.592402e+02 1.676276e+02 1.759411e+02 1.687649e+02 1.589017e+02 1.585413e+02 1.692020e+02 1.591126e+02 1.774167e+02 1.586571e+02 1.725837e+02 1.735125e+02 1.577836e+02 1.573143e+02 1.685257e+02 1.757816e+02 1.580690e+02 1.560328e+02 1.870027e+02 1.584247e+02 1.590590e+02 1.759895e+02 1.578107e+02 1.571074e+02 1.943388e+02 1.766509e+02 1.612492e+02 1.587874e+02 1.556598e+02 1.568597e+02 1.715773e+02 1.568979e+02 1.759201e+02 1.573445e+02 1.579786e+02 1.574792e+02 1.572968e+02 1.819941e+02 1.608972e+02 1.759522e+02 1.740924e+02 1.649309e+02 1.624448e+02 1.588727e+02 1.577231e+02 1.567062e+02 1.565355e+02 1.576858e+02 1.633232e+02 1.641037e+02 1.654367e+02 1.643905e+02 1.583520e+02 1.568293e+02 1.618017e+02 1.570097e+02 1.764292e+02 1.576151e+02 1.758137e+02 1.554771e+02 1.580426e+02 1.880627e+02 1.739000e+02
9.952539e+01 1.009718e+02 9.735509e+01 1.074889e+02 9.975265e+01 1.081256e+02 1.158647e+02 9.792596e+01 9.834637e+01 1.035961e+02 1.147640e+02 9.875024e+01 1.095578e+02 1.162562e+02 1.134783e+02 1.164353e+02 1.004394e+02 1.109503e+02 1.146415e+02 9.911109e+01 9.916929e+01 1.148939e+02 1.255336e+02 9.795977e+01 1.103647e+02 1.132060e+02 1.104422e+02 9.790526e+01 1.157223e+02 9.777763e+01 1.090106e+02 1.054471e+02 1.158130e+02 9.849310e+01 1.001328e+02 1.176375e+02 1.002738e+02 9.768725e+01 9.715363e+01 9.885116e+01 1.003001e+02 1.049774e+02 9.912234e+01 1.162476e+02 9.894477e+01 9.943334e+01 1.079367e+02 1.150959e+02 1.088547e+02 9.962576e+01 9.920449e+01 1.092787e+02 9.971719e+01 1.168368e+02 9.900842e+01 1.120416e+02 1.131001e+02 9.853919e+01 9.785609e+01 1.082885e+02 1.152247e+02 9.894723e+01 9.708901e+01 1.141920e+02 9.910758e+01 9.944189e+01 1.154265e+02 9.863064e+01 9.802875e+01 1.222932e+02 1.161791e+02 1.017453e+02 9.938738e+01 9.684270e+01 9.768645e+01 1.114229e+02 9.752975e+01 1.152905e+02 9.812388e+01 9.865785e+01 9.810623e+01 9.790010e+01 1.200717e+02 1.014643e+02 1.152800e+02 1.134089e+02 1.052359e+02 1.027274e+02 9.916982e+01 9.829228e+01 9.773959e+01 9.755975e+01 9.851635e+01 1.036382e+02 1.045896e+02 1.055500e+02 1.044216e+02 9.865507e+01 9.772157e+01 1.021396e+02 9.786112e+01 1.158632e+02 9.847460e+01 1.160373e+02 9.662741e+01 9.860410e+01 1.233252e+02 1.139201e+02
5.432048e+01 5.530760e+01 5.273216e+01 6.088370e+01 5.446966e+01 6.114882e+01 6.813391e+01 5.280109e+01 5.359337e+01 5.759263e+01 6.678376e+01 5.357887e+01 6.258744e+01 6.811624e+01 6.559645e+01 6.853521e+01 5.509666e+01 6.413519e+01 6.695588e+01 5.408365e+01 5.409495e+01 6.703064e+01 7.083612e+01 5.303450e+01 6.332380e+01 6.610734e+01 6.296959e+01 5.292094e+01 6.769495e+01 5.301029e+01 6.189683e+01 5.916036e+01 6.882516e+01 5.367915e+01 5.469228e+01 6.846863e+01 5.551803e+01 5.270800e+01 5.242417e+01 5.381572e+01 5.489541e+01 5.890945e+01 5.390542e+01 6.795161e+01 5.383102e+01 5.424329e+01 6.151662e+01 6.719010e+01 6.163423e+01 5.434574e+01 5.412612e+01 6.257745e+01 5.506096e+01 6.834838e+01 5.409407e+01 6.470860e+01 6.531862e+01 5.349958e+01 5.306662e+01 6.161476e+01 6.707800e+01 5.378625e+01 5.265866e+01 6.942212e+01 5.394163e+01 5.431605e+01 6.735865e+01 5.349331e+01 5.308073e+01 6.997163e+01 6.787536e+01 5.594985e+01 5.434957e+01 5.213799e+01 5.289111e+01 6.397943e+01 5.271336e+01 6.731926e+01 5.326172e+01 5.347592e+01 5.325319e+01 5.302584e+01 6.941923e+01 5.608580e+01 6.722889e+01 6.578559e+01 5.885178e+01 5.720993e+01 5.397261e+01 5.358131e+01 5.272513e+01 5.343094e+01 5.354139e+01 5.747872e+01 5.890370e+01 5.933381e+01 5.824312e+01 5.358338e+01 5.302776e+01 5.627312e+01 5.294911e+01 6.782768e+01 5.351747e+01 6.852470e+01 5.224769e+01 5.345086e+01 7.165790e+01 6.601799e+01
