# Version 0.0
# Data /lustre/isaac24/proj/UTK0244/cbaillar/Bayes_HEP/Detroit_tune_Project/input/Data/Data__200__pp__PHENIX_2025_I2820229__d08-x01-y06.dat
# Observable: $\frac{1}{N_{jet}}\frac{dN}{rdr}$
# Subobservable: r
# Design Design_Rivet.dat
# design_point1 design_point2 design_point3 design_point4 design_point5 design_point6 design_point7 design_point8 design_point9 design_point10 design_point11 design_point12 design_point13 design_point14 design_point15 design_point16 design_point17 design_point18 design_point19 design_point20 design_point21 design_point22 design_point23 design_point24 design_point25 design_point26 design_point27 design_point28 design_point29 design_point30 design_point31 design_point32 design_point33 design_point34 design_point35 design_point36 design_point37 design_point38 design_point39 design_point40 design_point41 design_point42 design_point43 design_point44 design_point45 design_point46 design_point47 design_point48 design_point49 design_point50 design_point51 design_point52 design_point53 design_point54 design_point55 design_point56 design_point57 design_point58 design_point59 design_point60 design_point61 design_point62 design_point63 design_point64 design_point65 design_point66 design_point67 design_point68 design_point69 design_point70 design_point71 design_point72 design_point73 design_point74 design_point75 design_point76 design_point77 design_point78 design_point79 design_point80 design_point81 design_point82 design_point83 design_point84 design_point85 design_point86 design_point87 design_point88 design_point89 design_point90 design_point91 design_point92 design_point93 design_point94 design_point95 design_point96 design_point97 design_point98 design_point99 design_point100 design_point101 design_point102 design_point103 design_point104 design_point105 design_point106 design_point107 design_point108
2.851230e+00 5.846331e+00 3.145089e+00 3.226796e+00 2.771431e+00 4.724760e+00 3.015511e+00 1.725442e+01 3.841109e+00 2.912924e+00 3.297509e+00 2.478392e+00 4.309724e+00 2.827912e+00 3.244979e+00 2.501790e+00 6.694072e+00 3.757225e+00 2.737670e+00 4.170161e+03 4.007811e+00 5.435947e+00 5.520565e+01 6.001420e+00 3.722813e+00 7.184759e+00 4.476982e+00 4.228107e+00 3.508254e+00 3.072935e+00 5.134365e+00 1.021460e+01 2.561466e+00 1.898915e+01 3.032733e+00 5.120740e+00 5.210712e+00 2.886018e+00 3.142431e+00 2.462282e+00 2.772420e+00 3.055210e+00 5.272860e+00 2.739209e+00 5.929892e+00 3.325998e+00 4.135852e+00 3.837473e+00 4.363878e+00 1.169672e+02 4.347441e+00 4.022025e+00 4.724255e+00 5.894888e+00 3.073133e+00 8.287928e+00 3.703031e+00 3.592192e+00 5.003124e+00 4.265736e+00 3.766196e+00 6.256939e+00 6.677372e+00 7.639050e+01 4.432900e+00 4.162484e+00 7.998345e+00 4.068657e+00 3.613816e+00 1.070296e+02 4.034248e+00 3.847207e+00 3.175738e+00 1.677308e+02 3.732400e+00 1.225720e+01 6.496070e+00 3.895082e+00 4.233561e+00 3.595078e+01 3.865785e+00 2.206740e+00 1.170395e+01 4.235762e+00 4.522201e+00 4.138181e+00 4.900984e+01 3.024950e+03 1.671926e+02 4.517646e+00 6.389299e+00 2.648433e+00 2.883082e+00 4.386486e+00 4.478017e+00 4.279064e+00 4.759343e+00 6.110070e+03 3.906795e+00 2.825453e+00 4.028679e+00 3.689624e+00 3.836008e+00 4.437849e+00 4.258791e+00 4.215790e+00 5.138932e+01 1.231499e+01
4.234308e-01 4.237957e-01 4.231649e-01 4.249877e-01 4.229221e-01 4.251907e-01 4.272086e-01 4.224007e-01 4.219124e-01 4.238118e-01 4.269415e-01 4.231997e-01 4.297597e-01 4.269516e-01 4.264309e-01 4.272639e-01 4.224962e-01 4.256774e-01 4.324029e-01 5.997683e-01 5.976373e-01 6.101706e-01 1.368832e+01 5.977188e-01 6.024278e-01 6.065865e-01 6.016357e-01 4.241700e-01 4.270443e-01 4.233445e-01 4.249706e-01 4.240703e-01 4.261841e-01 4.242281e-01 4.230338e-01 5.658117e-01 4.311753e-01 4.221213e-01 4.266984e-01 4.233850e-01 4.227313e-01 4.245089e-01 4.229868e-01 4.270133e-01 4.219295e-01 4.229568e-01 6.008122e-01 6.036438e-01 6.002641e-01 5.988306e-01 5.982309e-01 6.110907e-01 6.082016e-01 6.040290e-01 4.236065e-01 6.029539e-01 6.030376e-01 5.966368e-01 5.962824e-01 6.082436e-01 6.038556e-01 5.972618e-01 6.037961e-01 2.295987e+01 5.968087e-01 5.987779e-01 6.045015e-01 5.966594e-01 5.972198e-01 1.852355e+01 6.059427e-01 5.991917e-01 4.231443e-01 5.990415e-01 5.959756e-01 6.011888e-01 5.972106e-01 6.021178e-01 6.027701e-01 5.993491e-01 5.968439e-01 2.989500e-01 2.530196e+00 5.985962e-01 6.032417e-01 6.034990e-01 6.004274e-01 5.990510e-01 5.983211e-01 6.051222e-01 3.446840e-01 4.336778e-01 4.228501e-01 4.243328e-01 6.099653e-01 6.003270e-01 5.997494e-01 5.962494e-01 6.013959e-01 4.244585e-01 5.973818e-01 6.031619e-01 6.003795e-01 6.047724e-01 6.029606e-01 5.975899e-01 4.820976e+00 6.105103e-01
2.279405e-01 2.283019e-01 2.269398e-01 2.310899e-01 2.272592e-01 2.313235e-01 2.342631e-01 2.265946e-01 2.265164e-01 2.291872e-01 2.342020e-01 2.274439e-01 2.343520e-01 2.342990e-01 2.334127e-01 2.347279e-01 2.273945e-01 2.320833e-01 2.370359e-01 3.223353e-01 3.213172e-01 3.349409e-01 7.489754e+00 3.207294e-01 3.285232e-01 3.316601e-01 3.283452e-01 2.276240e-01 2.345968e-01 2.269661e-01 2.314797e-01 2.301317e-01 2.335500e-01 2.280021e-01 2.274709e-01 3.140400e-01 2.323226e-01 2.261999e-01 2.289250e-01 2.274156e-01 2.276642e-01 2.300515e-01 2.271930e-01 2.347197e-01 2.267303e-01 2.274673e-01 3.263046e-01 3.314065e-01 3.270015e-01 3.218474e-01 3.219218e-01 3.328127e-01 3.276941e-01 3.322589e-01 2.276570e-01 3.300036e-01 3.303379e-01 3.205654e-01 3.200586e-01 3.313129e-01 3.315858e-01 3.212253e-01 3.238014e-01 1.308178e+01 3.206175e-01 3.221970e-01 3.318472e-01 3.211164e-01 3.204812e-01 1.036615e+01 3.335515e-01 3.231414e-01 2.274581e-01 3.207104e-01 3.199360e-01 3.284413e-01 3.201900e-01 3.304818e-01 3.240320e-01 3.223847e-01 3.201037e-01 1.602744e-01 1.412205e+00 3.227698e-01 3.306833e-01 3.306894e-01 3.257700e-01 3.234728e-01 3.216361e-01 3.250172e-01 1.847485e-01 2.329592e-01 2.271097e-01 2.296177e-01 3.308193e-01 3.255240e-01 3.242124e-01 3.201659e-01 3.226247e-01 2.291073e-01 3.204563e-01 3.316918e-01 3.225347e-01 3.315076e-01 3.228321e-01 3.208269e-01 2.679783e+00 3.344720e-01
1.451632e-01 1.457679e-01 1.441253e-01 1.488779e-01 1.448251e-01 1.489851e-01 1.525586e-01 1.438986e-01 1.440968e-01 1.467973e-01 1.521547e-01 1.447009e-01 1.513586e-01 1.526880e-01 1.513513e-01 1.528622e-01 1.449822e-01 1.501538e-01 1.541828e-01 2.050331e-01 2.043697e-01 2.175002e-01 4.865899e+00 2.036192e-01 2.124385e-01 2.154013e-01 2.120541e-01 1.447329e-01 1.526747e-01 1.443786e-01 1.493233e-01 1.477354e-01 1.517100e-01 1.450839e-01 1.451686e-01 2.050007e-01 1.482841e-01 1.437497e-01 1.454575e-01 1.447780e-01 1.452017e-01 1.476706e-01 1.447296e-01 1.526563e-01 1.441407e-01 1.447759e-01 2.103480e-01 2.154126e-01 2.107253e-01 2.049478e-01 2.049727e-01 2.149344e-01 2.088441e-01 2.163280e-01 1.449707e-01 2.137007e-01 2.142003e-01 2.038817e-01 2.031897e-01 2.135849e-01 2.153863e-01 2.043417e-01 2.058279e-01 7.853805e+00 2.041280e-01 2.052672e-01 2.157196e-01 2.043397e-01 2.034031e-01 6.776110e+00 2.171181e-01 2.062834e-01 1.448446e-01 2.039364e-01 2.032634e-01 2.124641e-01 2.033394e-01 2.148649e-01 2.059262e-01 2.047251e-01 2.035837e-01 1.018523e-01 9.202669e-01 2.063353e-01 2.151768e-01 2.145317e-01 2.090428e-01 2.069016e-01 2.045789e-01 2.067010e-01 1.173488e-01 1.482637e-01 1.443276e-01 1.470727e-01 2.124423e-01 2.090973e-01 2.079888e-01 2.036134e-01 2.051363e-01 1.465357e-01 2.036145e-01 2.155430e-01 2.050482e-01 2.158661e-01 2.050556e-01 2.041130e-01 1.741987e+00 2.172809e-01
1.016240e-01 1.022464e-01 1.005888e-01 1.053936e-01 1.014423e-01 1.055850e-01 1.091871e-01 1.005898e-01 1.007578e-01 1.033859e-01 1.088529e-01 1.012638e-01 1.075887e-01 1.093734e-01 1.081421e-01 1.096759e-01 1.016929e-01 1.069526e-01 1.101570e-01 1.435447e-01 1.432079e-01 1.556587e-01 3.471802e+00 1.425694e-01 1.511189e-01 1.539387e-01 1.509308e-01 1.010464e-01 1.092235e-01 1.006365e-01 1.060327e-01 1.043092e-01 1.089588e-01 1.014821e-01 1.017189e-01 1.469188e-01 1.042284e-01 1.002825e-01 1.015112e-01 1.012892e-01 1.017904e-01 1.041799e-01 1.012595e-01 1.093359e-01 1.007885e-01 1.012944e-01 1.493009e-01 1.541619e-01 1.495695e-01 1.434735e-01 1.433918e-01 1.527707e-01 1.465415e-01 1.551063e-01 1.015087e-01 1.524419e-01 1.528341e-01 1.426120e-01 1.419593e-01 1.516880e-01 1.542891e-01 1.429006e-01 1.436840e-01 5.834806e+00 1.427961e-01 1.436855e-01 1.543846e-01 1.430138e-01 1.423308e-01 4.836291e+00 1.557131e-01 1.450184e-01 1.014067e-01 1.423040e-01 1.416212e-01 1.512226e-01 1.419456e-01 1.537708e-01 1.439644e-01 1.433373e-01 1.420191e-01 7.111994e-02 6.616159e-01 1.448416e-01 1.540296e-01 1.532412e-01 1.476630e-01 1.457231e-01 1.431778e-01 1.447467e-01 8.188557e-02 1.038456e-01 1.009092e-01 1.035450e-01 1.501758e-01 1.476723e-01 1.468176e-01 1.423690e-01 1.433218e-01 1.029553e-01 1.423334e-01 1.545939e-01 1.435217e-01 1.547868e-01 1.430362e-01 1.427444e-01 1.243393e+00 1.552739e-01
6.709517e-02 6.769495e-02 6.611027e-02 7.072886e-02 6.700538e-02 7.101217e-02 7.477732e-02 6.614520e-02 6.633473e-02 6.888893e-02 7.421245e-02 6.661520e-02 7.278049e-02 7.484673e-02 7.341832e-02 7.513117e-02 6.733007e-02 7.264850e-02 7.525084e-02 9.475649e-02 9.433447e-02 1.061168e-01 2.329893e+00 9.370831e-02 1.022212e-01 1.052086e-01 1.017523e-01 6.649512e-02 7.463019e-02 6.621929e-02 7.142669e-02 6.980270e-02 7.506346e-02 6.688249e-02 6.723457e-02 1.000753e-01 6.921972e-02 6.581849e-02 6.676392e-02 6.669250e-02 6.730805e-02 6.965910e-02 6.672088e-02 7.472195e-02 6.648146e-02 6.694331e-02 1.005968e-01 1.050614e-01 1.005736e-01 9.475362e-02 9.468484e-02 1.034114e-01 9.719976e-02 1.060588e-01 6.690192e-02 1.032856e-01 1.038358e-01 9.381978e-02 9.329271e-02 1.022315e-01 1.052171e-01 9.409577e-02 9.441041e-02 3.858949e+00 9.410262e-02 9.493975e-02 1.053728e-01 9.426216e-02 9.342981e-02 3.243176e+00 1.061761e-01 9.623238e-02 6.689671e-02 9.353231e-02 9.323015e-02 1.024073e-01 9.327434e-02 1.048748e-01 9.486581e-02 9.432437e-02 9.341439e-02 4.679430e-02 4.492798e-01 9.604647e-02 1.050176e-01 1.040967e-01 9.866257e-02 9.704205e-02 9.427870e-02 9.546876e-02 5.380634e-02 6.864574e-02 6.645115e-02 6.896982e-02 1.006914e-01 9.881696e-02 9.795569e-02 9.382324e-02 9.424939e-02 6.831149e-02 9.355843e-02 1.054819e-01 9.455015e-02 1.063234e-01 9.389411e-02 9.398637e-02 8.450751e-01 1.057905e-01
