# Version 0.0
# Data /lustre/isaac24/proj/UTK0244/cbaillar/Bayes_HEP/Detroit_tune_Project/input/Data/Data__200__pp__PHENIX_2025_I2820229__d08-x01-y01.dat
# Observable: $\frac{1}{N_{jet}}\frac{dN}{rdr}$
# Subobservable: r
# Design Design_Rivet.dat
# design_point1 design_point2 design_point3 design_point4 design_point5 design_point6 design_point7 design_point8 design_point9 design_point10 design_point11 design_point12 design_point13 design_point14 design_point15 design_point16 design_point17 design_point18 design_point19 design_point20 design_point21 design_point22 design_point23 design_point24 design_point25 design_point26 design_point27 design_point28 design_point29 design_point30 design_point31 design_point32 design_point33 design_point34 design_point35 design_point36 design_point37 design_point38 design_point39 design_point40 design_point41 design_point42 design_point43 design_point44 design_point45 design_point46 design_point47 design_point48 design_point49 design_point50 design_point51 design_point52 design_point53 design_point54 design_point55 design_point56 design_point57 design_point58 design_point59 design_point60 design_point61 design_point62 design_point63 design_point64 design_point65 design_point66 design_point67 design_point68 design_point69 design_point70 design_point71 design_point72 design_point73 design_point74 design_point75 design_point76 design_point77 design_point78 design_point79 design_point80 design_point81 design_point82 design_point83 design_point84 design_point85 design_point86 design_point87 design_point88 design_point89 design_point90 design_point91 design_point92 design_point93 design_point94 design_point95 design_point96 design_point97 design_point98 design_point99 design_point100 design_point101 design_point102 design_point103 design_point104 design_point105 design_point106 design_point107 design_point108
6.066530e+02 6.108797e+02 5.699070e+03 6.234226e+02 6.140892e+02 6.093253e+02 6.815011e+02 9.510914e+02 6.172510e+02 6.093264e+02 6.086535e+02 6.083081e+02 5.991651e+02 6.085422e+02 6.105049e+02 6.119503e+02 6.087149e+02 6.588410e+02 6.087002e+02 6.156452e+02 1.157405e+03 6.370164e+02 6.575054e+02 6.172282e+02 6.154050e+02 7.167162e+02 6.403478e+03 6.089574e+02 6.015842e+02 6.044762e+02 6.087324e+02 6.034365e+02 6.173028e+02 6.022073e+02 6.283187e+02 6.192543e+02 6.151702e+02 6.234252e+02 6.141159e+02 6.108024e+02 8.230215e+02 6.153863e+02 6.111079e+02 6.107634e+02 6.192487e+02 6.128428e+02 6.147679e+02 6.066002e+02 6.062029e+02 6.116488e+02 6.127478e+02 5.962847e+02 6.066676e+02 6.089013e+02 6.076321e+02 6.015545e+02 6.108199e+02 6.115156e+02 6.276265e+02 6.064711e+02 6.050404e+02 4.690459e+03 6.060149e+02 5.096084e+02 6.120795e+02 6.359069e+02 6.017751e+02 6.081230e+02 6.006221e+02 6.922268e+02 6.083986e+02 6.111488e+02 6.071317e+02 6.037739e+02 6.061477e+02 6.104402e+02 6.192041e+02 6.186116e+02 6.181909e+02 6.078918e+02 6.161054e+02 6.010301e+02 6.169494e+02 6.282283e+02 6.085849e+02 5.978262e+02 6.096469e+02 6.133092e+02 6.231354e+02 6.041572e+02 6.129999e+02 6.162251e+02 6.140951e+02 6.090632e+02 6.095364e+02 6.191533e+02 6.059687e+02 6.059890e+02 6.037965e+02 6.085701e+02 6.100559e+02 6.130565e+02 6.159923e+02 6.904065e+02 6.020599e+02 6.073468e+02 6.246900e+02 6.004972e+02
3.371824e+02 3.380901e+02 3.354628e+02 3.428049e+02 3.366918e+02 3.431638e+02 3.496824e+02 3.360466e+02 3.351429e+02 3.392807e+02 3.474557e+02 3.366161e+02 3.442283e+02 3.490046e+02 3.466229e+02 3.489445e+02 3.368067e+02 3.456727e+02 3.468961e+02 3.366646e+02 3.370661e+02 3.472198e+02 3.378374e+02 3.350334e+02 3.440018e+02 3.471851e+02 3.444677e+02 3.362203e+02 3.486583e+02 3.360001e+02 3.427159e+02 3.418300e+02 3.494723e+02 3.371295e+02 3.381307e+02 3.478683e+02 3.387585e+02 3.355013e+02 3.358219e+02 3.368978e+02 3.373899e+02 3.401090e+02 3.368574e+02 3.472722e+02 3.364191e+02 3.362049e+02 3.432190e+02 3.471970e+02 3.428134e+02 3.363126e+02 3.376898e+02 3.444234e+02 3.375561e+02 3.472845e+02 3.370935e+02 3.452063e+02 3.461417e+02 3.358876e+02 3.352013e+02 3.444354e+02 3.477944e+02 3.359890e+02 3.353980e+02 3.544823e+02 3.365213e+02 3.372265e+02 3.466944e+02 3.371219e+02 3.354555e+02 3.696915e+02 3.481147e+02 3.392946e+02 3.355380e+02 3.349829e+02 3.352934e+02 3.444981e+02 3.363916e+02 3.470971e+02 3.366681e+02 3.373510e+02 3.360488e+02 3.361373e+02 3.488226e+02 3.372793e+02 3.480282e+02 3.469134e+02 3.409765e+02 3.393976e+02 3.367690e+02 3.366075e+02 3.355820e+02 3.368312e+02 3.359384e+02 3.398075e+02 3.418745e+02 3.403809e+02 3.396039e+02 3.358471e+02 3.356524e+02 3.386288e+02 3.358333e+02 3.480862e+02 3.362205e+02 3.485179e+02 3.353206e+02 3.367312e+02 3.496860e+02 3.463974e+02
1.980061e+02 1.986267e+02 1.956295e+02 2.046937e+02 1.980000e+02 2.046199e+02 2.121265e+02 1.959161e+02 1.960415e+02 2.012883e+02 2.112182e+02 1.967872e+02 2.075456e+02 2.129392e+02 2.104255e+02 2.134155e+02 1.974836e+02 2.081303e+02 2.127309e+02 1.968260e+02 1.965731e+02 2.116588e+02 2.064827e+02 1.953152e+02 2.072709e+02 2.105006e+02 2.070919e+02 1.956699e+02 2.121428e+02 1.959953e+02 2.059403e+02 2.033774e+02 2.130694e+02 1.967794e+02 1.978785e+02 2.104075e+02 2.007776e+02 1.956682e+02 1.964083e+02 1.965052e+02 1.981104e+02 2.021514e+02 1.965263e+02 2.131015e+02 1.966667e+02 1.971653e+02 2.050418e+02 2.112938e+02 2.053221e+02 1.977103e+02 1.973022e+02 2.081200e+02 1.995013e+02 2.135213e+02 1.978104e+02 2.096260e+02 2.096836e+02 1.963303e+02 1.961079e+02 2.063877e+02 2.115730e+02 1.966703e+02 1.958430e+02 2.365807e+02 1.965482e+02 1.972881e+02 2.127283e+02 1.972184e+02 1.959767e+02 2.134693e+02 2.132651e+02 1.995027e+02 1.973785e+02 1.961362e+02 1.946639e+02 2.073949e+02 1.951933e+02 2.118600e+02 1.966259e+02 1.966716e+02 1.960650e+02 1.953820e+02 2.066318e+02 1.986326e+02 2.121314e+02 2.106832e+02 2.028615e+02 2.007929e+02 1.970922e+02 1.975189e+02 1.953808e+02 1.983113e+02 1.962259e+02 2.014618e+02 2.043617e+02 2.031864e+02 2.019892e+02 1.969919e+02 1.957779e+02 1.997837e+02 1.966501e+02 2.130506e+02 1.968365e+02 2.126489e+02 1.959375e+02 1.960449e+02 2.073454e+02 2.116925e+02
1.216465e+02 1.224528e+02 1.195175e+02 1.285511e+02 1.211722e+02 1.284234e+02 1.358571e+02 1.200318e+02 1.205700e+02 1.241660e+02 1.348780e+02 1.207641e+02 1.304610e+02 1.362255e+02 1.331330e+02 1.367400e+02 1.220503e+02 1.319892e+02 1.359039e+02 1.209034e+02 1.209805e+02 1.349467e+02 1.265747e+02 1.194080e+02 1.304665e+02 1.342421e+02 1.308084e+02 1.202506e+02 1.352545e+02 1.199878e+02 1.295558e+02 1.265670e+02 1.363766e+02 1.206946e+02 1.215855e+02 1.330696e+02 1.239814e+02 1.194206e+02 1.196913e+02 1.208560e+02 1.224309e+02 1.259817e+02 1.210102e+02 1.357483e+02 1.203619e+02 1.207833e+02 1.292117e+02 1.346303e+02 1.289581e+02 1.214791e+02 1.208999e+02 1.311768e+02 1.229499e+02 1.363380e+02 1.212442e+02 1.319128e+02 1.327970e+02 1.205258e+02 1.196992e+02 1.299273e+02 1.350713e+02 1.208470e+02 1.204951e+02 1.180907e+02 1.210470e+02 1.211371e+02 1.351735e+02 1.207760e+02 1.197895e+02 1.215870e+02 1.358950e+02 1.225599e+02 1.208273e+02 1.202634e+02 1.195527e+02 1.316230e+02 1.191514e+02 1.345001e+02 1.209714e+02 1.202307e+02 1.199439e+02 1.200916e+02 1.295195e+02 1.232153e+02 1.350205e+02 1.336205e+02 1.261274e+02 1.239675e+02 1.206038e+02 1.211551e+02 1.194979e+02 1.222067e+02 1.204571e+02 1.248844e+02 1.274416e+02 1.265335e+02 1.251153e+02 1.203577e+02 1.201451e+02 1.233530e+02 1.196045e+02 1.353705e+02 1.204999e+02 1.361976e+02 1.199016e+02 1.202419e+02 1.274454e+02 1.346509e+02
7.594936e+01 7.695812e+01 7.463342e+01 8.210498e+01 7.634065e+01 8.210033e+01 8.919621e+01 7.451887e+01 7.524617e+01 7.874598e+01 8.808306e+01 7.550695e+01 8.438272e+01 8.956531e+01 8.687962e+01 9.000056e+01 7.662248e+01 8.574434e+01 8.882187e+01 7.567133e+01 7.580253e+01 8.819362e+01 7.958532e+01 7.525534e+01 8.437021e+01 8.798320e+01 8.451479e+01 7.516781e+01 8.886840e+01 7.466796e+01 8.317856e+01 8.069847e+01 9.038697e+01 7.574926e+01 7.607580e+01 8.649141e+01 7.842863e+01 7.433215e+01 7.482957e+01 7.579998e+01 7.617304e+01 7.980362e+01 7.556879e+01 8.890519e+01 7.553356e+01 7.600459e+01 8.304989e+01 8.837471e+01 8.316320e+01 7.590892e+01 7.592448e+01 8.504961e+01 7.774927e+01 8.925473e+01 7.593625e+01 8.587824e+01 8.632856e+01 7.506586e+01 7.437827e+01 8.360749e+01 8.835570e+01 7.529815e+01 7.486298e+01 8.378548e+01 7.578043e+01 7.594871e+01 8.825913e+01 7.550456e+01 7.483923e+01 7.879656e+01 8.926532e+01 7.801187e+01 7.587415e+01 7.490490e+01 7.448396e+01 8.506322e+01 7.431765e+01 8.823528e+01 7.530869e+01 7.566602e+01 7.457265e+01 7.463977e+01 8.421993e+01 7.733288e+01 8.818297e+01 8.650331e+01 8.042153e+01 7.895286e+01 7.547122e+01 7.628821e+01 7.440628e+01 7.673402e+01 7.514147e+01 7.908398e+01 8.187369e+01 8.083589e+01 7.929098e+01 7.505103e+01 7.524463e+01 7.794608e+01 7.477717e+01 8.895544e+01 7.570208e+01 8.987379e+01 7.469585e+01 7.509625e+01 8.388571e+01 8.793810e+01
3.327639e+01 3.380702e+01 3.194922e+01 3.747550e+01 3.323408e+01 3.756730e+01 4.268162e+01 3.218079e+01 3.255120e+01 3.531479e+01 4.185713e+01 3.284077e+01 3.896528e+01 4.271655e+01 4.099473e+01 4.306422e+01 3.353900e+01 4.048613e+01 4.229524e+01 3.289969e+01 3.291523e+01 4.173455e+01 3.844253e+01 3.223628e+01 3.921226e+01 4.198495e+01 3.907445e+01 3.229982e+01 4.227364e+01 3.238309e+01 3.815376e+01 3.639442e+01 4.401037e+01 3.290944e+01 3.339598e+01 4.104911e+01 3.483090e+01 3.183703e+01 3.216051e+01 3.264385e+01 3.356461e+01 3.617891e+01 3.298654e+01 4.251267e+01 3.275987e+01 3.300245e+01 3.836333e+01 4.172651e+01 3.800303e+01 3.324127e+01 3.311725e+01 3.941880e+01 3.443440e+01 4.274476e+01 3.311081e+01 4.017724e+01 4.055797e+01 3.244875e+01 3.214176e+01 3.839187e+01 4.167710e+01 3.291549e+01 3.254163e+01 4.701233e+01 3.267280e+01 3.313410e+01 4.216930e+01 3.291407e+01 3.221087e+01 3.803064e+01 4.259678e+01 3.431320e+01 3.300754e+01 3.225446e+01 3.219456e+01 3.968585e+01 3.202239e+01 4.184008e+01 3.256864e+01 3.278862e+01 3.244793e+01 3.217109e+01 3.911330e+01 3.431339e+01 4.196380e+01 4.081707e+01 3.627568e+01 3.526098e+01 3.296288e+01 3.324193e+01 3.205440e+01 3.374901e+01 3.244886e+01 3.548622e+01 3.722802e+01 3.639208e+01 3.574248e+01 3.261035e+01 3.240764e+01 3.464635e+01 3.226092e+01 4.247784e+01 3.254313e+01 4.358971e+01 3.213936e+01 3.256414e+01 3.822249e+01 4.147001e+01
