# Version 0.0
# Data /lustre/isaac24/proj/UTK0244/cbaillar/Bayes_HEP/Detroit_tune_Project/input/Data/Data__200__pp__PHENIX_2025_I2820229__d03-x01-y01.dat
# Observable: $\frac{1}{N_{jet}}\frac{dN}{d\xi}$
# Subobservable: $\xi$
# Design Design_Rivet.dat
# design_point1 design_point2 design_point3 design_point4 design_point5 design_point6 design_point7 design_point8 design_point9 design_point10 design_point11 design_point12 design_point13 design_point14 design_point15 design_point16 design_point17 design_point18 design_point19 design_point20 design_point21 design_point22 design_point23 design_point24 design_point25 design_point26 design_point27 design_point28 design_point29 design_point30 design_point31 design_point32 design_point33 design_point34 design_point35 design_point36 design_point37 design_point38 design_point39 design_point40 design_point41 design_point42 design_point43 design_point44 design_point45 design_point46 design_point47 design_point48 design_point49 design_point50 design_point51 design_point52 design_point53 design_point54 design_point55 design_point56 design_point57 design_point58 design_point59 design_point60 design_point61 design_point62 design_point63 design_point64 design_point65 design_point66 design_point67 design_point68 design_point69 design_point70 design_point71 design_point72 design_point73 design_point74 design_point75 design_point76 design_point77 design_point78 design_point79 design_point80 design_point81 design_point82 design_point83 design_point84 design_point85 design_point86 design_point87 design_point88 design_point89 design_point90 design_point91 design_point92 design_point93 design_point94 design_point95 design_point96 design_point97 design_point98 design_point99 design_point100 design_point101 design_point102 design_point103 design_point104 design_point105 design_point106 design_point107 design_point108
1.136390e+00 1.131801e+00 1.139323e+00 1.104976e+00 1.133722e+00 1.102443e+00 1.077379e+00 1.141860e+00 1.139663e+00 1.122273e+00 1.083030e+00 1.138762e+00 1.094663e+00 1.073950e+00 1.086845e+00 1.071504e+00 1.133408e+00 1.092068e+00 1.078553e+00 1.137347e+00 1.133932e+00 1.083831e+00 1.126597e+00 1.141834e+00 1.098419e+00 1.087487e+00 1.098530e+00 1.143189e+00 1.078153e+00 1.145897e+00 1.103475e+00 1.113469e+00 1.077438e+00 1.134801e+00 1.136506e+00 1.082433e+00 1.117539e+00 1.145586e+00 1.140277e+00 1.137780e+00 1.134666e+00 1.116820e+00 1.141070e+00 1.079380e+00 1.135955e+00 1.134053e+00 1.100290e+00 1.082243e+00 1.101061e+00 1.138909e+00 1.137263e+00 1.092097e+00 1.124233e+00 1.074498e+00 1.138291e+00 1.091114e+00 1.089815e+00 1.138009e+00 1.144108e+00 1.096809e+00 1.079958e+00 1.137556e+00 1.141082e+00 1.223301e+00 1.133928e+00 1.137196e+00 1.082559e+00 1.137219e+00 1.142965e+00 1.039007e+00 1.069449e+00 1.127506e+00 1.140747e+00 1.140576e+00 1.141721e+00 1.092491e+00 1.143489e+00 1.083283e+00 1.139369e+00 1.138669e+00 1.146097e+00 1.143363e+00 1.103507e+00 1.129173e+00 1.081454e+00 1.080532e+00 1.111285e+00 1.125090e+00 1.138099e+00 1.136784e+00 1.142765e+00 1.132583e+00 1.139995e+00 1.120261e+00 1.106928e+00 1.110765e+00 1.116005e+00 1.141798e+00 1.141341e+00 1.128408e+00 1.144552e+00 1.076558e+00 1.141464e+00 1.076606e+00 1.144310e+00 1.145122e+00 1.080797e+00 1.079164e+00
1.905105e+00 1.903430e+00 1.914834e+00 1.907820e+00 1.911774e+00 1.915350e+00 1.905184e+00 1.909828e+00 1.908725e+00 1.912688e+00 1.915662e+00 1.901187e+00 1.912971e+00 1.901381e+00 1.914247e+00 1.910010e+00 1.916236e+00 1.898492e+00 1.912625e+00 1.906873e+00 1.911820e+00 1.903830e+00 1.851336e+00 1.902203e+00 1.909096e+00 1.899978e+00 1.908159e+00 1.910727e+00 1.913735e+00 1.908044e+00 1.910143e+00 1.912154e+00 1.891289e+00 1.909477e+00 1.906927e+00 1.914727e+00 1.909939e+00 1.904750e+00 1.907047e+00 1.906401e+00 1.907834e+00 1.913488e+00 1.907587e+00 1.913726e+00 1.909694e+00 1.903951e+00 1.907250e+00 1.908437e+00 1.911944e+00 1.906648e+00 1.900962e+00 1.919180e+00 1.904100e+00 1.910220e+00 1.910717e+00 1.912880e+00 1.914237e+00 1.912496e+00 1.905809e+00 1.913506e+00 1.912159e+00 1.903918e+00 1.904903e+00 1.922330e+00 1.903238e+00 1.904978e+00 1.912980e+00 1.905026e+00 1.904575e+00 2.014184e+00 1.918931e+00 1.908267e+00 1.903193e+00 1.905375e+00 1.902080e+00 1.910471e+00 1.903932e+00 1.904392e+00 1.907038e+00 1.903428e+00 1.899369e+00 1.903111e+00 1.869378e+00 1.910979e+00 1.914101e+00 1.919672e+00 1.918014e+00 1.908565e+00 1.905502e+00 1.906486e+00 1.902995e+00 1.917360e+00 1.905495e+00 1.909008e+00 1.908849e+00 1.911720e+00 1.910682e+00 1.902587e+00 1.901172e+00 1.911308e+00 1.901535e+00 1.915571e+00 1.909788e+00 1.895472e+00 1.905791e+00 1.902174e+00 1.897167e+00 1.913532e+00
2.116802e+00 2.122863e+00 2.092176e+00 2.154999e+00 2.113971e+00 2.151593e+00 2.179478e+00 2.102433e+00 2.105559e+00 2.127670e+00 2.179264e+00 2.110134e+00 2.166377e+00 2.181048e+00 2.175023e+00 2.182907e+00 2.106807e+00 2.159171e+00 2.179570e+00 2.103219e+00 2.107704e+00 2.184228e+00 2.018583e+00 2.098145e+00 2.157184e+00 2.166622e+00 2.169297e+00 2.102242e+00 2.176448e+00 2.099776e+00 2.157000e+00 2.146379e+00 2.155364e+00 2.109112e+00 2.112279e+00 2.167571e+00 2.135582e+00 2.097057e+00 2.101788e+00 2.107296e+00 2.121740e+00 2.135248e+00 2.101996e+00 2.186527e+00 2.108814e+00 2.114029e+00 2.140362e+00 2.185397e+00 2.157663e+00 2.106484e+00 2.113093e+00 2.170013e+00 2.122334e+00 2.194475e+00 2.111599e+00 2.175685e+00 2.173525e+00 2.108211e+00 2.097787e+00 2.164167e+00 2.191086e+00 2.110995e+00 2.102318e+00 2.077670e+00 2.112524e+00 2.112271e+00 2.178173e+00 2.104729e+00 2.103784e+00 2.170213e+00 2.198059e+00 2.114693e+00 2.109264e+00 2.109498e+00 2.100696e+00 2.155231e+00 2.097949e+00 2.179123e+00 2.113532e+00 2.113815e+00 2.100992e+00 2.105481e+00 2.139226e+00 2.117932e+00 2.177970e+00 2.179000e+00 2.141512e+00 2.118871e+00 2.108495e+00 2.115527e+00 2.098145e+00 2.110661e+00 2.101059e+00 2.137860e+00 2.146414e+00 2.134170e+00 2.130775e+00 2.105863e+00 2.103190e+00 2.118472e+00 2.102796e+00 2.176587e+00 2.099747e+00 2.171996e+00 2.105193e+00 2.107436e+00 2.146205e+00 2.187552e+00
1.854335e+00 1.863868e+00 1.830910e+00 1.929430e+00 1.847661e+00 1.920074e+00 1.994630e+00 1.833663e+00 1.838131e+00 1.875367e+00 1.978800e+00 1.848267e+00 1.940753e+00 2.001362e+00 1.972416e+00 2.001759e+00 1.852695e+00 1.948128e+00 1.996131e+00 1.853172e+00 1.842679e+00 1.982372e+00 1.804878e+00 1.840257e+00 1.937136e+00 1.978126e+00 1.946801e+00 1.845559e+00 1.984426e+00 1.832059e+00 1.930014e+00 1.909251e+00 1.986848e+00 1.847629e+00 1.857429e+00 1.968580e+00 1.884395e+00 1.833273e+00 1.834452e+00 1.853124e+00 1.858197e+00 1.898643e+00 1.854037e+00 1.987403e+00 1.843780e+00 1.853461e+00 1.933748e+00 1.984777e+00 1.931239e+00 1.852389e+00 1.857781e+00 1.953015e+00 1.872367e+00 1.997019e+00 1.853485e+00 1.961936e+00 1.956078e+00 1.836684e+00 1.831995e+00 1.938376e+00 1.985022e+00 1.842531e+00 1.839790e+00 2.058252e+00 1.849610e+00 1.850935e+00 1.983678e+00 1.846345e+00 1.841107e+00 1.868794e+00 1.992234e+00 1.873219e+00 1.843666e+00 1.839385e+00 1.830145e+00 1.959585e+00 1.832716e+00 1.980528e+00 1.843368e+00 1.845188e+00 1.834195e+00 1.836277e+00 1.911094e+00 1.857980e+00 1.979913e+00 1.967197e+00 1.903884e+00 1.881365e+00 1.845235e+00 1.855641e+00 1.834033e+00 1.862421e+00 1.845862e+00 1.884089e+00 1.924512e+00 1.905393e+00 1.890124e+00 1.841690e+00 1.835522e+00 1.873549e+00 1.846691e+00 2.000656e+00 1.845073e+00 1.996100e+00 1.829078e+00 1.843271e+00 1.952081e+00 1.988368e+00
1.421805e+00 1.442404e+00 1.402869e+00 1.531592e+00 1.427726e+00 1.524818e+00 1.642604e+00 1.404142e+00 1.414658e+00 1.471084e+00 1.619024e+00 1.417425e+00 1.561839e+00 1.649318e+00 1.604520e+00 1.653556e+00 1.430787e+00 1.593393e+00 1.638464e+00 1.417687e+00 1.421111e+00 1.625049e+00 1.691057e+00 1.400680e+00 1.561261e+00 1.625234e+00 1.560464e+00 1.402069e+00 1.633563e+00 1.404995e+00 1.537543e+00 1.501906e+00 1.663586e+00 1.411754e+00 1.431061e+00 1.608831e+00 1.465859e+00 1.398584e+00 1.403656e+00 1.412855e+00 1.431453e+00 1.490802e+00 1.414875e+00 1.637553e+00 1.411870e+00 1.418835e+00 1.548725e+00 1.618605e+00 1.540304e+00 1.427061e+00 1.426836e+00 1.568156e+00 1.447510e+00 1.636706e+00 1.425801e+00 1.584208e+00 1.590915e+00 1.407520e+00 1.401252e+00 1.550107e+00 1.622723e+00 1.415777e+00 1.409180e+00 1.417476e+00 1.418769e+00 1.422550e+00 1.639061e+00 1.422978e+00 1.396835e+00 1.578014e+00 1.637567e+00 1.453396e+00 1.419015e+00 1.400599e+00 1.398360e+00 1.564646e+00 1.394667e+00 1.622050e+00 1.418565e+00 1.416668e+00 1.404034e+00 1.397278e+00 1.582844e+00 1.450553e+00 1.624231e+00 1.599817e+00 1.496701e+00 1.472685e+00 1.414701e+00 1.422365e+00 1.398040e+00 1.435825e+00 1.407333e+00 1.484556e+00 1.515247e+00 1.504965e+00 1.483675e+00 1.410333e+00 1.412680e+00 1.453261e+00 1.401735e+00 1.640135e+00 1.417935e+00 1.664406e+00 1.404018e+00 1.409929e+00 1.540049e+00 1.619821e+00
9.940214e-01 1.003564e+00 9.573788e-01 1.098876e+00 9.952344e-01 1.103993e+00 1.234534e+00 9.606405e-01 9.716932e-01 1.042283e+00 1.216338e+00 9.767036e-01 1.141447e+00 1.238055e+00 1.187985e+00 1.243100e+00 1.000088e+00 1.174926e+00 1.219031e+00 9.818958e-01 9.834621e-01 1.213117e+00 1.108014e+00 9.657609e-01 1.144988e+00 1.209867e+00 1.142824e+00 9.661101e-01 1.229354e+00 9.611527e-01 1.115594e+00 1.074745e+00 1.271461e+00 9.875409e-01 9.939432e-01 1.190683e+00 1.032851e+00 9.573810e-01 9.691114e-01 9.810968e-01 9.966772e-01 1.061058e+00 9.838119e-01 1.226422e+00 9.770147e-01 9.777125e-01 1.120968e+00 1.207597e+00 1.110708e+00 9.858426e-01 9.858348e-01 1.153444e+00 1.018214e+00 1.227290e+00 9.881635e-01 1.166692e+00 1.180965e+00 9.732379e-01 9.621522e-01 1.124657e+00 1.207652e+00 9.816042e-01 9.663879e-01 1.592233e+00 9.803721e-01 9.897762e-01 1.212171e+00 9.837318e-01 9.621553e-01 1.195035e+00 1.228087e+00 1.019606e+00 9.882072e-01 9.667421e-01 9.621514e-01 1.159351e+00 9.595056e-01 1.211048e+00 9.762352e-01 9.742233e-01 9.702319e-01 9.614245e-01 1.154608e+00 1.013210e+00 1.220662e+00 1.186728e+00 1.066432e+00 1.044303e+00 9.807195e-01 9.851802e-01 9.614803e-01 1.001364e+00 9.750885e-01 1.048852e+00 1.094916e+00 1.076832e+00 1.056676e+00 9.725908e-01 9.711445e-01 1.028235e+00 9.637957e-01 1.227041e+00 9.774618e-01 1.247182e+00 9.660630e-01 9.706666e-01 1.136411e+00 1.202249e+00
7.053520e-01 7.130704e-01 6.781628e-01 7.906957e-01 7.028526e-01 8.076069e-01 9.330999e-01 6.751754e-01 6.836446e-01 7.462742e-01 9.012220e-01 6.901951e-01 8.409357e-01 9.236993e-01 8.816285e-01 9.373581e-01 7.084053e-01 8.740217e-01 9.156693e-01 6.932048e-01 6.922713e-01 9.013949e-01 9.430894e-01 6.745845e-01 8.303797e-01 9.098106e-01 8.334596e-01 6.824969e-01 9.109308e-01 6.747457e-01 8.187870e-01 7.742277e-01 9.616616e-01 6.909260e-01 7.020206e-01 8.883518e-01 7.406476e-01 6.674961e-01 6.731656e-01 6.901169e-01 7.113830e-01 7.680985e-01 6.940377e-01 9.222506e-01 6.888495e-01 6.992663e-01 8.182527e-01 9.016374e-01 8.127884e-01 6.941016e-01 6.985496e-01 8.466851e-01 7.305231e-01 9.224720e-01 6.973037e-01 8.599866e-01 8.744904e-01 6.830529e-01 6.754343e-01 8.261411e-01 9.015504e-01 6.918902e-01 6.761692e-01 8.155340e-01 6.937892e-01 6.966670e-01 9.029550e-01 6.923260e-01 6.766149e-01 7.163121e-01 9.230150e-01 7.263440e-01 6.966942e-01 6.778948e-01 6.735670e-01 8.522354e-01 6.746765e-01 9.070373e-01 6.899648e-01 6.844663e-01 6.749337e-01 6.799241e-01 8.431756e-01 7.256311e-01 9.020079e-01 8.862718e-01 7.769575e-01 7.470709e-01 6.901126e-01 6.914938e-01 6.690888e-01 7.078758e-01 6.816029e-01 7.469135e-01 7.873259e-01 7.751662e-01 7.543809e-01 6.859678e-01 6.808014e-01 7.288276e-01 6.787614e-01 9.133635e-01 6.899760e-01 9.407331e-01 6.723401e-01 6.803052e-01 8.534453e-01 8.883831e-01
