# Version 0.0
# Data /lustre/isaac24/proj/UTK0244/cbaillar/Bayes_HEP/Detroit_tune_Project/input/Data/Data__200__pp__PHENIX_2025_I2820229__d02-x01-y07.dat
# Observable: $\frac{1}{N_{jet}}\frac{dN}{dz_g}$
# Subobservable: $z_g$
# Design Design_Rivet.dat
# design_point1 design_point2 design_point3 design_point4 design_point5 design_point6 design_point7 design_point8 design_point9 design_point10 design_point11 design_point12 design_point13 design_point14 design_point15 design_point16 design_point17 design_point18 design_point19 design_point20 design_point21 design_point22 design_point23 design_point24 design_point25 design_point26 design_point27 design_point28 design_point29 design_point30 design_point31 design_point32 design_point33 design_point34 design_point35 design_point36 design_point37 design_point38 design_point39 design_point40 design_point41 design_point42 design_point43 design_point44 design_point45 design_point46 design_point47 design_point48 design_point49 design_point50 design_point51 design_point52 design_point53 design_point54 design_point55 design_point56 design_point57 design_point58 design_point59 design_point60 design_point61 design_point62 design_point63 design_point64 design_point65 design_point66 design_point67 design_point68 design_point69 design_point70 design_point71 design_point72 design_point73 design_point74 design_point75 design_point76 design_point77 design_point78 design_point79 design_point80 design_point81 design_point82 design_point83 design_point84 design_point85 design_point86 design_point87 design_point88 design_point89 design_point90 design_point91 design_point92 design_point93 design_point94 design_point95 design_point96 design_point97 design_point98 design_point99 design_point100 design_point101 design_point102 design_point103 design_point104 design_point105 design_point106 design_point107 design_point108
1.077223e-02 1.074052e-02 1.078387e-02 1.071778e-02 1.073400e-02 1.072451e-02 1.070038e-02 1.071859e-02 1.072655e-02 1.075322e-02 1.069926e-02 1.077883e-02 1.086143e-02 1.068110e-02 1.070106e-02 1.069586e-02 1.073164e-02 1.071028e-02 1.091848e-02 1.523934e-02 1.519144e-02 1.523152e-02 3.259870e-01 1.521600e-02 1.516707e-02 1.529783e-02 1.512965e-02 1.083846e-02 1.070532e-02 1.075743e-02 1.070522e-02 1.073341e-02 1.067279e-02 1.083887e-02 1.075140e-02 1.250689e-02 1.106036e-02 1.071886e-02 1.092208e-02 1.076708e-02 1.074059e-02 1.071602e-02 1.076260e-02 1.068738e-02 1.072731e-02 1.074311e-02 1.514845e-02 1.507908e-02 1.513965e-02 1.514617e-02 1.521452e-02 1.548380e-02 1.561074e-02 1.511057e-02 1.077200e-02 1.513660e-02 1.515020e-02 1.521125e-02 1.515450e-02 1.544036e-02 1.515689e-02 1.519669e-02 1.548891e-02 5.950971e-01 1.516925e-02 1.523101e-02 1.514126e-02 1.512036e-02 1.525258e-02 4.307014e-01 1.525290e-02 1.516453e-02 1.075382e-02 1.538068e-02 1.518445e-02 1.511205e-02 1.519018e-02 1.508543e-02 1.540902e-02 1.526372e-02 1.515099e-02 7.614095e-03 5.386420e-02 1.520865e-02 1.514191e-02 1.513008e-02 1.518697e-02 1.517246e-02 1.518894e-02 1.551593e-02 8.785740e-03 1.122254e-02 1.073050e-02 1.074977e-02 1.559838e-02 1.513162e-02 1.513036e-02 1.513696e-02 1.540101e-02 1.076972e-02 1.517061e-02 1.513153e-02 1.532170e-02 1.517264e-02 1.542484e-02 1.521055e-02 1.135522e-01 1.539905e-02
8.977517e-03 8.987587e-03 8.995773e-03 8.968726e-03 8.978699e-03 8.973267e-03 8.973912e-03 8.998729e-03 8.977907e-03 8.988081e-03 8.981020e-03 8.987183e-03 9.104035e-03 8.940406e-03 8.945909e-03 8.951816e-03 8.971562e-03 8.970481e-03 9.146831e-03 1.271455e-02 1.268628e-02 1.276352e-02 2.778197e-01 1.270973e-02 1.266630e-02 1.280185e-02 1.268685e-02 9.032647e-03 8.957269e-03 8.986317e-03 8.969821e-03 8.963089e-03 8.932624e-03 9.055526e-03 8.978476e-03 1.047044e-02 9.244686e-03 8.969818e-03 9.101927e-03 8.989826e-03 8.978700e-03 8.971550e-03 8.983643e-03 8.961601e-03 8.955820e-03 8.975115e-03 1.267497e-02 1.265055e-02 1.267963e-02 1.267345e-02 1.269379e-02 1.297641e-02 1.303250e-02 1.266036e-02 8.984680e-03 1.271304e-02 1.271972e-02 1.271039e-02 1.265981e-02 1.293036e-02 1.271516e-02 1.268756e-02 1.289224e-02 4.481087e-01 1.267540e-02 1.270009e-02 1.269741e-02 1.260604e-02 1.271415e-02 3.502173e-01 1.276601e-02 1.269658e-02 8.979297e-03 1.283784e-02 1.267596e-02 1.266230e-02 1.268853e-02 1.264369e-02 1.285156e-02 1.272442e-02 1.271179e-02 6.363818e-03 4.529527e-02 1.266783e-02 1.269687e-02 1.269114e-02 1.268223e-02 1.270634e-02 1.270253e-02 1.293996e-02 7.321112e-03 9.341154e-03 8.985649e-03 8.981246e-03 1.303234e-02 1.267748e-02 1.269681e-02 1.267057e-02 1.282755e-02 8.963916e-03 1.267557e-02 1.267296e-02 1.282096e-02 1.266365e-02 1.289970e-02 1.269696e-02 9.601234e-02 1.289409e-02
7.723934e-03 7.719196e-03 7.753149e-03 7.719639e-03 7.742153e-03 7.721675e-03 7.718730e-03 7.730858e-03 7.705935e-03 7.736090e-03 7.735987e-03 7.762853e-03 7.840247e-03 7.717813e-03 7.711243e-03 7.726645e-03 7.732177e-03 7.719708e-03 7.886049e-03 1.095630e-02 1.091628e-02 1.098234e-02 2.374400e-01 1.093093e-02 1.092599e-02 1.101015e-02 1.092045e-02 7.763666e-03 7.723420e-03 7.750737e-03 7.713145e-03 7.725779e-03 7.725234e-03 7.819352e-03 7.740535e-03 9.047618e-03 7.951488e-03 7.714271e-03 7.843667e-03 7.726553e-03 7.721199e-03 7.731272e-03 7.732545e-03 7.697044e-03 7.731933e-03 7.720012e-03 1.088901e-02 1.093633e-02 1.094417e-02 1.092280e-02 1.094167e-02 1.119252e-02 1.119886e-02 1.094280e-02 7.750064e-03 1.092178e-02 1.091220e-02 1.093200e-02 1.091798e-02 1.112400e-02 1.096389e-02 1.092007e-02 1.112589e-02 3.915856e-01 1.095603e-02 1.095499e-02 1.091293e-02 1.085797e-02 1.094539e-02 3.304959e-01 1.099615e-02 1.094727e-02 7.736684e-03 1.104897e-02 1.092463e-02 1.090031e-02 1.093509e-02 1.089576e-02 1.106869e-02 1.099141e-02 1.095544e-02 5.480790e-03 3.984217e-02 1.096122e-02 1.093126e-02 1.094567e-02 1.094137e-02 1.093702e-02 1.093555e-02 1.114769e-02 6.304814e-03 8.046942e-03 7.724176e-03 7.743736e-03 1.120837e-02 1.093854e-02 1.092735e-02 1.089061e-02 1.107872e-02 7.757844e-03 1.094932e-02 1.092211e-02 1.102726e-02 1.092782e-02 1.110157e-02 1.094333e-02 8.329294e-02 1.110336e-02
6.882511e-03 6.899343e-03 6.898394e-03 6.860019e-03 6.890535e-03 6.863423e-03 6.848208e-03 6.881384e-03 6.898125e-03 6.882314e-03 6.858719e-03 6.904175e-03 6.961306e-03 6.839519e-03 6.887540e-03 6.854553e-03 6.858413e-03 6.859981e-03 7.019547e-03 9.762763e-03 9.728514e-03 9.794036e-03 2.061723e-01 9.745160e-03 9.683052e-03 9.788314e-03 9.701248e-03 6.923234e-03 6.898853e-03 6.898409e-03 6.862695e-03 6.866229e-03 6.839322e-03 6.932574e-03 6.882325e-03 8.105285e-03 7.075415e-03 6.896386e-03 7.000609e-03 6.897288e-03 6.886209e-03 6.864670e-03 6.895290e-03 6.849725e-03 6.883581e-03 6.878094e-03 9.710778e-03 9.733401e-03 9.704442e-03 9.743224e-03 9.780758e-03 9.908981e-03 1.000046e-02 9.710191e-03 6.891463e-03 9.714298e-03 9.725893e-03 9.706749e-03 9.743926e-03 9.858504e-03 9.725172e-03 9.698812e-03 9.870492e-03 3.471034e-01 9.740379e-03 9.773909e-03 9.730701e-03 9.693561e-03 9.760386e-03 2.555238e-01 9.734148e-03 9.776446e-03 6.901173e-03 9.844104e-03 9.748454e-03 9.710655e-03 9.742441e-03 9.704964e-03 9.855127e-03 9.765750e-03 9.774521e-03 4.870832e-03 3.544101e-02 9.726450e-03 9.723380e-03 9.713032e-03 9.729351e-03 9.751268e-03 9.759916e-03 9.888813e-03 5.622118e-03 7.139941e-03 6.881587e-03 6.882573e-03 9.952075e-03 9.731420e-03 9.715572e-03 9.704243e-03 9.859225e-03 6.895376e-03 9.724913e-03 9.739890e-03 9.795608e-03 9.710507e-03 9.896073e-03 9.752866e-03 7.540728e-02 9.890621e-03
6.306619e-03 6.311598e-03 6.322553e-03 6.286271e-03 6.294919e-03 6.294865e-03 6.265175e-03 6.327214e-03 6.316583e-03 6.278719e-03 6.280180e-03 6.332239e-03 6.367887e-03 6.280551e-03 6.270255e-03 6.272852e-03 6.315923e-03 6.316243e-03 6.393839e-03 8.965700e-03 8.924116e-03 8.938861e-03 1.950195e-01 8.933289e-03 8.871000e-03 8.961176e-03 8.894596e-03 6.353913e-03 6.269644e-03 6.336402e-03 6.275645e-03 6.311143e-03 6.277503e-03 6.383569e-03 6.328319e-03 7.395346e-03 6.478447e-03 6.323397e-03 6.401319e-03 6.322130e-03 6.320228e-03 6.320266e-03 6.311959e-03 6.275863e-03 6.312192e-03 6.332343e-03 8.944411e-03 8.848321e-03 8.867061e-03 8.933511e-03 8.948135e-03 9.051475e-03 9.136862e-03 8.865189e-03 6.331460e-03 8.855668e-03 8.883356e-03 8.965282e-03 8.929206e-03 9.055011e-03 8.884982e-03 8.902186e-03 9.072691e-03 3.309502e-01 8.937373e-03 8.927715e-03 8.874711e-03 8.888455e-03 8.920999e-03 2.637497e-01 8.955168e-03 8.932145e-03 6.322452e-03 9.001015e-03 8.905765e-03 8.898367e-03 8.944878e-03 8.860082e-03 9.067997e-03 8.990956e-03 8.935608e-03 4.470711e-03 3.200026e-02 8.916245e-03 8.867399e-03 8.861212e-03 8.888679e-03 8.931747e-03 8.947511e-03 9.078808e-03 5.161250e-03 6.562230e-03 6.321653e-03 6.313175e-03 9.129358e-03 8.887194e-03 8.903411e-03 8.926444e-03 9.060141e-03 6.326056e-03 8.927376e-03 8.869527e-03 8.965570e-03 8.904705e-03 9.073057e-03 8.922231e-03 6.963142e-02 9.005907e-03
5.954764e-03 5.936679e-03 5.962647e-03 5.902622e-03 5.939626e-03 5.924510e-03 5.887353e-03 5.955239e-03 5.942575e-03 5.913161e-03 5.905982e-03 5.958997e-03 5.982532e-03 5.898768e-03 5.907481e-03 5.891178e-03 5.961887e-03 5.908173e-03 5.983802e-03 8.405302e-03 8.412712e-03 8.391023e-03 1.813477e-01 8.391013e-03 8.349131e-03 8.418392e-03 8.366589e-03 5.980719e-03 5.878924e-03 5.947909e-03 5.913784e-03 5.921752e-03 5.892177e-03 5.983866e-03 5.943124e-03 6.965427e-03 6.093989e-03 5.941247e-03 6.032414e-03 5.948087e-03 5.921862e-03 5.928001e-03 5.929307e-03 5.897640e-03 5.916246e-03 5.939744e-03 8.364785e-03 8.341512e-03 8.317749e-03 8.384639e-03 8.437454e-03 8.517547e-03 8.580072e-03 8.327571e-03 5.962348e-03 8.363301e-03 8.352077e-03 8.420966e-03 8.369105e-03 8.492393e-03 8.331665e-03 8.407947e-03 8.531463e-03 2.834088e-01 8.411153e-03 8.410383e-03 8.349408e-03 8.353866e-03 8.407999e-03 2.153506e-01 8.348360e-03 8.405336e-03 5.935789e-03 8.449133e-03 8.391690e-03 8.319215e-03 8.395414e-03 8.303981e-03 8.537520e-03 8.429947e-03 8.423702e-03 4.197109e-03 3.053389e-02 8.384237e-03 8.316560e-03 8.319712e-03 8.385968e-03 8.368029e-03 8.386899e-03 8.541652e-03 4.852748e-03 6.170833e-03 5.943290e-03 5.929707e-03 8.599915e-03 8.388502e-03 8.363766e-03 8.385485e-03 8.520379e-03 5.926802e-03 8.424269e-03 8.331094e-03 8.478128e-03 8.375471e-03 8.539065e-03 8.418256e-03 6.550719e-02 8.471742e-03
5.699860e-03 5.691924e-03 5.730200e-03 5.697816e-03 5.691255e-03 5.675932e-03 5.638089e-03 5.715055e-03 5.710541e-03 5.704744e-03 5.657184e-03 5.729570e-03 5.739898e-03 5.642166e-03 5.656721e-03 5.667308e-03 5.716272e-03 5.680709e-03 5.753994e-03 8.084325e-03 8.078660e-03 8.063164e-03 1.868168e-01 8.087419e-03 8.019824e-03 8.083508e-03 8.020329e-03 5.758446e-03 5.692386e-03 5.722819e-03 5.658334e-03 5.672437e-03 5.654085e-03 5.774163e-03 5.689975e-03 6.668390e-03 5.828025e-03 5.707948e-03 5.788957e-03 5.716506e-03 5.703721e-03 5.679149e-03 5.725913e-03 5.650340e-03 5.714826e-03 5.718739e-03 8.049558e-03 7.983209e-03 8.005447e-03 8.065968e-03 8.080122e-03 8.143701e-03 8.238452e-03 7.988017e-03 5.717477e-03 8.026167e-03 8.019202e-03 8.080391e-03 8.048658e-03 8.143903e-03 8.021455e-03 8.044752e-03 8.194617e-03 2.897783e-01 8.063297e-03 8.075389e-03 8.014515e-03 8.026667e-03 8.102820e-03 2.167629e-01 8.006030e-03 8.044361e-03 5.722004e-03 8.153531e-03 8.080846e-03 7.976726e-03 8.085254e-03 7.986746e-03 8.170670e-03 8.103489e-03 8.080362e-03 4.038326e-03 2.892511e-02 8.047256e-03 8.015726e-03 8.042430e-03 8.043871e-03 8.063683e-03 8.095961e-03 8.210705e-03 4.686517e-03 5.916372e-03 5.718645e-03 5.694453e-03 8.248159e-03 8.037442e-03 8.039237e-03 8.065690e-03 8.182241e-03 5.723728e-03 8.065062e-03 7.983108e-03 8.120040e-03 8.006037e-03 8.196124e-03 8.088955e-03 6.289756e-02 8.128989e-03
5.602230e-03 5.582718e-03 5.601997e-03 5.574831e-03 5.578295e-03 5.578245e-03 5.535400e-03 5.599490e-03 5.600949e-03 5.575080e-03 5.538500e-03 5.604033e-03 5.630328e-03 5.554875e-03 5.542682e-03 5.524846e-03 5.576272e-03 5.538203e-03 5.629236e-03 7.929381e-03 7.883618e-03 7.890303e-03 1.705396e-01 7.932243e-03 7.860435e-03 7.900480e-03 7.862644e-03 5.651207e-03 5.546256e-03 5.608812e-03 5.547736e-03 5.576859e-03 5.544577e-03 5.656229e-03 5.587972e-03 6.534430e-03 5.735240e-03 5.587736e-03 5.682420e-03 5.621496e-03 5.592107e-03 5.557950e-03 5.582919e-03 5.548415e-03 5.582984e-03 5.591498e-03 7.865934e-03 7.823038e-03 7.869120e-03 7.913860e-03 7.916731e-03 8.003634e-03 8.095701e-03 7.849775e-03 5.581397e-03 7.858936e-03 7.845306e-03 7.915988e-03 7.911089e-03 7.974180e-03 7.832782e-03 7.918315e-03 8.058783e-03 3.139669e-01 7.911180e-03 7.923751e-03 7.821713e-03 7.866891e-03 7.935316e-03 2.110575e-01 7.865703e-03 7.877440e-03 5.630526e-03 7.970936e-03 7.942732e-03 7.822285e-03 7.941239e-03 7.811679e-03 8.015084e-03 7.944553e-03 7.922789e-03 3.974825e-03 2.810966e-02 7.901405e-03 7.820764e-03 7.832769e-03 7.869670e-03 7.877440e-03 7.906717e-03 8.065656e-03 4.584367e-03 5.831479e-03 5.582339e-03 5.577327e-03 8.058459e-03 7.850819e-03 7.862745e-03 7.873177e-03 8.009786e-03 5.578474e-03 7.907049e-03 7.846821e-03 7.989252e-03 7.846248e-03 8.014788e-03 7.927484e-03 6.276151e-02 7.955827e-03
