# Version 0.0
# Data /lustre/isaac24/proj/UTK0244/cbaillar/Bayes_HEP/Knoxville_Project/input_all_108/Data/Data__200__pp__BRAHMS_2007_I742956__d02-x01-y01.dat
# Observable: $\frac{1}{2\pi{p_{T}}}\frac{d^2\sigma}{dp_{T}dy}\left[mb(GeV^{-2})c^3\right]$
# Subobservable: $p_T \left[GeV\right]$
# Title: Invariant Cross Section for Pion$^-$ (y= 2.95)
# XScale: linear
# YScale: log
# XLims: 3.500000e-01 5.200000e+00
# YLims: 9.000000e-07 1.100000e+02
# Design Design_Rivet.dat
# design_point1 design_point2 design_point3 design_point4 design_point5 design_point6 design_point7 design_point8 design_point9 design_point10 design_point11 design_point12 design_point13 design_point14 design_point15 design_point16 design_point17 design_point18 design_point19 design_point20 design_point21 design_point22 design_point23 design_point24 design_point25 design_point26 design_point27 design_point28 design_point29 design_point30 design_point31 design_point32 design_point33 design_point34 design_point35 design_point36 design_point37 design_point38 design_point39 design_point40 design_point41 design_point42 design_point43 design_point44 design_point45 design_point46 design_point47 design_point48 design_point49 design_point50 design_point51 design_point52 design_point53 design_point54 design_point55 design_point56 design_point57 design_point58 design_point59 design_point60 design_point61 design_point62 design_point63 design_point64 design_point65 design_point66 design_point67 design_point68 design_point69 design_point70 design_point71 design_point72 design_point73 design_point74 design_point75 design_point76 design_point77 design_point78 design_point79 design_point80 design_point81 design_point82 design_point83 design_point84 design_point85 design_point86 design_point87 design_point88 design_point89 design_point90 design_point91 design_point92 design_point93 design_point94 design_point95 design_point96 design_point97 design_point98 design_point99 design_point100 design_point101 design_point102 design_point103 design_point104 design_point105 design_point106 design_point107 design_point108
1.971185e+01 1.989044e+01 1.924237e+01 2.216688e+01 1.962337e+01 2.191557e+01 2.545289e+01 1.913600e+01 1.934360e+01 2.064507e+01 2.543917e+01 1.948433e+01 2.310777e+01 2.449059e+01 2.282047e+01 2.502778e+01 1.986045e+01 2.214814e+01 2.497850e+01 1.952760e+01 1.951229e+01 2.579824e+01 2.573113e+01 1.935215e+01 2.261249e+01 2.337636e+01 2.167431e+01 1.922667e+01 2.435644e+01 1.917375e+01 2.263791e+01 2.058617e+01 2.559444e+01 1.955530e+01 1.963480e+01 2.564494e+01 1.997323e+01 1.925923e+01 1.924854e+01 1.946229e+01 1.979367e+01 2.111686e+01 1.961380e+01 2.498743e+01 1.936587e+01 1.969066e+01 1.997460e+01 2.417054e+01 2.110802e+01 1.956259e+01 1.960836e+01 2.206820e+01 2.011267e+01 2.530629e+01 1.959084e+01 2.328546e+01 2.378411e+01 1.930036e+01 1.920973e+01 2.259754e+01 2.313409e+01 1.941532e+01 1.942387e+01 2.519186e+01 1.958754e+01 1.964680e+01 2.421186e+01 1.935915e+01 1.914261e+01 2.603026e+01 2.467619e+01 2.020200e+01 1.950232e+01 1.924190e+01 1.922048e+01 2.324878e+01 1.917580e+01 2.556011e+01 1.946199e+01 1.944290e+01 1.935679e+01 1.935642e+01 2.585475e+01 1.966967e+01 2.545282e+01 2.347725e+01 2.140028e+01 2.058913e+01 1.951388e+01 1.959789e+01 1.925697e+01 1.975568e+01 1.947291e+01 2.079661e+01 2.177863e+01 2.139119e+01 2.101335e+01 1.941494e+01 1.938987e+01 2.034117e+01 1.927710e+01 2.455020e+01 1.948858e+01 2.527132e+01 1.922589e+01 1.935500e+01 2.588406e+01 2.380979e+01
1.503544e+01 1.515749e+01 1.461357e+01 1.681113e+01 1.493948e+01 1.658296e+01 1.935034e+01 1.456359e+01 1.465973e+01 1.573933e+01 1.937018e+01 1.471783e+01 1.752736e+01 1.863950e+01 1.730692e+01 1.888802e+01 1.498476e+01 1.677719e+01 1.890354e+01 1.480289e+01 1.479830e+01 1.957037e+01 1.948148e+01 1.466978e+01 1.721468e+01 1.763995e+01 1.636277e+01 1.456289e+01 1.844091e+01 1.454804e+01 1.727933e+01 1.566480e+01 1.935752e+01 1.478295e+01 1.500060e+01 1.941865e+01 1.511108e+01 1.458256e+01 1.455616e+01 1.482306e+01 1.512566e+01 1.623855e+01 1.483861e+01 1.893677e+01 1.480774e+01 1.494967e+01 1.505008e+01 1.832442e+01 1.603113e+01 1.481384e+01 1.486269e+01 1.679402e+01 1.528923e+01 1.923307e+01 1.488434e+01 1.763557e+01 1.804923e+01 1.472650e+01 1.458630e+01 1.718384e+01 1.763787e+01 1.480898e+01 1.463626e+01 1.911411e+01 1.478864e+01 1.488307e+01 1.845377e+01 1.472344e+01 1.458456e+01 1.992402e+01 1.867351e+01 1.542034e+01 1.486391e+01 1.461244e+01 1.455112e+01 1.767320e+01 1.455465e+01 1.928760e+01 1.475074e+01 1.468376e+01 1.463192e+01 1.461101e+01 1.960542e+01 1.489172e+01 1.923893e+01 1.780366e+01 1.625894e+01 1.553461e+01 1.488607e+01 1.482738e+01 1.457248e+01 1.486740e+01 1.469165e+01 1.574360e+01 1.662380e+01 1.631748e+01 1.593243e+01 1.468554e+01 1.465489e+01 1.543228e+01 1.452098e+01 1.872491e+01 1.467355e+01 1.911757e+01 1.450641e+01 1.473050e+01 1.957795e+01 1.811115e+01
1.121993e+01 1.139195e+01 1.097995e+01 1.271904e+01 1.121523e+01 1.256874e+01 1.463937e+01 1.104258e+01 1.105286e+01 1.181109e+01 1.468566e+01 1.111422e+01 1.324521e+01 1.407207e+01 1.308103e+01 1.435679e+01 1.141657e+01 1.269680e+01 1.434783e+01 1.120087e+01 1.116237e+01 1.479898e+01 1.477576e+01 1.102716e+01 1.313489e+01 1.349218e+01 1.248570e+01 1.104511e+01 1.403204e+01 1.102394e+01 1.303793e+01 1.189334e+01 1.455194e+01 1.113722e+01 1.131141e+01 1.471390e+01 1.142903e+01 1.105266e+01 1.097626e+01 1.118452e+01 1.137104e+01 1.215433e+01 1.117562e+01 1.439706e+01 1.113195e+01 1.122498e+01 1.130854e+01 1.380598e+01 1.207307e+01 1.120765e+01 1.123224e+01 1.274856e+01 1.163256e+01 1.459982e+01 1.120558e+01 1.333665e+01 1.367191e+01 1.102994e+01 1.095686e+01 1.304408e+01 1.337191e+01 1.109165e+01 1.108816e+01 1.442821e+01 1.115701e+01 1.123071e+01 1.395197e+01 1.111330e+01 1.099672e+01 1.503010e+01 1.427617e+01 1.154002e+01 1.118585e+01 1.103999e+01 1.094144e+01 1.330190e+01 1.099200e+01 1.472560e+01 1.106569e+01 1.109868e+01 1.101506e+01 1.099657e+01 1.489280e+01 1.122003e+01 1.460516e+01 1.354567e+01 1.230654e+01 1.177111e+01 1.116389e+01 1.116031e+01 1.095803e+01 1.134444e+01 1.108169e+01 1.189714e+01 1.255366e+01 1.225089e+01 1.203366e+01 1.110667e+01 1.098988e+01 1.163786e+01 1.100281e+01 1.415090e+01 1.114073e+01 1.457014e+01 1.094044e+01 1.107266e+01 1.481610e+01 1.360581e+01
8.434876e+00 8.582317e+00 8.242948e+00 9.503174e+00 8.451460e+00 9.484770e+00 1.110291e+01 8.231447e+00 8.423110e+00 8.923792e+00 1.104005e+01 8.351333e+00 1.002592e+01 1.059596e+01 9.816087e+00 1.087315e+01 8.548944e+00 9.546897e+00 1.086222e+01 8.394941e+00 8.349382e+00 1.121852e+01 1.109121e+01 8.267492e+00 9.821363e+00 1.010262e+01 9.328316e+00 8.303820e+00 1.057341e+01 8.218016e+00 9.830687e+00 8.909169e+00 1.107433e+01 8.395992e+00 8.491058e+00 1.111404e+01 8.623781e+00 8.221234e+00 8.301711e+00 8.387025e+00 8.486321e+00 9.130616e+00 8.370693e+00 1.084679e+01 8.341543e+00 8.385855e+00 8.552523e+00 1.046252e+01 9.149857e+00 8.428872e+00 8.367757e+00 9.512573e+00 8.665483e+00 1.101221e+01 8.349552e+00 1.003734e+01 1.030356e+01 8.292471e+00 8.269818e+00 9.752243e+00 1.001834e+01 8.351624e+00 8.312305e+00 1.086859e+01 8.368725e+00 8.372165e+00 1.052963e+01 8.331684e+00 8.284614e+00 1.125951e+01 1.074873e+01 8.725464e+00 8.452812e+00 8.257615e+00 8.211186e+00 1.007288e+01 8.214865e+00 1.110965e+01 8.319166e+00 8.278167e+00 8.266246e+00 8.229823e+00 1.127545e+01 8.449869e+00 1.107739e+01 1.018402e+01 9.285615e+00 8.785511e+00 8.406124e+00 8.393759e+00 8.178929e+00 8.422805e+00 8.325936e+00 8.943827e+00 9.409815e+00 9.240406e+00 9.041344e+00 8.374333e+00 8.269644e+00 8.844604e+00 8.281158e+00 1.072151e+01 8.284345e+00 1.097796e+01 8.217166e+00 8.302879e+00 1.122462e+01 1.037530e+01
6.300890e+00 6.397450e+00 6.068561e+00 7.180797e+00 6.303889e+00 7.114150e+00 8.354545e+00 6.140884e+00 6.217396e+00 6.697736e+00 8.350667e+00 6.185470e+00 7.510168e+00 8.090964e+00 7.395085e+00 8.233030e+00 6.380284e+00 7.088088e+00 8.154700e+00 6.242351e+00 6.250295e+00 8.401560e+00 8.378331e+00 6.118947e+00 7.362733e+00 7.610436e+00 6.961486e+00 6.154610e+00 7.966769e+00 6.114300e+00 7.382379e+00 6.641495e+00 8.313861e+00 6.267324e+00 6.299348e+00 8.392652e+00 6.440984e+00 6.123363e+00 6.127004e+00 6.236378e+00 6.342028e+00 6.876246e+00 6.257033e+00 8.188263e+00 6.199220e+00 6.286873e+00 6.361574e+00 7.919174e+00 6.838297e+00 6.300051e+00 6.260587e+00 7.105542e+00 6.498087e+00 8.366515e+00 6.217845e+00 7.568349e+00 7.761509e+00 6.203818e+00 6.126122e+00 7.368656e+00 7.578406e+00 6.223310e+00 6.116473e+00 8.226253e+00 6.246650e+00 6.309396e+00 7.975137e+00 6.238841e+00 6.136839e+00 8.505618e+00 8.101259e+00 6.530519e+00 6.244583e+00 6.107618e+00 6.099413e+00 7.533557e+00 6.140936e+00 8.378431e+00 6.179590e+00 6.201470e+00 6.148885e+00 6.116195e+00 8.445341e+00 6.263879e+00 8.325008e+00 7.600295e+00 6.938582e+00 6.618891e+00 6.238545e+00 6.223678e+00 6.084378e+00 6.313864e+00 6.181376e+00 6.727328e+00 6.993165e+00 6.980180e+00 6.776059e+00 6.201113e+00 6.219581e+00 6.512483e+00 6.095644e+00 8.082349e+00 6.207636e+00 8.183687e+00 6.105023e+00 6.200160e+00 8.419892e+00 7.799562e+00
4.664382e+00 4.749344e+00 4.506305e+00 5.347593e+00 4.638701e+00 5.289586e+00 6.333237e+00 4.506349e+00 4.526457e+00 4.983197e+00 6.218339e+00 4.591693e+00 5.625611e+00 6.043019e+00 5.541263e+00 6.180277e+00 4.692110e+00 5.236720e+00 6.143152e+00 4.607887e+00 4.620244e+00 6.326792e+00 6.246566e+00 4.559519e+00 5.477979e+00 5.693523e+00 5.202147e+00 4.539676e+00 6.035583e+00 4.486964e+00 5.542341e+00 4.908350e+00 6.198829e+00 4.653563e+00 4.681513e+00 6.355842e+00 4.735240e+00 4.495083e+00 4.538747e+00 4.616254e+00 4.707986e+00 5.109090e+00 4.621294e+00 6.144118e+00 4.605989e+00 4.606532e+00 4.690334e+00 5.966796e+00 5.042186e+00 4.657244e+00 4.596488e+00 5.307609e+00 4.805091e+00 6.311010e+00 4.613646e+00 5.662605e+00 5.842841e+00 4.588833e+00 4.533531e+00 5.505981e+00 5.658359e+00 4.546686e+00 4.521870e+00 6.122741e+00 4.623286e+00 4.633353e+00 5.983160e+00 4.629318e+00 4.551944e+00 6.406608e+00 6.121752e+00 4.785794e+00 4.626089e+00 4.544479e+00 4.532344e+00 5.664022e+00 4.512547e+00 6.290751e+00 4.586570e+00 4.580206e+00 4.539304e+00 4.514098e+00 6.333163e+00 4.613826e+00 6.272665e+00 5.756165e+00 5.166798e+00 4.868466e+00 4.624430e+00 4.618723e+00 4.533934e+00 4.658077e+00 4.537024e+00 5.048317e+00 5.261227e+00 5.160705e+00 5.015795e+00 4.601607e+00 4.562979e+00 4.851328e+00 4.542693e+00 6.095096e+00 4.620825e+00 6.220921e+00 4.511403e+00 4.580258e+00 6.338290e+00 5.854803e+00
3.420867e+00 3.493140e+00 3.306458e+00 3.988407e+00 3.436402e+00 3.918208e+00 4.716627e+00 3.339196e+00 3.315486e+00 3.667575e+00 4.664912e+00 3.393727e+00 4.207950e+00 4.524766e+00 4.140707e+00 4.674888e+00 3.502031e+00 3.866321e+00 4.564265e+00 3.400979e+00 3.403399e+00 4.758713e+00 4.668527e+00 3.325909e+00 4.096783e+00 4.262959e+00 3.883513e+00 3.311694e+00 4.453468e+00 3.302659e+00 4.145106e+00 3.647548e+00 4.622940e+00 3.402558e+00 3.439454e+00 4.697694e+00 3.516918e+00 3.290564e+00 3.348540e+00 3.389901e+00 3.455487e+00 3.766210e+00 3.376583e+00 4.649927e+00 3.373561e+00 3.408235e+00 3.446874e+00 4.509745e+00 3.778657e+00 3.391622e+00 3.377295e+00 3.959023e+00 3.525171e+00 4.751320e+00 3.412774e+00 4.266996e+00 4.358520e+00 3.348067e+00 3.325808e+00 4.064326e+00 4.267075e+00 3.358819e+00 3.354930e+00 4.557076e+00 3.354005e+00 3.395888e+00 4.443011e+00 3.368212e+00 3.322562e+00 4.789895e+00 4.590978e+00 3.572631e+00 3.400263e+00 3.326472e+00 3.300914e+00 4.266648e+00 3.287614e+00 4.716731e+00 3.337327e+00 3.386656e+00 3.317737e+00 3.331663e+00 4.739378e+00 3.398705e+00 4.710531e+00 4.263419e+00 3.819553e+00 3.644288e+00 3.411704e+00 3.378401e+00 3.322424e+00 3.394816e+00 3.328179e+00 3.699444e+00 3.853037e+00 3.834945e+00 3.714081e+00 3.353707e+00 3.371419e+00 3.567336e+00 3.301636e+00 4.539363e+00 3.361729e+00 4.669262e+00 3.299230e+00 3.333394e+00 4.715618e+00 4.368879e+00
2.487045e+00 2.535029e+00 2.413688e+00 2.950503e+00 2.473281e+00 2.928156e+00 3.544970e+00 2.426053e+00 2.456274e+00 2.658863e+00 3.501502e+00 2.443326e+00 3.136211e+00 3.407422e+00 3.069936e+00 3.506207e+00 2.510012e+00 2.881814e+00 3.452133e+00 2.483434e+00 2.489619e+00 3.554966e+00 3.501694e+00 2.418892e+00 3.053757e+00 3.166723e+00 2.889153e+00 2.406854e+00 3.374126e+00 2.403298e+00 3.033688e+00 2.678656e+00 3.474042e+00 2.484486e+00 2.480604e+00 3.535833e+00 2.540741e+00 2.400135e+00 2.398398e+00 2.419679e+00 2.509797e+00 2.766457e+00 2.468002e+00 3.461251e+00 2.466069e+00 2.465109e+00 2.502410e+00 3.327741e+00 2.775508e+00 2.487530e+00 2.507466e+00 2.922797e+00 2.556507e+00 3.563466e+00 2.508087e+00 3.144143e+00 3.260627e+00 2.431031e+00 2.411361e+00 3.057372e+00 3.159892e+00 2.446875e+00 2.424847e+00 3.398781e+00 2.458997e+00 2.488053e+00 3.346262e+00 2.456235e+00 2.388653e+00 3.527788e+00 3.461483e+00 2.627764e+00 2.475255e+00 2.409046e+00 2.412346e+00 3.167478e+00 2.408035e+00 3.524458e+00 2.452234e+00 2.444598e+00 2.411347e+00 2.423856e+00 3.543372e+00 2.514046e+00 3.506018e+00 3.173902e+00 2.830096e+00 2.628039e+00 2.479520e+00 2.488148e+00 2.395564e+00 2.505740e+00 2.408770e+00 2.717088e+00 2.881739e+00 2.856160e+00 2.741435e+00 2.430911e+00 2.425037e+00 2.635493e+00 2.427871e+00 3.447632e+00 2.465968e+00 3.524752e+00 2.419810e+00 2.434849e+00 3.503302e+00 3.240332e+00
1.831597e+00 1.848152e+00 1.725398e+00 2.200728e+00 1.809897e+00 2.147727e+00 2.642110e+00 1.757054e+00 1.766006e+00 1.978439e+00 2.621686e+00 1.794847e+00 2.294767e+00 2.526106e+00 2.295220e+00 2.631686e+00 1.845223e+00 2.104159e+00 2.599298e+00 1.805765e+00 1.800222e+00 2.649408e+00 2.603783e+00 1.739967e+00 2.256915e+00 2.342015e+00 2.100278e+00 1.750824e+00 2.535927e+00 1.751196e+00 2.253077e+00 1.951216e+00 2.595996e+00 1.796423e+00 1.807707e+00 2.653701e+00 1.858732e+00 1.736772e+00 1.739095e+00 1.777577e+00 1.839756e+00 2.047531e+00 1.789125e+00 2.607578e+00 1.772935e+00 1.829494e+00 1.832790e+00 2.477849e+00 2.063876e+00 1.821765e+00 1.781333e+00 2.163243e+00 1.886581e+00 2.671683e+00 1.800339e+00 2.331012e+00 2.435347e+00 1.781425e+00 1.727165e+00 2.278918e+00 2.317768e+00 1.783804e+00 1.743091e+00 2.509489e+00 1.788285e+00 1.824059e+00 2.472255e+00 1.787240e+00 1.747345e+00 2.670483e+00 2.579934e+00 1.903430e+00 1.803387e+00 1.759969e+00 1.725548e+00 2.338553e+00 1.717178e+00 2.648045e+00 1.757919e+00 1.784120e+00 1.742058e+00 1.744132e+00 2.665540e+00 1.800243e+00 2.623919e+00 2.394821e+00 2.075964e+00 1.936045e+00 1.778463e+00 1.795379e+00 1.740395e+00 1.815709e+00 1.753001e+00 1.984956e+00 2.138396e+00 2.094673e+00 2.019920e+00 1.774987e+00 1.759299e+00 1.909337e+00 1.746174e+00 2.558710e+00 1.784755e+00 2.662486e+00 1.745617e+00 1.767404e+00 2.651585e+00 2.411261e+00
1.327055e+00 1.340942e+00 1.244742e+00 1.609583e+00 1.312005e+00 1.588612e+00 1.994245e+00 1.251897e+00 1.267261e+00 1.425386e+00 1.957400e+00 1.299630e+00 1.725444e+00 1.909765e+00 1.688668e+00 1.966070e+00 1.344118e+00 1.539481e+00 1.944710e+00 1.295394e+00 1.278984e+00 1.995439e+00 1.944578e+00 1.265042e+00 1.674444e+00 1.753120e+00 1.569768e+00 1.245386e+00 1.883760e+00 1.240825e+00 1.695347e+00 1.442189e+00 1.935425e+00 1.310081e+00 1.306004e+00 1.974591e+00 1.337788e+00 1.255609e+00 1.263177e+00 1.287002e+00 1.332385e+00 1.509437e+00 1.304041e+00 1.951696e+00 1.294531e+00 1.311221e+00 1.334618e+00 1.857435e+00 1.489081e+00 1.302957e+00 1.304383e+00 1.568628e+00 1.378635e+00 2.000257e+00 1.305535e+00 1.748654e+00 1.805558e+00 1.276572e+00 1.259885e+00 1.667238e+00 1.747737e+00 1.283579e+00 1.260178e+00 1.852565e+00 1.271015e+00 1.323540e+00 1.869759e+00 1.286699e+00 1.251035e+00 1.963133e+00 1.944077e+00 1.395903e+00 1.303121e+00 1.247066e+00 1.257980e+00 1.726010e+00 1.243464e+00 1.964609e+00 1.283244e+00 1.270866e+00 1.252765e+00 1.264757e+00 1.970775e+00 1.301288e+00 1.963626e+00 1.781949e+00 1.535417e+00 1.398352e+00 1.306848e+00 1.286636e+00 1.240049e+00 1.303722e+00 1.277769e+00 1.457033e+00 1.555167e+00 1.539552e+00 1.487218e+00 1.276032e+00 1.279418e+00 1.397545e+00 1.246796e+00 1.931209e+00 1.301761e+00 1.958468e+00 1.254911e+00 1.260325e+00 1.985510e+00 1.797035e+00
9.555015e-01 9.712933e-01 9.004501e-01 1.194429e+00 9.340060e-01 1.157145e+00 1.504427e+00 8.953904e-01 9.205967e-01 1.046775e+00 1.476960e+00 9.308224e-01 1.271302e+00 1.430559e+00 1.255435e+00 1.502739e+00 9.649287e-01 1.118662e+00 1.453132e+00 9.227987e-01 9.316068e-01 1.486680e+00 1.436182e+00 9.040678e-01 1.243755e+00 1.308254e+00 1.140650e+00 9.113017e-01 1.404274e+00 8.964710e-01 1.239933e+00 1.044255e+00 1.434363e+00 9.238415e-01 9.432205e-01 1.480408e+00 9.746367e-01 8.877049e-01 9.006053e-01 9.163938e-01 9.505286e-01 1.113380e+00 9.320355e-01 1.467093e+00 9.212578e-01 9.459374e-01 9.545134e-01 1.399861e+00 1.074883e+00 9.477469e-01 9.546871e-01 1.180398e+00 9.885772e-01 1.527252e+00 9.494172e-01 1.299557e+00 1.362915e+00 9.192810e-01 8.882967e-01 1.233402e+00 1.300908e+00 9.186589e-01 9.139208e-01 1.386077e+00 9.272150e-01 9.462386e-01 1.385813e+00 9.284981e-01 8.904372e-01 1.457543e+00 1.469410e+00 1.009720e+00 9.475060e-01 8.908469e-01 8.821098e-01 1.286323e+00 8.770227e-01 1.476776e+00 9.119931e-01 9.061113e-01 8.960907e-01 8.902229e-01 1.498299e+00 9.365105e-01 1.482879e+00 1.323424e+00 1.112449e+00 1.024922e+00 9.317993e-01 9.363160e-01 8.750308e-01 9.360652e-01 9.065099e-01 1.071554e+00 1.161759e+00 1.128436e+00 1.075255e+00 9.158483e-01 9.090525e-01 1.022332e+00 8.938162e-01 1.448523e+00 9.147859e-01 1.467863e+00 8.908137e-01 9.104449e-01 1.470458e+00 1.358778e+00
6.808800e-01 7.042948e-01 6.494506e-01 8.743343e-01 6.768029e-01 8.612859e-01 1.110806e+00 6.446496e-01 6.588609e-01 7.614756e-01 1.094416e+00 6.592159e-01 9.471329e-01 1.074200e+00 9.380442e-01 1.122672e+00 7.008970e-01 8.212959e-01 1.081896e+00 6.758632e-01 6.681121e-01 1.118241e+00 1.065765e+00 6.479342e-01 9.276319e-01 9.709460e-01 8.570461e-01 6.426117e-01 1.060805e+00 6.479239e-01 9.077866e-01 7.532271e-01 1.079751e+00 6.642937e-01 6.778119e-01 1.120765e+00 6.949723e-01 6.371635e-01 6.338454e-01 6.537450e-01 6.911178e-01 8.223486e-01 6.661827e-01 1.104110e+00 6.713432e-01 6.928668e-01 6.750578e-01 1.048115e+00 8.050211e-01 6.748595e-01 6.741268e-01 8.626781e-01 7.287153e-01 1.149921e+00 6.748237e-01 9.718987e-01 1.014149e+00 6.677459e-01 6.410188e-01 8.923422e-01 9.639202e-01 6.543448e-01 6.473004e-01 1.013300e+00 6.716532e-01 6.964517e-01 1.057441e+00 6.646266e-01 6.407368e-01 1.100114e+00 1.111470e+00 7.358790e-01 6.781139e-01 6.455227e-01 6.304058e-01 9.665194e-01 6.284415e-01 1.113675e+00 6.582322e-01 6.588856e-01 6.456688e-01 6.402884e-01 1.121259e+00 6.832806e-01 1.103106e+00 9.838636e-01 8.115722e-01 7.400433e-01 6.822954e-01 6.703357e-01 6.294319e-01 6.804467e-01 6.605770e-01 7.638633e-01 8.528968e-01 8.230373e-01 7.850854e-01 6.576108e-01 6.449256e-01 7.275526e-01 6.398410e-01 1.094540e+00 6.527843e-01 1.119411e+00 6.362236e-01 6.512450e-01 1.107930e+00 1.016942e+00
4.793770e-01 5.039419e-01 4.575311e-01 6.520530e-01 4.866931e-01 6.408703e-01 8.540954e-01 4.561616e-01 4.666375e-01 5.588401e-01 8.338735e-01 4.826018e-01 7.074491e-01 8.139264e-01 6.972078e-01 8.509981e-01 5.052321e-01 5.904584e-01 8.193940e-01 4.759808e-01 4.772437e-01 8.375451e-01 7.998927e-01 4.615748e-01 6.810125e-01 7.316114e-01 6.276329e-01 4.614483e-01 8.015755e-01 4.512747e-01 6.897065e-01 5.470253e-01 8.023608e-01 4.796380e-01 4.896897e-01 8.318646e-01 5.098213e-01 4.588785e-01 4.538201e-01 4.716354e-01 4.903980e-01 6.033228e-01 4.805503e-01 8.439051e-01 4.724150e-01 4.877607e-01 4.833586e-01 7.858878e-01 5.817288e-01 4.956231e-01 4.833176e-01 6.324196e-01 5.225186e-01 8.770489e-01 4.789669e-01 7.187356e-01 7.570364e-01 4.690223e-01 4.570429e-01 6.772089e-01 7.177016e-01 4.812860e-01 4.612299e-01 7.507729e-01 4.825204e-01 4.882957e-01 7.891149e-01 4.755006e-01 4.574094e-01 8.261276e-01 8.462732e-01 5.259810e-01 4.857667e-01 4.640309e-01 4.507327e-01 7.119674e-01 4.458212e-01 8.581012e-01 4.676855e-01 4.740063e-01 4.574049e-01 4.580360e-01 8.478561e-01 4.869110e-01 8.460467e-01 7.394523e-01 6.096252e-01 5.379301e-01 4.809106e-01 4.787996e-01 4.544378e-01 4.837611e-01 4.647259e-01 5.628988e-01 6.250867e-01 5.981929e-01 5.744778e-01 4.688722e-01 4.623378e-01 5.383148e-01 4.595088e-01 8.271582e-01 4.806153e-01 8.331815e-01 4.583780e-01 4.644604e-01 8.293709e-01 7.528347e-01
3.107014e-01 3.186018e-01 2.804961e-01 4.196658e-01 3.095263e-01 4.122458e-01 5.729940e-01 2.842705e-01 2.844728e-01 3.545850e-01 5.438020e-01 2.964274e-01 4.642809e-01 5.521107e-01 4.565288e-01 5.795598e-01 3.177011e-01 3.794589e-01 5.474635e-01 2.952733e-01 2.965438e-01 5.618392e-01 5.291087e-01 2.855471e-01 4.409875e-01 4.761335e-01 4.055936e-01 2.839187e-01 5.275738e-01 2.808747e-01 4.464317e-01 3.525020e-01 5.339677e-01 2.999949e-01 3.059517e-01 5.524327e-01 3.179460e-01 2.731470e-01 2.834356e-01 2.965029e-01 3.138476e-01 3.802329e-01 2.996114e-01 5.643355e-01 2.951340e-01 3.015402e-01 3.062151e-01 5.335409e-01 3.807316e-01 3.015992e-01 3.017212e-01 4.123180e-01 3.269672e-01 5.866754e-01 2.975624e-01 4.796061e-01 5.003440e-01 2.922964e-01 2.799618e-01 4.480947e-01 4.819323e-01 2.952402e-01 2.830062e-01 4.933837e-01 2.976177e-01 3.049136e-01 5.167775e-01 2.911240e-01 2.873974e-01 5.462099e-01 5.662717e-01 3.330211e-01 3.002481e-01 2.869961e-01 2.779196e-01 4.683699e-01 2.748948e-01 5.614832e-01 2.931226e-01 2.886429e-01 2.841007e-01 2.856575e-01 5.522600e-01 3.089970e-01 5.607948e-01 4.974565e-01 3.897007e-01 3.416936e-01 2.980973e-01 2.982821e-01 2.807700e-01 2.989847e-01 2.859149e-01 3.619291e-01 4.083782e-01 3.964985e-01 3.707228e-01 2.932000e-01 2.851220e-01 3.443359e-01 2.821779e-01 5.596958e-01 3.003257e-01 5.664586e-01 2.819175e-01 2.824451e-01 5.549274e-01 5.065085e-01
1.622548e-01 1.706085e-01 1.454997e-01 2.390072e-01 1.626402e-01 2.330861e-01 3.420295e-01 1.475903e-01 1.532698e-01 1.950786e-01 3.223648e-01 1.545276e-01 2.640933e-01 3.298141e-01 2.651939e-01 3.483113e-01 1.679492e-01 2.104685e-01 3.217481e-01 1.589176e-01 1.525155e-01 3.311901e-01 3.052681e-01 1.466110e-01 2.583885e-01 2.760362e-01 2.292620e-01 1.486957e-01 3.147487e-01 1.469463e-01 2.555058e-01 1.941494e-01 3.129788e-01 1.568721e-01 1.648592e-01 3.195530e-01 1.711382e-01 1.434571e-01 1.465667e-01 1.582205e-01 1.663656e-01 2.104789e-01 1.573186e-01 3.299356e-01 1.560313e-01 1.555918e-01 1.635217e-01 3.163908e-01 2.104262e-01 1.614521e-01 1.606272e-01 2.305579e-01 1.819177e-01 3.513395e-01 1.570298e-01 2.739393e-01 2.871687e-01 1.505463e-01 1.476365e-01 2.518171e-01 2.807691e-01 1.569309e-01 1.506440e-01 2.806513e-01 1.562318e-01 1.644896e-01 3.061817e-01 1.569543e-01 1.509197e-01 3.159213e-01 3.380102e-01 1.824067e-01 1.594614e-01 1.462066e-01 1.448452e-01 2.711947e-01 1.442052e-01 3.291370e-01 1.536270e-01 1.535861e-01 1.459767e-01 1.460691e-01 3.194739e-01 1.619447e-01 3.307997e-01 2.910709e-01 2.151982e-01 1.873825e-01 1.569412e-01 1.616343e-01 1.412867e-01 1.620197e-01 1.520749e-01 2.028975e-01 2.315568e-01 2.200224e-01 2.046814e-01 1.545823e-01 1.477460e-01 1.878827e-01 1.476480e-01 3.266245e-01 1.540859e-01 3.373008e-01 1.402878e-01 1.551991e-01 3.176198e-01 2.941529e-01
8.872397e-02 9.317474e-02 7.835104e-02 1.404331e-01 8.896806e-02 1.365221e-01 2.072304e-01 7.860767e-02 8.410271e-02 1.101492e-01 1.936870e-01 8.433886e-02 1.617027e-01 1.940662e-01 1.540931e-01 2.075565e-01 9.206418e-02 1.229831e-01 1.986136e-01 8.720231e-02 8.893419e-02 1.965037e-01 1.812437e-01 8.099736e-02 1.499621e-01 1.663277e-01 1.315779e-01 8.033344e-02 1.878797e-01 7.814982e-02 1.510475e-01 1.112640e-01 1.826970e-01 8.561318e-02 9.089452e-02 1.919180e-01 9.214934e-02 7.903864e-02 8.059693e-02 8.570187e-02 9.247732e-02 1.216333e-01 8.613146e-02 2.037810e-01 8.308485e-02 8.686362e-02 9.274145e-02 1.900552e-01 1.212645e-01 8.803008e-02 8.667957e-02 1.366994e-01 9.913619e-02 2.124938e-01 8.816613e-02 1.637950e-01 1.751675e-01 7.875197e-02 7.815783e-02 1.519111e-01 1.696713e-01 8.511956e-02 8.278587e-02 1.640099e-01 8.644488e-02 8.810231e-02 1.791845e-01 8.414986e-02 8.216529e-02 1.827429e-01 2.085877e-01 1.023648e-01 8.793995e-02 7.973349e-02 7.855608e-02 1.643430e-01 7.687863e-02 1.990619e-01 8.418926e-02 8.364807e-02 7.969453e-02 7.954730e-02 1.899221e-01 9.004531e-02 1.988343e-01 1.715009e-01 1.249572e-01 1.067777e-01 8.593159e-02 8.458420e-02 7.806775e-02 8.984581e-02 7.994401e-02 1.142770e-01 1.353425e-01 1.301572e-01 1.166380e-01 8.342322e-02 7.798091e-02 1.047182e-01 7.890477e-02 1.993254e-01 8.407019e-02 2.025152e-01 7.734111e-02 8.492973e-02 1.905174e-01 1.788207e-01
5.128049e-02 5.400536e-02 4.385528e-02 8.529480e-02 4.838669e-02 8.205574e-02 1.260060e-01 4.374614e-02 4.545568e-02 6.719798e-02 1.161083e-01 4.888196e-02 1.021075e-01 1.227849e-01 9.719853e-02 1.319404e-01 5.498391e-02 7.019619e-02 1.193917e-01 4.810975e-02 5.034131e-02 1.188371e-01 1.089969e-01 4.449944e-02 9.074480e-02 1.016998e-01 7.912728e-02 4.702748e-02 1.139041e-01 4.335560e-02 9.050050e-02 6.331441e-02 1.144604e-01 4.974276e-02 5.077906e-02 1.186675e-01 5.509853e-02 4.399342e-02 4.561222e-02 4.881453e-02 5.358874e-02 7.358401e-02 4.785026e-02 1.237795e-01 4.919081e-02 4.973702e-02 5.407915e-02 1.174174e-01 6.995108e-02 5.036683e-02 4.919155e-02 8.131532e-02 5.739240e-02 1.339749e-01 5.205519e-02 1.008911e-01 1.071734e-01 4.527181e-02 4.309527e-02 9.317934e-02 1.033416e-01 4.788534e-02 4.676873e-02 9.707807e-02 4.890359e-02 5.049731e-02 1.143351e-01 4.706717e-02 4.517916e-02 1.126816e-01 1.280839e-01 5.759407e-02 4.686123e-02 4.623909e-02 4.266763e-02 9.690800e-02 4.230625e-02 1.207425e-01 4.672855e-02 4.705813e-02 4.429438e-02 4.381905e-02 1.161940e-01 4.885722e-02 1.204731e-01 1.059336e-01 7.550269e-02 6.545238e-02 4.983495e-02 4.758229e-02 4.280700e-02 5.005539e-02 4.590343e-02 6.842934e-02 7.923763e-02 7.671254e-02 6.710249e-02 4.586467e-02 4.663556e-02 5.911484e-02 4.252951e-02 1.261640e-01 4.732640e-02 1.259303e-01 4.354326e-02 4.541782e-02 1.093485e-01 1.080281e-01
2.986648e-02 3.228864e-02 2.399554e-02 5.151674e-02 3.045891e-02 5.209168e-02 8.369932e-02 2.522022e-02 2.740639e-02 3.971199e-02 7.291467e-02 2.833321e-02 6.176224e-02 7.828673e-02 5.975496e-02 8.427323e-02 3.278379e-02 4.194292e-02 7.546306e-02 2.921352e-02 2.789153e-02 7.399685e-02 6.745090e-02 2.628653e-02 5.718616e-02 6.416388e-02 5.116019e-02 2.731376e-02 7.537833e-02 2.517492e-02 5.709093e-02 3.909179e-02 6.960052e-02 2.890758e-02 2.888432e-02 7.200878e-02 3.327881e-02 2.470669e-02 2.455541e-02 2.780972e-02 3.147861e-02 4.622544e-02 2.866334e-02 7.959139e-02 2.756449e-02 3.031027e-02 3.119578e-02 7.483264e-02 4.445228e-02 2.961725e-02 3.006966e-02 5.000517e-02 3.424946e-02 8.683432e-02 3.109615e-02 6.308134e-02 6.881080e-02 2.744201e-02 2.544826e-02 5.709254e-02 6.732679e-02 2.931698e-02 2.697153e-02 5.826269e-02 2.891172e-02 3.045654e-02 7.206354e-02 2.850918e-02 2.624398e-02 7.163257e-02 8.322001e-02 3.621031e-02 3.050257e-02 2.672737e-02 2.563949e-02 6.208856e-02 2.539613e-02 7.766809e-02 2.755899e-02 2.661989e-02 2.531668e-02 2.595251e-02 6.914559e-02 3.056459e-02 7.838106e-02 6.578865e-02 4.680941e-02 3.563024e-02 2.894867e-02 2.898199e-02 2.581660e-02 3.013234e-02 2.829101e-02 4.165533e-02 4.898326e-02 4.886547e-02 4.208849e-02 2.662927e-02 2.737822e-02 3.815399e-02 2.638782e-02 7.803382e-02 2.838015e-02 8.122058e-02 2.429682e-02 2.757818e-02 7.248281e-02 7.045750e-02
1.895813e-02 2.048889e-02 1.503231e-02 3.332121e-02 1.875158e-02 3.207689e-02 5.121884e-02 1.544330e-02 1.652015e-02 2.569376e-02 4.612897e-02 1.785042e-02 3.917003e-02 5.110071e-02 3.967771e-02 5.547500e-02 1.938452e-02 2.558986e-02 5.028734e-02 1.835272e-02 1.745664e-02 4.810985e-02 4.160187e-02 1.464914e-02 3.608300e-02 4.237244e-02 2.987081e-02 1.623417e-02 4.752764e-02 1.678119e-02 3.685489e-02 2.461291e-02 4.534375e-02 1.677480e-02 1.778635e-02 4.618575e-02 2.058972e-02 1.402433e-02 1.696995e-02 1.789027e-02 2.038253e-02 2.734124e-02 1.777114e-02 4.962610e-02 1.699130e-02 1.826462e-02 2.046739e-02 4.837639e-02 2.979645e-02 1.876322e-02 1.953071e-02 3.251037e-02 2.247528e-02 5.451678e-02 1.743750e-02 4.129987e-02 4.449711e-02 1.614690e-02 1.570303e-02 3.762113e-02 4.259164e-02 1.692631e-02 1.618862e-02 3.478153e-02 1.707892e-02 1.989134e-02 4.555543e-02 1.678350e-02 1.495048e-02 4.224180e-02 5.290397e-02 2.169593e-02 1.847733e-02 1.591570e-02 1.399573e-02 4.012363e-02 1.546482e-02 4.900736e-02 1.645254e-02 1.603731e-02 1.481344e-02 1.553027e-02 4.448888e-02 1.837815e-02 5.187058e-02 4.351524e-02 2.970882e-02 2.422522e-02 1.778666e-02 1.752403e-02 1.395539e-02 1.827919e-02 1.676767e-02 2.589469e-02 3.105169e-02 3.003836e-02 2.648247e-02 1.697283e-02 1.549961e-02 2.366320e-02 1.556781e-02 5.296834e-02 1.707586e-02 5.175819e-02 1.467345e-02 1.606741e-02 4.471982e-02 4.513059e-02
1.219619e-02 1.330548e-02 9.736688e-03 2.205870e-02 1.198063e-02 2.087135e-02 3.376243e-02 9.671007e-03 1.037123e-02 1.597889e-02 2.959260e-02 1.072959e-02 2.775050e-02 3.432033e-02 2.543424e-02 3.607820e-02 1.252265e-02 1.692062e-02 3.259213e-02 1.213686e-02 1.105418e-02 3.168679e-02 2.606268e-02 9.375861e-03 2.454092e-02 2.748101e-02 2.157792e-02 9.641521e-03 3.294559e-02 1.034389e-02 2.501856e-02 1.685977e-02 2.952367e-02 1.096657e-02 1.266955e-02 3.018075e-02 1.384208e-02 1.010710e-02 9.320361e-03 1.030285e-02 1.260619e-02 1.827895e-02 1.114621e-02 3.494846e-02 9.745388e-03 1.241702e-02 1.317929e-02 3.219058e-02 1.896168e-02 1.152695e-02 1.201276e-02 2.058341e-02 1.370880e-02 3.673136e-02 1.164809e-02 2.728992e-02 2.911791e-02 9.536652e-03 9.772516e-03 2.510416e-02 2.695719e-02 1.110824e-02 9.917165e-03 2.318510e-02 1.084706e-02 1.145789e-02 3.132571e-02 1.050575e-02 1.068946e-02 2.742743e-02 3.382414e-02 1.412565e-02 1.186095e-02 1.059511e-02 9.137674e-03 2.765575e-02 9.793821e-03 3.243572e-02 1.079895e-02 9.942229e-03 1.040252e-02 9.614155e-03 2.834750e-02 1.232071e-02 3.324335e-02 2.921339e-02 1.952978e-02 1.542603e-02 1.131766e-02 1.174613e-02 9.318111e-03 1.137896e-02 1.012984e-02 1.726809e-02 1.960971e-02 1.980627e-02 1.720691e-02 1.092283e-02 1.032440e-02 1.497107e-02 9.924824e-03 3.494543e-02 1.044754e-02 3.569797e-02 9.075057e-03 1.040869e-02 2.786198e-02 3.076987e-02
7.512630e-03 8.964724e-03 5.973364e-03 1.529589e-02 7.617774e-03 1.419564e-02 2.225321e-02 6.700571e-03 7.177637e-03 1.132599e-02 1.961199e-02 6.759554e-03 1.727536e-02 2.280698e-02 1.746312e-02 2.502653e-02 8.436409e-03 1.080836e-02 2.128220e-02 7.197631e-03 7.421827e-03 2.030303e-02 1.746022e-02 7.133545e-03 1.756075e-02 2.028923e-02 1.370114e-02 6.540206e-03 2.151569e-02 6.282216e-03 1.536945e-02 1.097875e-02 1.908024e-02 6.754616e-03 8.131042e-03 1.871248e-02 7.151330e-03 5.639918e-03 6.614470e-03 7.562348e-03 8.317216e-03 1.272210e-02 7.352674e-03 2.255050e-02 6.919177e-03 7.336380e-03 7.910255e-03 2.058617e-02 1.177443e-02 8.239048e-03 7.629058e-03 1.364137e-02 9.526472e-03 2.421382e-02 7.422426e-03 1.831346e-02 1.930887e-02 6.692624e-03 6.500779e-03 1.635259e-02 1.870842e-02 7.151398e-03 6.564419e-03 1.421594e-02 7.293381e-03 7.777486e-03 2.178573e-02 7.527042e-03 6.747932e-03 1.754160e-02 2.393167e-02 1.004029e-02 7.478684e-03 5.982284e-03 6.761014e-03 1.803783e-02 5.887293e-03 2.071770e-02 7.012332e-03 6.625363e-03 6.511626e-03 6.807405e-03 1.932220e-02 7.588730e-03 2.244225e-02 1.911227e-02 1.301666e-02 1.059034e-02 6.952648e-03 7.793818e-03 6.135444e-03 7.512601e-03 6.809457e-03 1.144470e-02 1.363909e-02 1.255341e-02 1.141339e-02 6.711235e-03 6.182365e-03 9.628629e-03 6.572941e-03 2.308541e-02 7.167233e-03 2.372424e-02 5.684473e-03 6.791155e-03 1.785359e-02 2.042356e-02
5.378146e-03 6.571075e-03 4.541925e-03 1.014068e-02 5.340348e-03 9.381995e-03 1.496316e-02 3.839780e-03 4.296332e-03 7.016512e-03 1.358407e-02 4.598408e-03 1.138789e-02 1.584100e-02 1.119702e-02 1.776762e-02 5.547368e-03 6.712181e-03 1.423789e-02 5.172939e-03 5.302571e-03 1.358405e-02 1.187365e-02 4.650493e-03 1.132901e-02 1.327263e-02 8.901931e-03 4.399861e-03 1.523330e-02 3.956009e-03 1.119428e-02 7.295422e-03 1.312618e-02 5.472678e-03 5.357453e-03 1.264585e-02 6.059938e-03 3.695941e-03 3.876088e-03 5.500722e-03 5.271056e-03 8.474574e-03 4.965579e-03 1.506154e-02 4.667128e-03 4.487282e-03 5.204985e-03 1.478254e-02 8.219849e-03 5.572217e-03 5.391098e-03 9.023194e-03 6.460587e-03 1.794188e-02 4.335048e-03 1.260633e-02 1.369894e-02 4.975908e-03 3.814706e-03 1.074699e-02 1.355130e-02 5.127440e-03 4.698058e-03 9.364459e-03 4.729033e-03 5.252049e-03 1.467331e-02 4.880355e-03 4.269261e-03 1.192669e-02 1.606423e-02 6.172295e-03 5.343931e-03 4.680493e-03 4.195220e-03 1.258162e-02 3.844266e-03 1.440604e-02 4.676969e-03 4.756651e-03 4.461778e-03 4.208389e-03 1.271015e-02 4.756068e-03 1.459074e-02 1.290552e-02 8.743451e-03 6.585674e-03 5.194814e-03 4.664832e-03 4.234428e-03 5.017514e-03 4.740986e-03 7.147713e-03 1.016107e-02 8.855727e-03 7.811629e-03 4.653763e-03 4.998339e-03 6.279228e-03 4.126739e-03 1.536179e-02 4.593966e-03 1.573904e-02 3.694623e-03 4.890465e-03 1.266629e-02 1.345822e-02
3.492698e-03 3.842211e-03 2.562286e-03 6.670655e-03 3.366484e-03 7.622449e-03 1.052854e-02 3.040278e-03 2.770887e-03 5.537529e-03 9.056212e-03 3.192374e-03 8.350515e-03 1.096624e-02 8.456973e-03 1.235061e-02 3.674308e-03 4.566652e-03 9.565776e-03 3.300492e-03 3.258138e-03 8.708667e-03 8.206311e-03 2.935391e-03 7.530736e-03 8.622677e-03 6.321445e-03 2.889345e-03 1.029347e-02 2.726550e-03 7.344628e-03 4.926513e-03 8.768372e-03 3.653236e-03 3.719028e-03 8.746536e-03 3.937552e-03 2.682943e-03 2.828943e-03 3.326661e-03 3.963821e-03 5.614417e-03 3.123412e-03 9.671850e-03 3.269827e-03 3.125741e-03 3.670164e-03 1.051670e-02 5.790148e-03 3.308765e-03 3.099354e-03 6.111836e-03 4.170282e-03 1.201874e-02 3.171697e-03 8.223973e-03 1.017582e-02 2.943314e-03 2.724847e-03 7.661485e-03 9.877666e-03 3.172074e-03 3.053162e-03 6.515188e-03 3.109400e-03 4.031045e-03 9.230137e-03 3.145024e-03 3.055027e-03 7.989524e-03 1.118435e-02 4.381473e-03 3.087762e-03 2.755839e-03 2.990335e-03 8.423220e-03 2.950851e-03 9.773247e-03 3.281210e-03 3.057156e-03 3.043339e-03 2.651096e-03 9.174155e-03 3.609372e-03 1.028309e-02 9.442451e-03 6.502634e-03 4.514438e-03 2.888469e-03 3.221373e-03 2.815988e-03 3.513087e-03 2.879442e-03 5.141313e-03 6.706581e-03 6.477127e-03 5.385103e-03 3.054156e-03 2.697526e-03 4.630200e-03 2.694237e-03 1.109938e-02 2.837869e-03 1.084627e-02 2.841051e-03 3.024836e-03 8.070078e-03 9.619519e-03
1.835792e-03 2.326979e-03 1.571179e-03 4.234041e-03 2.209605e-03 4.085190e-03 5.945959e-03 1.730925e-03 1.909870e-03 2.801613e-03 5.393420e-03 1.883573e-03 4.937135e-03 6.291590e-03 4.791466e-03 7.266094e-03 2.215586e-03 2.739535e-03 5.703973e-03 1.983634e-03 1.672733e-03 5.322526e-03 3.954178e-03 1.830257e-03 4.381250e-03 5.275295e-03 3.761691e-03 1.740409e-03 6.147180e-03 1.718322e-03 4.980562e-03 3.107697e-03 5.268738e-03 1.950673e-03 2.007158e-03 5.178823e-03 2.126175e-03 1.521687e-03 1.821034e-03 1.797539e-03 2.320765e-03 3.379470e-03 1.808908e-03 6.063498e-03 1.991491e-03 1.803502e-03 2.228145e-03 6.178658e-03 3.333679e-03 2.041105e-03 1.990200e-03 3.753914e-03 2.422334e-03 7.214902e-03 2.009861e-03 5.207517e-03 6.025382e-03 1.715255e-03 1.503359e-03 4.881180e-03 5.639972e-03 1.968260e-03 1.597818e-03 3.461143e-03 1.981044e-03 1.884298e-03 5.750900e-03 1.901740e-03 1.773356e-03 4.287696e-03 6.810042e-03 2.515586e-03 2.095605e-03 1.648606e-03 1.456106e-03 4.800066e-03 1.632994e-03 5.339657e-03 1.835189e-03 1.801258e-03 1.635893e-03 1.446372e-03 4.689403e-03 1.999071e-03 5.636206e-03 5.238448e-03 3.532705e-03 2.968472e-03 1.850884e-03 1.832441e-03 1.603885e-03 2.154020e-03 1.673785e-03 3.201984e-03 4.010220e-03 3.761674e-03 3.323559e-03 1.877578e-03 1.619179e-03 2.804753e-03 1.591701e-03 6.315288e-03 1.977949e-03 6.416129e-03 1.543038e-03 1.732884e-03 4.678019e-03 5.549243e-03
1.166522e-03 1.163664e-03 7.364903e-04 2.273239e-03 1.014397e-03 2.022667e-03 2.753273e-03 6.766239e-04 9.751058e-04 1.522404e-03 2.676706e-03 8.874758e-04 2.509912e-03 3.418093e-03 2.566408e-03 3.531336e-03 1.234434e-03 1.389075e-03 2.597921e-03 7.891392e-04 9.855398e-04 2.543390e-03 2.062694e-03 8.906441e-04 2.190820e-03 2.787131e-03 2.100097e-03 8.320934e-04 3.030129e-03 7.612961e-04 2.122099e-03 1.652666e-03 2.411722e-03 9.225338e-04 1.025000e-03 2.314077e-03 1.054034e-03 8.528253e-04 9.195898e-04 8.828989e-04 1.058895e-03 1.762742e-03 9.947908e-04 3.214706e-03 9.754391e-04 1.139286e-03 1.097435e-03 3.252536e-03 1.671219e-03 9.824836e-04 9.455971e-04 1.974703e-03 1.228877e-03 3.452382e-03 9.718278e-04 2.384329e-03 2.793251e-03 9.367941e-04 9.089399e-04 2.298321e-03 2.879946e-03 9.087299e-04 8.885221e-04 1.682200e-03 9.091951e-04 1.235896e-03 2.715398e-03 9.363009e-04 8.135285e-04 2.154682e-03 3.204724e-03 1.625427e-03 9.575123e-04 8.832466e-04 7.416885e-04 2.581290e-03 6.530079e-04 2.646631e-03 8.258295e-04 7.790526e-04 8.350627e-04 8.025378e-04 2.338613e-03 8.753950e-04 2.754786e-03 2.743160e-03 1.899491e-03 1.387346e-03 9.148450e-04 9.518864e-04 8.204640e-04 7.656418e-04 8.136382e-04 1.606789e-03 1.861562e-03 1.989373e-03 1.596621e-03 9.364581e-04 8.933265e-04 1.445374e-03 7.600407e-04 3.179026e-03 9.793634e-04 3.208741e-03 6.802134e-04 8.653800e-04 2.138974e-03 3.124523e-03
5.543912e-04 5.712172e-04 3.930972e-04 1.092717e-03 4.350404e-04 1.026665e-03 1.636410e-03 4.754436e-04 4.948534e-04 7.583496e-04 1.361295e-03 5.294142e-04 1.254733e-03 1.737857e-03 1.456797e-03 1.763540e-03 5.238029e-04 6.250509e-04 1.480923e-03 4.873947e-04 5.010520e-04 1.406045e-03 1.001604e-03 4.406626e-04 1.302228e-03 1.370703e-03 1.118549e-03 4.366870e-04 1.519388e-03 4.177980e-04 1.018791e-03 7.893063e-04 1.216580e-03 5.422005e-04 5.997792e-04 1.228652e-03 6.475370e-04 3.639696e-04 3.753362e-04 4.816301e-04 5.655627e-04 9.492014e-04 3.942651e-04 1.542333e-03 5.063998e-04 6.176238e-04 5.763406e-04 1.584547e-03 9.018017e-04 5.612198e-04 5.258496e-04 8.802816e-04 5.836014e-04 1.814990e-03 5.189051e-04 1.358244e-03 1.416402e-03 4.720120e-04 3.888348e-04 1.351006e-03 1.415660e-03 4.947511e-04 5.252159e-04 7.360399e-04 4.569966e-04 5.365577e-04 1.478868e-03 6.052939e-04 4.336148e-04 9.896169e-04 1.912981e-03 5.896002e-04 4.638951e-04 4.807257e-04 3.535598e-04 1.448648e-03 3.057646e-04 1.355308e-03 4.715391e-04 5.053579e-04 4.952888e-04 3.773080e-04 1.225543e-03 5.884880e-04 1.362350e-03 1.309693e-03 9.004369e-04 6.644315e-04 4.707349e-04 4.366663e-04 3.526907e-04 5.580575e-04 4.650906e-04 8.766187e-04 9.236896e-04 8.671761e-04 8.954111e-04 5.016103e-04 3.125661e-04 7.838156e-04 3.457729e-04 1.592079e-03 5.001389e-04 1.541083e-03 3.547672e-04 4.729153e-04 1.100753e-03 1.471158e-03
2.617810e-04 2.524018e-04 1.836389e-04 4.473712e-04 1.951894e-04 3.607840e-04 6.357013e-04 1.787073e-04 1.564442e-04 2.901287e-04 4.505607e-04 1.968879e-04 5.757424e-04 7.479586e-04 6.224929e-04 6.952162e-04 2.206082e-04 2.278769e-04 6.328629e-04 1.968288e-04 2.164865e-04 4.874003e-04 3.838223e-04 1.893637e-04 5.622726e-04 5.872160e-04 4.656904e-04 1.797794e-04 5.964524e-04 1.590916e-04 4.584925e-04 3.212446e-04 4.945028e-04 2.010779e-04 2.673266e-04 4.403281e-04 2.593590e-04 1.496397e-04 1.721847e-04 2.065039e-04 2.512245e-04 3.275019e-04 2.393819e-04 6.501435e-04 2.241603e-04 1.710452e-04 2.736914e-04 6.594969e-04 3.944980e-04 2.061135e-04 2.196981e-04 4.219565e-04 2.160203e-04 7.034101e-04 2.012672e-04 5.448692e-04 6.520559e-04 1.916456e-04 1.562404e-04 4.488410e-04 6.135134e-04 2.126555e-04 1.887003e-04 2.843898e-04 1.885727e-04 1.978878e-04 6.152470e-04 1.741256e-04 1.987371e-04 3.932032e-04 6.521135e-04 2.209896e-04 1.883652e-04 1.857669e-04 1.634341e-04 5.457271e-04 1.848762e-04 5.312765e-04 1.998878e-04 1.887823e-04 2.044934e-04 1.760254e-04 4.605469e-04 2.533108e-04 5.740860e-04 6.446352e-04 3.880219e-04 3.039657e-04 1.892587e-04 1.943574e-04 1.588790e-04 2.130876e-04 1.957730e-04 3.607993e-04 4.520215e-04 4.046237e-04 3.758682e-04 1.474360e-04 1.960605e-04 2.461023e-04 1.508229e-04 6.548228e-04 1.755557e-04 6.816066e-04 1.433625e-04 1.898243e-04 4.152871e-04 6.501102e-04
7.173618e-05 6.244225e-05 5.325945e-05 1.229796e-04 6.235243e-05 1.567903e-04 1.943363e-04 5.267843e-05 6.110906e-05 1.155529e-04 1.534248e-04 4.196850e-05 1.844765e-04 2.036854e-04 1.619137e-04 2.214131e-04 7.611838e-05 8.042654e-05 1.913920e-04 4.394687e-05 8.530029e-05 1.295416e-04 9.300636e-05 6.002296e-05 1.411120e-04 1.860387e-04 1.533912e-04 5.790689e-05 1.918349e-04 5.766612e-05 1.085792e-04 1.063863e-04 1.417121e-04 6.110096e-05 8.334820e-05 1.263671e-04 6.737429e-05 4.647397e-05 4.188374e-05 9.025162e-05 7.151929e-05 1.162067e-04 7.200848e-05 1.827707e-04 4.613287e-05 7.216303e-05 7.448139e-05 2.082068e-04 1.466731e-04 6.860187e-05 7.384673e-05 1.253145e-04 5.799526e-05 2.326678e-04 7.967401e-05 1.439477e-04 1.910944e-04 5.982743e-05 5.319774e-05 1.432076e-04 1.957007e-04 5.477854e-05 4.609313e-05 9.054185e-05 6.696386e-05 6.944638e-05 1.811150e-04 6.073983e-05 4.610943e-05 1.061710e-04 2.145595e-04 6.983628e-05 8.380401e-05 4.620858e-05 4.410248e-05 2.313988e-04 3.721856e-05 1.348925e-04 4.478216e-05 5.816289e-05 4.860075e-05 6.018735e-05 1.265280e-04 7.134522e-05 1.475337e-04 1.573002e-04 1.122591e-04 9.767038e-05 7.188520e-05 7.629961e-05 3.959251e-05 3.679859e-05 4.185718e-05 8.826657e-05 1.246160e-04 1.337825e-04 1.200836e-04 4.611828e-05 6.001210e-05 9.874045e-05 4.594723e-05 2.133268e-04 8.879865e-05 1.920707e-04 6.424742e-05 6.516673e-05 1.088301e-04 1.987374e-04
1.643889e-05 2.478648e-05 8.129968e-06 2.478279e-05 2.476985e-05 5.331439e-05 4.938584e-05 8.330852e-06 1.675357e-05 3.506535e-05 4.347557e-05 1.239951e-05 5.590290e-05 7.316297e-05 4.339768e-05 9.125078e-05 1.469810e-05 3.307981e-05 6.369476e-05 1.010649e-05 2.658849e-05 3.892229e-05 1.035892e-05 1.017026e-05 4.752170e-05 4.345227e-05 3.905508e-05 1.016648e-05 7.590336e-05 1.631643e-05 4.466713e-05 2.281784e-05 5.966593e-05 2.045748e-05 1.847788e-05 2.884005e-05 2.267847e-05 2.064689e-05 1.258420e-05 2.052670e-05 2.063870e-05 3.072507e-05 1.661732e-05 4.696277e-05 2.253217e-05 1.887568e-05 2.249152e-05 6.223393e-05 3.670257e-05 2.479990e-05 2.260965e-05 4.089851e-05 2.475698e-05 8.631202e-05 1.233249e-05 6.251332e-05 6.564527e-05 2.245496e-05 1.033442e-05 5.221111e-05 5.149311e-05 1.249313e-05 1.610046e-05 1.634834e-05 2.691123e-05 2.242384e-05 5.311731e-05 2.890647e-05 1.633208e-05 3.312661e-05 6.543654e-05 2.835435e-05 2.696832e-05 1.839808e-05 8.176231e-06 3.938595e-05 2.269556e-05 4.120577e-05 1.652179e-05 1.663534e-05 1.451642e-05 1.447879e-05 3.297774e-05 2.287254e-05 4.915849e-05 5.162983e-05 3.896277e-05 3.448121e-05 1.819118e-05 2.293960e-05 2.240972e-05 3.048341e-05 3.137193e-05 3.693387e-05 5.372122e-05 4.984635e-05 5.320227e-05 2.667884e-05 1.431721e-05 2.253482e-05 8.270631e-06 6.831588e-05 9.969637e-06 5.764157e-05 1.235360e-05 8.325905e-06 4.305570e-05 5.175451e-05
3.741225e-06 5.536817e-06 7.236813e-06 5.478727e-06 1.920878e-06 2.043780e-05 1.871998e-05 5.605158e-06 1.919915e-06 5.651815e-06 1.487749e-05 5.657938e-06 7.414975e-06 1.666836e-05 1.301528e-05 2.200013e-05 1.477620e-05 9.210357e-06 2.790124e-05 5.491245e-06 5.478082e-06 7.426452e-06 1.820060e-06 1.118517e-05 1.859382e-05 2.769554e-05 9.360981e-06 3.580891e-06 2.581493e-05 1.818178e-06 1.093648e-05 1.105229e-05 9.225560e-06 7.348825e-06 3.717001e-06 1.271294e-05 7.351424e-06 3.715461e-06 0.000000e+00 1.768389e-06 3.679570e-06 9.232650e-06 9.308452e-06 1.677263e-05 5.522044e-06 1.828268e-06 5.449077e-06 2.219950e-05 7.460061e-06 1.090496e-05 7.256482e-06 1.296981e-05 1.454340e-05 1.847183e-05 7.455351e-06 2.387307e-05 2.377525e-05 3.596432e-06 5.512941e-06 9.382970e-06 2.757246e-05 5.580991e-06 3.718573e-06 3.545930e-06 1.300852e-05 1.822432e-06 2.210294e-05 5.562350e-06 5.535562e-06 6.070181e-06 1.099221e-05 7.338094e-06 5.480604e-06 7.494065e-06 9.177322e-06 1.674434e-05 3.688232e-06 3.764727e-06 7.156861e-06 1.847143e-06 3.579996e-06 9.388906e-06 9.369633e-06 9.411562e-06 1.476159e-05 1.661734e-05 7.490279e-06 1.304420e-05 7.484442e-06 7.236719e-06 5.648625e-06 7.436667e-06 7.391482e-06 1.306448e-05 5.542351e-06 7.308184e-06 9.228090e-06 5.468463e-06 1.885791e-06 9.228321e-06 7.292742e-06 9.371544e-06 7.474908e-06 5.384528e-06 7.372854e-06 1.818534e-06 7.519028e-06 2.193810e-05
1.325425e-06 1.382174e-06 6.784477e-07 6.270596e-07 2.570979e-06 4.592053e-06 2.556027e-06 1.910644e-06 1.289855e-06 3.295229e-06 2.633541e-06 6.942685e-07 2.530827e-06 6.017875e-06 1.204773e-06 5.218629e-06 1.281970e-06 1.314961e-06 3.321644e-06 1.874692e-06 6.524743e-07 2.688567e-06 0.000000e+00 1.293000e-06 4.619277e-06 6.904344e-06 2.706234e-06 6.736025e-07 3.345447e-06 1.923852e-06 1.972216e-06 0.000000e+00 1.315172e-06 5.831116e-07 0.000000e+00 1.361980e-06 2.472991e-06 0.000000e+00 1.335533e-06 0.000000e+00 0.000000e+00 1.317635e-06 1.221669e-06 5.836795e-06 2.065155e-06 5.757231e-07 2.533839e-06 2.608441e-06 3.326039e-06 6.789281e-07 1.940517e-06 3.205357e-06 6.967685e-07 2.476194e-06 6.382513e-07 1.265757e-06 5.272804e-06 0.000000e+00 1.341238e-06 1.359279e-06 2.681678e-06 2.069101e-06 1.238817e-06 2.046951e-06 6.668310e-07 2.506844e-06 5.289811e-06 1.948329e-06 3.117240e-06 4.445181e-06 6.504598e-06 0.000000e+00 0.000000e+00 1.271560e-06 1.267438e-06 3.432649e-06 1.232330e-06 6.486045e-07 4.024455e-06 0.000000e+00 1.946413e-06 1.316121e-06 1.321247e-06 1.323790e-06 1.919342e-06 3.839687e-06 1.258912e-06 3.380504e-06 6.179445e-07 6.768587e-07 0.000000e+00 1.180467e-06 6.051190e-07 1.368832e-06 3.277337e-06 3.193726e-06 1.927345e-06 2.636053e-06 0.000000e+00 1.357112e-06 1.379185e-06 3.832919e-06 2.658366e-06 4.569077e-06 1.244023e-06 0.000000e+00 0.000000e+00 1.949279e-06
