# Version 0.0
# Data /lustre/isaac24/proj/UTK0244/cbaillar/Bayes_HEP/Detroit_tune_Project/input/Data/Data__200__pp__STAR_2019_I1771348__d01-x01-y01.dat
# Observable: $ \langle \frac{dN_{ch}}{d\eta d\phi} \rangle$
# Subobservable: Leading jet $p_{T} [GeV/c]$
# Design Design_Rivet.dat
# design_point1 design_point2 design_point3 design_point4 design_point5 design_point6 design_point7 design_point8 design_point9 design_point10 design_point11 design_point12 design_point13 design_point14 design_point15 design_point16 design_point17 design_point18 design_point19 design_point20 design_point21 design_point22 design_point23 design_point24 design_point25 design_point26 design_point27 design_point28 design_point29 design_point30 design_point31 design_point32 design_point33 design_point34 design_point35 design_point36 design_point37 design_point38 design_point39 design_point40 design_point41 design_point42 design_point43 design_point44 design_point45 design_point46 design_point47 design_point48 design_point49 design_point50 design_point51 design_point52 design_point53 design_point54 design_point55 design_point56 design_point57 design_point58 design_point59 design_point60 design_point61 design_point62 design_point63 design_point64 design_point65 design_point66 design_point67 design_point68 design_point69 design_point70 design_point71 design_point72 design_point73 design_point74 design_point75 design_point76 design_point77 design_point78 design_point79 design_point80 design_point81 design_point82 design_point83 design_point84 design_point85 design_point86 design_point87 design_point88 design_point89 design_point90 design_point91 design_point92 design_point93 design_point94 design_point95 design_point96 design_point97 design_point98 design_point99 design_point100 design_point101 design_point102 design_point103 design_point104 design_point105 design_point106 design_point107 design_point108
1.131627e+00 1.232717e+00 1.007693e+00 1.607934e+00 1.158908e+00 1.663281e+00 2.165880e+00 1.019088e+00 1.065700e+00 1.390877e+00 2.079196e+00 1.080367e+00 1.763931e+00 2.169074e+00 2.035222e+00 2.166652e+00 1.186299e+00 2.170148e+00 2.115939e+00 1.099172e+00 1.104837e+00 2.090933e+00 2.032742e+00 1.037530e+00 1.812160e+00 2.151123e+00 1.908883e+00 1.040350e+00 2.139363e+00 1.016940e+00 1.688474e+00 1.777516e+00 2.343464e+00 1.102162e+00 1.196867e+00 2.069602e+00 1.415187e+00 1.004679e+00 1.029493e+00 1.088512e+00 1.162256e+00 1.465400e+00 1.092425e+00 2.133144e+00 1.085833e+00 1.115292e+00 2.052743e+00 2.056064e+00 1.914605e+00 1.145416e+00 1.119315e+00 2.037358e+00 1.256400e+00 2.135818e+00 1.115600e+00 1.898104e+00 1.921531e+00 1.056454e+00 1.016209e+00 1.726431e+00 2.103584e+00 1.079414e+00 1.039106e+00 2.034893e+00 1.101146e+00 1.121715e+00 2.130975e+00 1.058678e+00 1.026897e+00 2.054274e+00 2.123536e+00 1.262247e+00 1.112098e+00 1.028137e+00 1.010071e+00 1.835301e+00 1.004068e+00 2.094242e+00 1.075196e+00 1.090060e+00 1.033140e+00 1.028997e+00 2.066545e+00 1.477712e+00 2.101723e+00 1.963702e+00 1.469829e+00 1.378771e+00 1.104094e+00 1.163450e+00 1.006099e+00 1.234567e+00 1.068827e+00 1.376431e+00 1.553849e+00 1.486266e+00 1.429574e+00 1.064399e+00 1.059168e+00 1.281709e+00 1.035385e+00 2.084268e+00 1.087945e+00 2.228374e+00 1.006672e+00 1.058214e+00 2.054161e+00 2.060141e+00
1.278279e+00 1.378006e+00 1.161589e+00 1.791338e+00 1.298055e+00 1.863009e+00 2.436991e+00 1.158094e+00 1.198555e+00 1.551305e+00 2.347201e+00 1.233345e+00 1.982753e+00 2.452049e+00 2.311665e+00 2.441589e+00 1.315749e+00 2.455964e+00 2.389242e+00 1.237910e+00 1.251365e+00 2.350837e+00 2.286176e+00 1.176034e+00 2.039979e+00 2.465995e+00 2.175576e+00 1.173491e+00 2.421164e+00 1.157140e+00 1.889802e+00 2.155657e+00 2.652980e+00 1.244252e+00 1.335489e+00 2.331708e+00 1.558454e+00 1.145174e+00 1.173459e+00 1.205866e+00 1.312514e+00 1.634150e+00 1.231110e+00 2.400092e+00 1.196325e+00 1.255190e+00 2.361634e+00 2.320966e+00 2.235460e+00 1.291044e+00 1.246442e+00 2.387715e+00 1.400668e+00 2.407947e+00 1.264259e+00 2.138163e+00 2.167999e+00 1.209419e+00 1.166895e+00 1.944988e+00 2.377749e+00 1.235136e+00 1.159706e+00 2.294306e+00 1.227388e+00 1.265595e+00 2.409936e+00 1.182266e+00 1.175541e+00 2.305974e+00 2.392064e+00 1.396128e+00 1.257482e+00 1.174556e+00 1.137424e+00 2.072337e+00 1.148085e+00 2.358314e+00 1.202054e+00 1.240693e+00 1.173656e+00 1.166628e+00 2.319680e+00 1.649944e+00 2.369089e+00 2.222140e+00 1.649352e+00 1.527624e+00 1.242656e+00 1.299512e+00 1.143421e+00 1.383482e+00 1.202509e+00 1.541132e+00 1.722532e+00 1.668494e+00 1.600987e+00 1.216887e+00 1.196778e+00 1.431186e+00 1.150096e+00 2.348373e+00 1.222383e+00 2.520082e+00 1.149930e+00 1.217060e+00 2.313379e+00 2.348564e+00
1.405827e+00 1.477682e+00 1.250178e+00 1.940127e+00 1.401263e+00 1.994460e+00 2.652129e+00 1.264492e+00 1.328510e+00 1.653653e+00 2.539796e+00 1.347039e+00 2.136689e+00 2.652799e+00 2.514690e+00 2.653011e+00 1.438087e+00 2.637545e+00 2.594882e+00 1.362623e+00 1.392639e+00 2.560316e+00 2.458484e+00 1.270179e+00 2.183082e+00 2.684776e+00 2.357866e+00 1.305660e+00 2.625751e+00 1.262139e+00 2.005466e+00 2.407300e+00 2.871115e+00 1.340574e+00 1.425620e+00 2.526988e+00 1.670123e+00 1.264583e+00 1.318218e+00 1.341342e+00 1.392208e+00 1.746367e+00 1.344911e+00 2.608715e+00 1.350299e+00 1.382842e+00 2.566901e+00 2.521334e+00 2.468097e+00 1.389999e+00 1.383785e+00 2.610309e+00 1.503074e+00 2.607446e+00 1.345344e+00 2.307109e+00 2.340693e+00 1.316580e+00 1.251522e+00 2.095329e+00 2.579207e+00 1.345622e+00 1.285304e+00 2.481552e+00 1.376903e+00 1.388590e+00 2.621078e+00 1.297061e+00 1.284608e+00 2.483339e+00 2.591679e+00 1.491050e+00 1.373983e+00 1.322264e+00 1.275910e+00 2.229094e+00 1.284690e+00 2.556276e+00 1.303947e+00 1.346435e+00 1.237257e+00 1.278256e+00 2.529986e+00 1.770531e+00 2.567460e+00 2.401528e+00 1.770657e+00 1.593549e+00 1.318659e+00 1.398471e+00 1.238515e+00 1.492162e+00 1.297206e+00 1.637881e+00 1.869214e+00 1.756090e+00 1.723497e+00 1.321336e+00 1.281545e+00 1.505116e+00 1.285572e+00 2.539840e+00 1.353728e+00 2.729650e+00 1.258771e+00 1.316133e+00 2.486185e+00 2.565604e+00
1.504772e+00 1.571269e+00 1.358337e+00 2.005790e+00 1.493597e+00 2.064456e+00 2.793469e+00 1.418753e+00 1.389893e+00 1.735312e+00 2.645519e+00 1.460112e+00 2.228762e+00 2.837697e+00 2.654630e+00 2.823928e+00 1.514637e+00 2.787763e+00 2.738205e+00 1.491849e+00 1.450231e+00 2.678967e+00 2.538888e+00 1.408474e+00 2.278427e+00 2.828808e+00 2.497297e+00 1.417669e+00 2.799472e+00 1.417940e+00 2.116484e+00 2.549774e+00 3.002176e+00 1.455512e+00 1.559487e+00 2.606617e+00 1.745476e+00 1.399368e+00 1.391828e+00 1.422152e+00 1.514298e+00 1.830988e+00 1.412177e+00 2.756701e+00 1.440337e+00 1.479186e+00 2.652025e+00 2.662561e+00 2.599945e+00 1.511811e+00 1.502825e+00 2.804648e+00 1.626963e+00 2.767910e+00 1.431090e+00 2.411117e+00 2.461223e+00 1.404054e+00 1.415124e+00 2.184584e+00 2.746750e+00 1.468764e+00 1.411217e+00 2.519712e+00 1.457138e+00 1.531332e+00 2.792150e+00 1.374785e+00 1.403531e+00 2.501435e+00 2.769337e+00 1.631452e+00 1.451375e+00 1.399914e+00 1.371551e+00 2.307543e+00 1.419669e+00 2.686922e+00 1.470610e+00 1.412170e+00 1.418542e+00 1.396679e+00 2.625843e+00 1.783094e+00 2.693956e+00 2.518637e+00 1.866671e+00 1.692202e+00 1.499599e+00 1.462285e+00 1.309881e+00 1.547511e+00 1.429790e+00 1.728336e+00 1.956918e+00 1.863886e+00 1.771471e+00 1.425848e+00 1.409115e+00 1.680898e+00 1.426958e+00 2.713885e+00 1.444615e+00 2.910568e+00 1.370772e+00 1.376059e+00 2.612224e+00 2.734924e+00
1.523675e+00 1.682652e+00 1.542017e+00 2.079781e+00 1.649225e+00 2.132208e+00 2.938472e+00 1.470592e+00 1.632203e+00 1.917980e+00 2.686910e+00 1.689096e+00 2.307418e+00 2.918073e+00 2.778282e+00 2.896887e+00 1.654902e+00 2.794053e+00 2.772748e+00 1.717981e+00 1.581602e+00 2.659272e+00 2.749539e+00 1.557584e+00 2.351996e+00 2.873697e+00 2.552073e+00 1.631338e+00 2.872561e+00 1.518093e+00 2.191182e+00 2.424567e+00 3.067158e+00 1.774496e+00 1.616336e+00 2.805653e+00 1.739853e+00 1.595167e+00 1.523871e+00 1.623811e+00 1.581282e+00 1.875521e+00 1.451927e+00 2.842864e+00 1.550685e+00 1.633991e+00 2.676202e+00 2.716169e+00 2.621030e+00 1.577419e+00 1.473154e+00 2.765541e+00 1.873481e+00 2.938698e+00 1.689649e+00 2.516061e+00 2.545945e+00 1.663342e+00 1.620162e+00 2.154344e+00 2.922287e+00 1.616634e+00 1.587028e+00 2.589329e+00 1.645876e+00 1.620752e+00 2.896888e+00 1.507291e+00 1.665304e+00 2.844894e+00 2.869661e+00 1.611444e+00 1.641285e+00 1.574425e+00 1.434934e+00 2.407816e+00 1.590201e+00 2.809145e+00 1.524964e+00 1.524734e+00 1.556182e+00 1.482654e+00 2.659112e+00 1.915411e+00 2.759747e+00 2.722262e+00 2.044318e+00 1.702074e+00 1.579786e+00 1.562051e+00 1.551761e+00 1.615294e+00 1.512716e+00 1.779271e+00 1.926693e+00 1.963393e+00 1.944833e+00 1.508033e+00 1.622921e+00 1.829630e+00 1.613931e+00 2.779807e+00 1.499915e+00 3.042041e+00 1.585495e+00 1.467502e+00 2.448277e+00 2.862568e+00
1.889965e+00 1.619229e+00 1.386922e+00 2.387324e+00 1.870071e+00 2.039172e+00 3.126258e+00 1.766620e+00 1.521919e+00 2.275916e+00 2.710315e+00 1.404308e+00 2.670819e+00 2.924472e+00 2.687950e+00 3.068585e+00 1.946587e+00 2.387324e+00 2.661866e+00 1.657084e+00 1.614286e+00 2.315704e+00 4.138028e+00 1.534708e+00 2.403240e+00 2.836703e+00 2.745423e+00 2.049120e+00 2.803401e+00 1.759081e+00 2.081448e+00 2.788829e+00 2.790186e+00 1.932596e+00 1.909859e+00 2.736240e+00 1.909859e+00 1.579307e+00 1.249834e+00 1.671127e+00 1.671127e+00 2.034910e+00 1.655211e+00 2.652582e+00 1.692830e+00 1.671127e+00 2.556747e+00 2.767804e+00 2.588755e+00 1.649424e+00 1.878028e+00 2.884683e+00 1.680309e+00 2.939393e+00 1.812196e+00 2.641459e+00 2.310314e+00 1.951378e+00 1.616870e+00 2.181146e+00 2.939945e+00 1.692830e+00 1.924780e+00 2.785212e+00 1.870071e+00 1.627721e+00 2.524595e+00 1.454097e+00 1.730810e+00 3.819719e+00 2.745423e+00 1.850176e+00 1.803756e+00 1.686048e+00 1.727299e+00 2.466902e+00 1.744583e+00 2.793170e+00 1.834470e+00 1.796776e+00 1.756388e+00 1.634399e+00 2.886492e+00 1.888156e+00 2.688881e+00 2.653340e+00 1.969542e+00 1.909859e+00 1.841650e+00 1.770599e+00 1.415342e+00 1.875755e+00 1.818914e+00 1.866453e+00 2.012173e+00 1.864386e+00 1.966700e+00 1.336902e+00 1.777230e+00 1.995121e+00 1.432394e+00 2.864789e+00 1.939701e+00 3.168630e+00 2.111864e+00 1.700968e+00 2.257106e+00 2.895928e+00
1.850176e+00 2.546479e+00 1.432394e+00 2.307747e+00 nan 2.591952e+00 2.387324e+00 1.790493e+00 2.387324e+00 2.387324e+00 2.626056e+00 1.273240e+00 3.282570e+00 2.793169e+00 2.573005e+00 2.973304e+00 2.327641e+00 1.313028e+00 1.850176e+00 2.267958e+00 1.790493e+00 4.297184e+00 nan 2.100845e+00 2.363451e+00 2.188380e+00 2.712868e+00 1.909859e+00 3.103521e+00 9.549295e-01 1.591549e+00 1.943964e+00 4.535916e+00 1.909859e+00 1.432394e+00 2.182696e+00 1.568813e+00 1.551761e+00 2.029225e+00 1.671127e+00 2.267958e+00 2.319115e+00 2.626057e+00 2.665845e+00 1.750704e+00 2.546479e+00 2.936409e+00 2.864789e+00 2.387324e+00 1.623380e+00 1.850176e+00 2.785212e+00 1.730810e+00 3.137626e+00 9.549296e-01 2.029225e+00 2.235403e+00 1.850176e+00 2.291831e+00 2.148591e+00 3.624392e+00 2.088909e+00 2.080383e+00 2.148592e+00 9.549295e-01 1.870070e+00 2.427113e+00 1.074296e+00 2.148592e+00 nan 3.268798e+00 2.029225e+00 1.671127e+00 1.193662e+00 1.480141e+00 1.989437e+00 1.627721e+00 2.984155e+00 2.148592e+00 1.730810e+00 1.671127e+00 1.909860e+00 2.705634e+00 3.103521e+00 3.760036e+00 2.291831e+00 2.506690e+00 1.875755e+00 1.766620e+00 2.148592e+00 1.591549e+00 1.671127e+00 1.909859e+00 1.830282e+00 2.785212e+00 2.466902e+00 1.671127e+00 1.814366e+00 2.148592e+00 1.352817e+00 1.074296e+00 2.932998e+00 1.671127e+00 2.785212e+00 1.352817e+00 1.671127e+00 3.819719e+00 2.506690e+00
nan nan nan nan nan nan nan nan nan nan nan nan nan 2.864789e+00 nan nan nan nan nan nan nan nan nan 1.432394e+00 nan nan nan nan nan nan nan nan nan nan 9.549297e-01 nan nan nan 1.432394e+00 nan nan nan nan 3.342254e+00 nan nan nan nan nan nan nan nan nan nan nan nan nan 1.671127e+00 2.148592e+00 2.864789e+00 nan 2.387324e+00 1.671127e+00 nan 1.432394e+00 nan 4.058451e+00 nan nan nan 3.461620e+00 nan nan 2.864789e+00 1.551760e+00 nan nan nan nan nan nan nan nan nan nan 1.909859e+00 nan nan 1.671127e+00 nan nan nan 8.355632e-01 nan nan nan nan nan nan 1.671127e+00 2.864789e+00 nan nan nan nan 4.774648e-01 nan 2.387324e+00
