# Version 0.0
# Data /lustre/isaac24/proj/UTK0244/cbaillar/Bayes_HEP/Detroit_tune_Project/input/Data/Data__900__ppbar__CDF_2015_I1388868__d14-x01-y01.dat
# Observable: {$(1/N_\mathrm{events})\; dp^{\mathrm{sum}}_\mathrm{T}\,/d\eta\, d\phi$ [GeV]}
# Subobservable: {$p_\mathrm{T}^{\mathrm{max}}$ [GeV]}
# Design Design_Rivet.dat
# design_point1 design_point2 design_point3 design_point4 design_point5 design_point6 design_point7 design_point8 design_point9 design_point10 design_point11 design_point12 design_point13 design_point14 design_point15 design_point16 design_point17 design_point18 design_point19 design_point20 design_point21 design_point22 design_point23 design_point24 design_point25 design_point26 design_point27 design_point28 design_point29 design_point30 design_point31 design_point32 design_point33 design_point34 design_point35 design_point36 design_point37 design_point38 design_point39 design_point40 design_point41 design_point42 design_point43 design_point44 design_point45 design_point46 design_point47 design_point48 design_point49 design_point50 design_point51 design_point52 design_point53 design_point54 design_point55 design_point56 design_point57 design_point58 design_point59 design_point60 design_point61 design_point62 design_point63 design_point64 design_point65 design_point66 design_point67 design_point68 design_point69 design_point70 design_point71 design_point72 design_point73 design_point74 design_point75 design_point76 design_point77 design_point78 design_point79 design_point80 design_point81 design_point82 design_point83 design_point84 design_point85 design_point86 design_point87 design_point88 design_point89 design_point90 design_point91 design_point92 design_point93 design_point94 design_point95 design_point96 design_point97 design_point98 design_point99 design_point100 design_point101 design_point102 design_point103 design_point104 design_point105 design_point106 design_point107 design_point108
4.912475e-03 7.448586e-03 4.499511e-03 1.317284e-02 7.793098e-03 1.147538e-02 1.684917e-02 4.942122e-03 7.006605e-03 8.480234e-03 1.679797e-02 5.357249e-03 1.342124e-02 1.539583e-02 1.254688e-02 1.599432e-02 1.096447e-02 9.486343e-03 1.513413e-02 5.422370e-03 5.827936e-03 1.705076e-02 1.544692e-02 5.023314e-03 1.248599e-02 1.484820e-02 8.394919e-03 4.629601e-03 1.493662e-02 4.356765e-03 1.107350e-02 6.306054e-03 2.221516e-02 4.836720e-03 9.308120e-03 1.505671e-02 5.809325e-03 6.019217e-03 5.639988e-03 5.845437e-03 5.540243e-03 9.303892e-03 4.883901e-03 1.555229e-02 5.109189e-03 4.830796e-03 5.263377e-03 1.412053e-02 1.142143e-02 5.517283e-03 6.973022e-03 1.231856e-02 1.046771e-02 1.521545e-02 4.249510e-03 1.102732e-02 1.315726e-02 4.843434e-03 4.370484e-03 1.356970e-02 1.182624e-02 6.999493e-03 5.472188e-03 1.556426e-02 1.123166e-02 4.924642e-03 1.508632e-02 5.333554e-03 5.005809e-03 1.875951e-02 1.432405e-02 8.689327e-03 9.114905e-03 5.237601e-03 4.925881e-03 1.384776e-02 4.734450e-03 1.516769e-02 7.426311e-03 4.970000e-03 4.407104e-03 4.405151e-03 1.646172e-02 6.063535e-03 1.531201e-02 1.299109e-02 1.356589e-02 1.232768e-02 4.963595e-03 5.067443e-03 4.952732e-03 4.410946e-03 4.546826e-03 1.336080e-02 1.036207e-02 1.361532e-02 1.065092e-02 4.646832e-03 6.609702e-03 8.049759e-03 6.205602e-03 1.544916e-02 4.987178e-03 1.670007e-02 5.271492e-03 5.527394e-03 1.578346e-02 1.355206e-02
1.961949e-02 3.525723e-02 1.728362e-02 8.548933e-02 5.265212e-02 7.998949e-02 1.463483e-01 1.991534e-02 3.122468e-02 4.184717e-02 1.405063e-01 2.202294e-02 9.220549e-02 1.300883e-01 9.852974e-02 1.325496e-01 6.358503e-02 9.501686e-02 1.283428e-01 2.250885e-02 2.491202e-02 1.453062e-01 1.300062e-01 1.993360e-02 9.922402e-02 1.194179e-01 5.281038e-02 1.820923e-02 1.252302e-01 1.673282e-02 5.789928e-02 3.127914e-02 1.944665e-01 1.940561e-02 5.295501e-02 1.261790e-01 2.774332e-02 2.569337e-02 2.322839e-02 2.472515e-02 2.313921e-02 4.690215e-02 1.943991e-02 1.370789e-01 2.064640e-02 1.902781e-02 4.337563e-02 1.109656e-01 7.404926e-02 2.351621e-02 3.077135e-02 7.869859e-02 5.333880e-02 1.221260e-01 1.605852e-02 6.392906e-02 8.451564e-02 1.941398e-02 1.665641e-02 1.018160e-01 1.061038e-01 3.099143e-02 2.312488e-02 1.278671e-01 6.574492e-02 1.974247e-02 1.267071e-01 2.229803e-02 2.022011e-02 1.498565e-01 1.125668e-01 4.084979e-02 4.505643e-02 2.126646e-02 1.978627e-02 1.050662e-01 1.943188e-02 1.309571e-01 3.303757e-02 2.110420e-02 1.692667e-02 1.709895e-02 1.385729e-01 3.466372e-02 1.287485e-01 9.713367e-02 9.453938e-02 7.650244e-02 1.996943e-02 2.155994e-02 1.994238e-02 1.719639e-02 1.797326e-02 8.672079e-02 5.168587e-02 9.532690e-02 5.996682e-02 1.827713e-02 3.807438e-02 3.771902e-02 2.897129e-02 1.309472e-01 2.009599e-02 1.375813e-01 2.158748e-02 2.308154e-02 1.338050e-01 1.087930e-01
3.036023e-02 6.372880e-02 2.598872e-02 1.871482e-01 1.210707e-01 1.918751e-01 4.348691e-01 3.109192e-02 5.078398e-02 7.763534e-02 3.718366e-01 3.571234e-02 2.141956e-01 3.839396e-01 3.097526e-01 3.772710e-01 1.310462e-01 3.673997e-01 3.866095e-01 3.564994e-02 4.161914e-02 3.970124e-01 3.747102e-01 3.093015e-02 2.606411e-01 3.514140e-01 1.288826e-01 2.847563e-02 3.763944e-01 2.514193e-02 1.116854e-01 7.251582e-02 4.827995e-01 2.984396e-02 1.215763e-01 3.801969e-01 5.034124e-02 4.213789e-02 3.657644e-02 4.077194e-02 3.747995e-02 8.711281e-02 2.979271e-02 4.015800e-01 3.284531e-02 2.952445e-02 1.698923e-01 3.059392e-01 1.931528e-01 3.903863e-02 5.119575e-02 2.077306e-01 9.818283e-02 3.510747e-01 2.373367e-02 1.326563e-01 1.893136e-01 3.027480e-02 2.466120e-02 2.598683e-01 3.665591e-01 5.101525e-02 3.723623e-02 3.434699e-01 1.315257e-01 3.077475e-02 3.730034e-01 3.563525e-02 3.184735e-02 3.521694e-01 3.169074e-01 7.025684e-02 8.238129e-02 3.393073e-02 3.110568e-02 2.707307e-01 3.141725e-02 4.020747e-01 5.450703e-02 3.523537e-02 2.592639e-02 2.592343e-02 3.879855e-01 9.508357e-02 3.887552e-01 2.537138e-01 2.208303e-01 1.557722e-01 3.142621e-02 3.556090e-02 3.112590e-02 2.602810e-02 2.819966e-02 1.871998e-01 9.493476e-02 2.224981e-01 1.201382e-01 2.838073e-02 7.968851e-02 6.673773e-02 5.207486e-02 3.813938e-01 3.214016e-02 3.871258e-01 3.446885e-02 3.751727e-02 3.867177e-01 3.158743e-01
3.655838e-02 8.266896e-02 2.981830e-02 2.676004e-01 1.729813e-01 2.875963e-01 7.098492e-01 3.713108e-02 6.194011e-02 1.015974e-01 5.648591e-01 4.292549e-02 3.164655e-01 6.360534e-01 5.731604e-01 6.147553e-01 1.795077e-01 6.741339e-01 6.526453e-01 4.305570e-02 5.082535e-02 6.128462e-01 6.014449e-01 3.701799e-02 4.070711e-01 6.140014e-01 1.990816e-01 3.328771e-02 6.439429e-01 2.925406e-02 1.483521e-01 1.271941e-01 6.846945e-01 3.537417e-02 1.910260e-01 6.462252e-01 6.448547e-02 5.122360e-02 4.375596e-02 5.000199e-02 4.495622e-02 1.141312e-01 3.553727e-02 6.508916e-01 3.932995e-02 3.583729e-02 3.417046e-01 4.969825e-01 3.717709e-01 4.753731e-02 6.239879e-02 4.066340e-01 1.239109e-01 5.825416e-01 2.794435e-02 1.842484e-01 2.741523e-01 3.610869e-02 2.892866e-02 4.046822e-01 6.771590e-01 6.230218e-02 4.533399e-02 5.260361e-01 1.757439e-01 3.652676e-02 6.250834e-01 4.325252e-02 3.881383e-02 4.951679e-01 5.218704e-01 8.705745e-02 1.056308e-01 4.105600e-02 3.758532e-02 4.208975e-01 3.784490e-02 6.844380e-01 6.661535e-02 4.337091e-02 3.059365e-02 3.055270e-02 6.154368e-01 1.748965e-01 6.583787e-01 4.016648e-01 3.243118e-01 2.065712e-01 3.766099e-02 4.463580e-02 3.691900e-02 3.127554e-02 3.373040e-02 2.645106e-01 1.228879e-01 3.285413e-01 1.630777e-01 3.375876e-02 1.108765e-01 8.450809e-02 6.583220e-02 6.298130e-01 3.867707e-02 6.236972e-01 4.090547e-02 4.543448e-02 6.273587e-01 5.472793e-01
4.010124e-02 9.330734e-02 3.294635e-02 3.163083e-01 2.036862e-01 3.490144e-01 8.939361e-01 4.041466e-02 6.688849e-02 1.143783e-01 6.867242e-01 4.609638e-02 3.808384e-01 8.100969e-01 7.850651e-01 7.760552e-01 2.086958e-01 8.794907e-01 8.417768e-01 4.756685e-02 5.536442e-02 7.477833e-01 7.560162e-01 4.019167e-02 5.047246e-01 8.177091e-01 2.466099e-01 3.660829e-02 8.441542e-01 3.292943e-02 1.696037e-01 1.762630e-01 7.942500e-01 3.979390e-02 2.439943e-01 8.357135e-01 7.084690e-02 5.642051e-02 4.692055e-02 5.478267e-02 4.983745e-02 1.300265e-01 3.868438e-02 8.205173e-01 4.268127e-02 3.880823e-02 4.628918e-01 6.311882e-01 5.847584e-01 5.238815e-02 6.888350e-02 6.289151e-01 1.371219e-01 7.471554e-01 2.999190e-02 2.141633e-01 3.269070e-01 4.033962e-02 3.241011e-02 5.042487e-01 9.127340e-01 6.788896e-02 4.973786e-02 6.362834e-01 1.979612e-01 3.951389e-02 8.030829e-01 4.708010e-02 4.181663e-02 5.783561e-01 6.658342e-01 9.542032e-02 1.183283e-01 4.486791e-02 4.083814e-02 5.230296e-01 4.137894e-02 8.853044e-01 7.092822e-02 4.807155e-02 3.318197e-02 3.356585e-02 7.651123e-01 2.379372e-01 8.516966e-01 5.017120e-01 3.909216e-01 2.307304e-01 4.137904e-02 4.769995e-02 4.063310e-02 3.425698e-02 3.685229e-02 3.082599e-01 1.358422e-01 3.976289e-01 1.884434e-01 3.630229e-02 1.281692e-01 9.354749e-02 7.430227e-02 8.009865e-01 4.179713e-02 7.787223e-01 4.499097e-02 5.023985e-02 7.909813e-01 7.411703e-01
4.221747e-02 9.751362e-02 3.425032e-02 3.441983e-01 2.188790e-01 3.805151e-01 1.002787e+00 4.305748e-02 6.815943e-02 1.210058e-01 7.558988e-01 4.981014e-02 4.150290e-01 9.151791e-01 9.203542e-01 8.685628e-01 2.251183e-01 9.936200e-01 9.536569e-01 5.042763e-02 5.909191e-02 8.290326e-01 8.481066e-01 4.209596e-02 5.584488e-01 9.392982e-01 2.725301e-01 3.792807e-02 9.626302e-01 3.488483e-02 1.779915e-01 2.091189e-01 8.500262e-01 4.108161e-02 2.766470e-01 9.498870e-01 7.362347e-02 5.909779e-02 5.138164e-02 5.870354e-02 5.157616e-02 1.349894e-01 4.080367e-02 9.191864e-01 4.454500e-02 4.184155e-02 5.326831e-01 7.087880e-01 7.712138e-01 5.572484e-02 7.069567e-02 8.129053e-01 1.457660e-01 8.462148e-01 3.320494e-02 2.304301e-01 3.568760e-01 4.130060e-02 3.338819e-02 5.602890e-01 1.062084e+00 7.121895e-02 5.289777e-02 6.950064e-01 2.055980e-01 4.244040e-02 9.119083e-01 4.856279e-02 4.545830e-02 6.209425e-01 7.551923e-01 9.888514e-02 1.224138e-01 4.796548e-02 4.387135e-02 5.766397e-01 4.522511e-02 1.004514e+00 7.541530e-02 5.148083e-02 3.584410e-02 3.546721e-02 8.527649e-01 2.791074e-01 9.679884e-01 5.608775e-01 4.286414e-01 2.439609e-01 4.220046e-02 5.190691e-02 4.257637e-02 3.671654e-02 3.964568e-02 3.309929e-01 1.428903e-01 4.323400e-01 2.009917e-01 3.861133e-02 1.354007e-01 1.009203e-01 7.827840e-02 9.035355e-01 4.520673e-02 8.669944e-01 4.645768e-02 5.204807e-02 8.897067e-01 8.759101e-01
4.249393e-02 1.018645e-01 3.738264e-02 3.506419e-01 2.245522e-01 3.974149e-01 1.055565e+00 4.582071e-02 7.282727e-02 1.276904e-01 7.918477e-01 5.365285e-02 4.280324e-01 9.598517e-01 9.897210e-01 9.199789e-01 2.328813e-01 1.053385e+00 1.018568e+00 5.092386e-02 6.306554e-02 8.667539e-01 8.919224e-01 4.406371e-02 5.851304e-01 1.008905e+00 2.828772e-01 3.895811e-02 1.031910e+00 3.447316e-02 1.808004e-01 2.235820e-01 8.635145e-01 4.233152e-02 2.895439e-01 1.018379e+00 7.742820e-02 6.084176e-02 5.204795e-02 5.882834e-02 5.433035e-02 1.374662e-01 4.189221e-02 9.781700e-01 4.736015e-02 4.347519e-02 5.596298e-01 7.448085e-01 8.938427e-01 5.478810e-02 7.269995e-02 9.297662e-01 1.444940e-01 8.972343e-01 3.420682e-02 2.325683e-01 3.661437e-01 4.283021e-02 3.539446e-02 5.889192e-01 1.142112e+00 7.337675e-02 5.437063e-02 7.258423e-01 2.143579e-01 4.599133e-02 9.659137e-01 5.108565e-02 4.515261e-02 6.506137e-01 7.993682e-01 1.001300e-01 1.253026e-01 4.622979e-02 4.614436e-02 6.036181e-01 4.602531e-02 1.067414e+00 7.525012e-02 5.275447e-02 3.840909e-02 3.749873e-02 8.997447e-01 2.909935e-01 1.031340e+00 5.923052e-01 4.427072e-01 2.425467e-01 4.437835e-02 5.283939e-02 4.479551e-02 3.923531e-02 3.936197e-02 3.400831e-01 1.469021e-01 4.485874e-01 2.006146e-01 4.153540e-02 1.348441e-01 1.033854e-01 8.147532e-02 9.596388e-01 4.547699e-02 9.074240e-01 5.081764e-02 5.509120e-02 9.410496e-01 9.564113e-01
4.526469e-02 1.021873e-01 3.826308e-02 3.505448e-01 2.250025e-01 4.047177e-01 1.084213e+00 4.565025e-02 7.511396e-02 1.202026e-01 8.111507e-01 5.098430e-02 4.307980e-01 9.900121e-01 1.025315e+00 9.345970e-01 2.257577e-01 1.076095e+00 1.045539e+00 5.338040e-02 6.396912e-02 8.850806e-01 9.217999e-01 4.479710e-02 5.939939e-01 1.029643e+00 2.772993e-01 4.491770e-02 1.073797e+00 3.570819e-02 1.861200e-01 2.256302e-01 8.658288e-01 4.340197e-02 2.895704e-01 1.042205e+00 7.774673e-02 6.186766e-02 5.060066e-02 6.256743e-02 5.685890e-02 1.401672e-01 4.328368e-02 1.002739e+00 4.621283e-02 4.524114e-02 5.531853e-01 7.654768e-01 9.482976e-01 5.894293e-02 7.248347e-02 9.875989e-01 1.454106e-01 9.200393e-01 3.625738e-02 2.394312e-01 3.701115e-01 4.728006e-02 3.487077e-02 5.965079e-01 1.179009e+00 7.575578e-02 5.654263e-02 7.396075e-01 2.122646e-01 4.791578e-02 9.982652e-01 5.371158e-02 4.592806e-02 6.463336e-01 8.072160e-01 1.027234e-01 1.270459e-01 5.074735e-02 4.686882e-02 6.090315e-01 4.778569e-02 1.091957e+00 7.920401e-02 5.545350e-02 4.058417e-02 4.063620e-02 9.190338e-01 2.880623e-01 1.058352e+00 5.912158e-01 4.434857e-01 2.423841e-01 4.437514e-02 5.413772e-02 4.588263e-02 3.993664e-02 4.375829e-02 3.412879e-01 1.482129e-01 4.488583e-01 2.026278e-01 4.329869e-02 1.404269e-01 1.055111e-01 8.152730e-02 9.725221e-01 4.579553e-02 9.167893e-01 5.061567e-02 5.561553e-02 9.678529e-01 9.922283e-01
4.398481e-02 1.033926e-01 4.103515e-02 3.567513e-01 2.228733e-01 3.990108e-01 1.075149e+00 4.939491e-02 7.750270e-02 1.239039e-01 8.156875e-01 5.508447e-02 4.320952e-01 9.841337e-01 1.029479e+00 9.312596e-01 2.255454e-01 1.058284e+00 1.054399e+00 5.539208e-02 6.326304e-02 8.981173e-01 9.208388e-01 5.010494e-02 5.892019e-01 1.034347e+00 2.865536e-01 4.458571e-02 1.078359e+00 3.630567e-02 1.833526e-01 2.256187e-01 8.655011e-01 4.417065e-02 2.789437e-01 1.053048e+00 7.490674e-02 6.512849e-02 5.245966e-02 6.660625e-02 5.813408e-02 1.417636e-01 4.492366e-02 9.999832e-01 4.894094e-02 4.438763e-02 5.435903e-01 7.651042e-01 9.838623e-01 6.167173e-02 7.519750e-02 1.011153e+00 1.499582e-01 9.256881e-01 3.772854e-02 2.283790e-01 3.727358e-01 4.495499e-02 3.896249e-02 5.897748e-01 1.196963e+00 7.952595e-02 5.759199e-02 7.304357e-01 2.052767e-01 4.721398e-02 1.009117e+00 5.596787e-02 4.881313e-02 6.392513e-01 8.220858e-01 1.037602e-01 1.297204e-01 4.997985e-02 4.626636e-02 6.143241e-01 5.223129e-02 1.108751e+00 7.854173e-02 5.807067e-02 3.903891e-02 4.123530e-02 9.316111e-01 2.816501e-01 1.076654e+00 5.985425e-01 4.489227e-01 2.401755e-01 4.490635e-02 5.694017e-02 4.997740e-02 4.169049e-02 4.126506e-02 3.326790e-01 1.428526e-01 4.512086e-01 2.035714e-01 4.331175e-02 1.392530e-01 1.008538e-01 8.153020e-02 9.772275e-01 4.513764e-02 9.167723e-01 5.099453e-02 6.240546e-02 9.720896e-01 1.014636e+00
4.685625e-02 1.070071e-01 4.480030e-02 3.473093e-01 2.136317e-01 3.850196e-01 1.091538e+00 4.979066e-02 8.344261e-02 1.230397e-01 8.044966e-01 5.544542e-02 4.295072e-01 9.713581e-01 1.018570e+00 9.222680e-01 2.310253e-01 1.062887e+00 1.051860e+00 5.479129e-02 6.943778e-02 8.926856e-01 9.038751e-01 5.216786e-02 5.738202e-01 1.022243e+00 2.750647e-01 4.642536e-02 1.062074e+00 4.080713e-02 1.845802e-01 2.138011e-01 8.498962e-01 4.874544e-02 2.838035e-01 1.045518e+00 8.073744e-02 6.508768e-02 6.003832e-02 6.489574e-02 6.410111e-02 1.377838e-01 4.583676e-02 9.805882e-01 5.206806e-02 4.622909e-02 5.422103e-01 7.503422e-01 9.635743e-01 6.108714e-02 7.746762e-02 9.972041e-01 1.487348e-01 9.081634e-01 4.337853e-02 2.340203e-01 3.518124e-01 4.841357e-02 4.088191e-02 5.766462e-01 1.190538e+00 8.214814e-02 6.372435e-02 7.097739e-01 2.087309e-01 5.515510e-02 9.799384e-01 5.790362e-02 5.333277e-02 6.260632e-01 7.991134e-01 1.023775e-01 1.308705e-01 5.365519e-02 4.723252e-02 5.977625e-01 4.966911e-02 1.110584e+00 8.485046e-02 5.516484e-02 4.367863e-02 4.097608e-02 9.128023e-01 2.756901e-01 1.051300e+00 5.759910e-01 4.404432e-01 2.544214e-01 5.726121e-02 5.788079e-02 4.765056e-02 4.083016e-02 4.589315e-02 3.418800e-01 1.523616e-01 4.403262e-01 2.020293e-01 4.515848e-02 1.454858e-01 1.062302e-01 8.285788e-02 9.755262e-01 5.393751e-02 8.921268e-01 5.781611e-02 6.336836e-02 9.564300e-01 9.954783e-01
5.032629e-02 1.104786e-01 4.651845e-02 3.490232e-01 2.330066e-01 3.772588e-01 1.049616e+00 5.576060e-02 8.335730e-02 1.386776e-01 7.921050e-01 5.896075e-02 4.109604e-01 9.273776e-01 9.444178e-01 8.724139e-01 2.198734e-01 1.027831e+00 1.025138e+00 6.454779e-02 6.011345e-02 8.274545e-01 8.693056e-01 5.298588e-02 5.589406e-01 9.770805e-01 2.669399e-01 5.144513e-02 1.019475e+00 4.355574e-02 1.790316e-01 1.974694e-01 8.083295e-01 5.002423e-02 2.714066e-01 1.015575e+00 8.148908e-02 7.320075e-02 5.984707e-02 7.409234e-02 6.529193e-02 1.383970e-01 5.118104e-02 9.644018e-01 6.311635e-02 5.932152e-02 4.942769e-01 7.281596e-01 9.122201e-01 6.537880e-02 7.942303e-02 9.269496e-01 1.403620e-01 8.865797e-01 3.747600e-02 2.295930e-01 3.705024e-01 5.331564e-02 4.444560e-02 5.677422e-01 1.139198e+00 8.774873e-02 7.155277e-02 7.049394e-01 2.124785e-01 5.312900e-02 9.559857e-01 5.602676e-02 4.792605e-02 6.161623e-01 7.753971e-01 9.982212e-02 1.334286e-01 5.421953e-02 5.183583e-02 5.875942e-01 5.954882e-02 1.063754e+00 8.098566e-02 6.864820e-02 4.533860e-02 4.212900e-02 8.768234e-01 2.708033e-01 1.028318e+00 5.656542e-01 4.242098e-01 2.420541e-01 5.369847e-02 6.834755e-02 6.060856e-02 4.200417e-02 5.002849e-02 3.259269e-01 1.573643e-01 4.366886e-01 2.145397e-01 4.719030e-02 1.459541e-01 1.191989e-01 8.725148e-02 9.414015e-01 5.063208e-02 8.858499e-01 5.794163e-02 6.285927e-02 9.147078e-01 9.791168e-01
6.229422e-02 1.083124e-01 5.467057e-02 3.589490e-01 2.043602e-01 3.674503e-01 9.898565e-01 4.772030e-02 8.171174e-02 1.283728e-01 6.782478e-01 6.771977e-02 4.228106e-01 8.785333e-01 9.584283e-01 8.565171e-01 2.343977e-01 9.739431e-01 9.898890e-01 5.460723e-02 6.769355e-02 8.234204e-01 7.987736e-01 6.528830e-02 5.874728e-01 9.476626e-01 2.423973e-01 5.598608e-02 9.807982e-01 4.424572e-02 1.975385e-01 1.839789e-01 8.452450e-01 4.931105e-02 2.638136e-01 1.003089e+00 9.290487e-02 7.121359e-02 7.493371e-02 7.677655e-02 6.148912e-02 1.565802e-01 6.522284e-02 9.150455e-01 6.163890e-02 5.507877e-02 4.887039e-01 6.809653e-01 8.724064e-01 6.778392e-02 9.105955e-02 8.921430e-01 1.620016e-01 8.998313e-01 4.959461e-02 2.608050e-01 3.421098e-01 4.737332e-02 4.673500e-02 5.502357e-01 1.141376e+00 9.856732e-02 5.574517e-02 6.328145e-01 2.010807e-01 5.850151e-02 8.994394e-01 6.632546e-02 6.737066e-02 4.919819e-01 7.543024e-01 1.211133e-01 1.306081e-01 5.918858e-02 5.025773e-02 5.643368e-01 6.133868e-02 1.045279e+00 8.724474e-02 6.000765e-02 4.708163e-02 4.050544e-02 8.413745e-01 2.678248e-01 9.936102e-01 5.611004e-01 4.153898e-01 2.630856e-01 5.485678e-02 6.809518e-02 5.708834e-02 4.176312e-02 5.016161e-02 3.381303e-01 1.476605e-01 4.208625e-01 2.123905e-01 4.670752e-02 1.396838e-01 1.093525e-01 9.640114e-02 9.489125e-01 5.495483e-02 8.385543e-01 6.911113e-02 5.840975e-02 9.499991e-01 9.234239e-01
5.590677e-02 1.103863e-01 6.128827e-02 3.411253e-01 2.333372e-01 3.632435e-01 1.048359e+00 6.019819e-02 8.914697e-02 1.227284e-01 7.076863e-01 7.212776e-02 3.971137e-01 8.850480e-01 8.742227e-01 8.618485e-01 2.371361e-01 9.530811e-01 9.941381e-01 8.241513e-02 6.587607e-02 7.501572e-01 8.453494e-01 6.160821e-02 5.491663e-01 8.806920e-01 2.668831e-01 5.842645e-02 9.605735e-01 4.726396e-02 1.966982e-01 2.049490e-01 8.020111e-01 5.960936e-02 2.558849e-01 9.345798e-01 8.587197e-02 6.843411e-02 7.028335e-02 7.462836e-02 7.795794e-02 1.573205e-01 4.966630e-02 8.588859e-01 6.432303e-02 6.678988e-02 4.998037e-01 6.872116e-01 8.154457e-01 6.676681e-02 8.863130e-02 8.418120e-01 1.617294e-01 8.144363e-01 4.856556e-02 2.239506e-01 3.790192e-01 6.027215e-02 4.165020e-02 5.146627e-01 1.107073e+00 7.327076e-02 7.220464e-02 6.148584e-01 2.075261e-01 6.437815e-02 9.221108e-01 6.286078e-02 5.027129e-02 6.608300e-01 7.587300e-01 1.082707e-01 1.229245e-01 7.464404e-02 4.733830e-02 5.596944e-01 5.707718e-02 1.037271e+00 9.351864e-02 5.763419e-02 5.593909e-02 5.992450e-02 8.403280e-01 2.303024e-01 1.015959e+00 5.362422e-01 4.318142e-01 2.382066e-01 7.011858e-02 6.527547e-02 5.656273e-02 5.092900e-02 4.467115e-02 3.742333e-01 1.608300e-01 4.038958e-01 2.276218e-01 5.050188e-02 1.534160e-01 1.187682e-01 9.311499e-02 9.082287e-01 7.209451e-02 8.196141e-01 6.740049e-02 7.288161e-02 8.210935e-01 8.731942e-01
5.941959e-02 1.315724e-01 3.750151e-02 2.834080e-01 2.285374e-01 3.311246e-01 9.623334e-01 4.596429e-02 9.741204e-02 1.457532e-01 6.779207e-01 9.334253e-02 4.137365e-01 8.722830e-01 8.832829e-01 8.286423e-01 2.485413e-01 8.338755e-01 9.553522e-01 6.905132e-02 1.078581e-01 7.827624e-01 7.123604e-01 7.171289e-02 5.095844e-01 8.185266e-01 2.486206e-01 5.087162e-02 9.927361e-01 5.570797e-02 1.975163e-01 1.961998e-01 7.516008e-01 4.391371e-02 2.533267e-01 9.348608e-01 1.175687e-01 8.647704e-02 8.931757e-02 8.541680e-02 5.588586e-02 1.297415e-01 5.912643e-02 8.904377e-01 7.954601e-02 6.514586e-02 4.507959e-01 6.707813e-01 7.748094e-01 5.243153e-02 9.409075e-02 8.141703e-01 1.911814e-01 8.052408e-01 5.179515e-02 2.370434e-01 4.000826e-01 7.846738e-02 5.803169e-02 5.358452e-01 1.057739e+00 1.098226e-01 8.293309e-02 5.495951e-01 2.116185e-01 7.721563e-02 8.571986e-01 1.017262e-01 6.198779e-02 5.360060e-01 7.110617e-01 1.205501e-01 1.393720e-01 7.000895e-02 6.725683e-02 4.803903e-01 5.934516e-02 1.017849e+00 9.132628e-02 8.377386e-02 6.457130e-02 3.770099e-02 8.972527e-01 2.213864e-01 9.719678e-01 5.116844e-01 4.564396e-01 2.512568e-01 7.308235e-02 7.561973e-02 6.709345e-02 4.949056e-02 7.801559e-02 3.439777e-01 1.511712e-01 3.691334e-01 1.877731e-01 6.933529e-02 1.456780e-01 1.352084e-01 1.141005e-01 8.927147e-01 7.992563e-02 8.428443e-01 8.350191e-02 7.528744e-02 8.683903e-01 7.689024e-01
4.023340e-02 1.031169e-01 1.012121e-01 2.696870e-01 2.322402e-01 4.618455e-01 8.898378e-01 6.010844e-02 1.078813e-01 1.977327e-01 8.674331e-01 1.002281e-01 2.042935e-01 7.806848e-01 8.908251e-01 1.066248e+00 2.698774e-01 7.443551e-01 8.687964e-01 5.506378e-02 1.118716e-01 5.077640e-01 8.402338e-01 9.095268e-02 4.819860e-01 6.969173e-01 2.976484e-01 1.560743e-01 8.866169e-01 2.767111e-02 2.595992e-01 2.060133e-01 8.561889e-01 7.950295e-02 2.539750e-01 9.535976e-01 9.101342e-02 5.739485e-02 4.647965e-02 6.638478e-02 8.301532e-02 2.931159e-01 1.728895e-01 9.616782e-01 5.731222e-02 3.124545e-02 4.797770e-01 5.180556e-01 5.515389e-01 8.470195e-02 1.177012e-01 5.587364e-01 1.927668e-01 7.277944e-01 1.141136e-01 3.340702e-01 3.149088e-01 8.695008e-02 7.355822e-02 6.376554e-01 8.634114e-01 5.679165e-02 8.255020e-02 1.081945e+00 1.812465e-01 3.722636e-02 1.015229e+00 7.042885e-02 9.245121e-02 5.089585e-01 6.921544e-01 1.572853e-01 2.003032e-01 5.131135e-02 3.590074e-02 6.115170e-01 4.421684e-02 8.842031e-01 1.670687e-01 1.123734e-01 2.611286e-02 1.011870e-01 9.998842e-01 3.688477e-01 7.366758e-01 4.834345e-01 3.344696e-01 2.451969e-01 1.007181e-01 7.441818e-02 3.250583e-02 9.741003e-02 3.752551e-02 4.388220e-01 1.935144e-01 3.877461e-01 2.134253e-01 7.425004e-02 1.399009e-01 1.062737e-01 7.737222e-02 8.229025e-01 7.927319e-02 8.461610e-01 4.056341e-02 6.357628e-02 6.942592e-01 9.401920e-01
