# Version 0.0
# Data /lustre/isaac24/proj/UTK0244/cbaillar/Bayes_HEP/Detroit_tune_Project/input/Data/Data__200__pp__PHENIX_2025_I2820229__d02-x01-y05.dat
# Observable: $\frac{1}{N_{jet}}\frac{dN}{dz_g}$
# Subobservable: $z_g$
# Design Design_Rivet.dat
# design_point1 design_point2 design_point3 design_point4 design_point5 design_point6 design_point7 design_point8 design_point9 design_point10 design_point11 design_point12 design_point13 design_point14 design_point15 design_point16 design_point17 design_point18 design_point19 design_point20 design_point21 design_point22 design_point23 design_point24 design_point25 design_point26 design_point27 design_point28 design_point29 design_point30 design_point31 design_point32 design_point33 design_point34 design_point35 design_point36 design_point37 design_point38 design_point39 design_point40 design_point41 design_point42 design_point43 design_point44 design_point45 design_point46 design_point47 design_point48 design_point49 design_point50 design_point51 design_point52 design_point53 design_point54 design_point55 design_point56 design_point57 design_point58 design_point59 design_point60 design_point61 design_point62 design_point63 design_point64 design_point65 design_point66 design_point67 design_point68 design_point69 design_point70 design_point71 design_point72 design_point73 design_point74 design_point75 design_point76 design_point77 design_point78 design_point79 design_point80 design_point81 design_point82 design_point83 design_point84 design_point85 design_point86 design_point87 design_point88 design_point89 design_point90 design_point91 design_point92 design_point93 design_point94 design_point95 design_point96 design_point97 design_point98 design_point99 design_point100 design_point101 design_point102 design_point103 design_point104 design_point105 design_point106 design_point107 design_point108
1.110509e-02 1.112233e-02 1.112306e-02 1.108540e-02 1.114583e-02 1.107392e-02 1.107974e-02 1.110067e-02 1.111232e-02 1.111904e-02 1.107618e-02 1.113004e-02 1.119125e-02 1.108615e-02 1.109318e-02 1.107095e-02 1.108638e-02 1.110047e-02 1.121940e-02 1.574171e-02 1.566671e-02 1.591402e-02 3.574947e-01 1.571304e-02 1.572921e-02 1.576824e-02 1.568738e-02 1.111553e-02 1.108166e-02 1.112002e-02 1.107007e-02 1.112342e-02 1.109286e-02 1.115483e-02 1.111475e-02 1.535897e-02 1.127065e-02 1.109061e-02 1.119759e-02 1.112501e-02 1.112207e-02 1.111064e-02 1.112364e-02 1.106237e-02 1.108281e-02 1.111231e-02 1.573048e-02 1.565807e-02 1.570585e-02 1.570186e-02 1.574346e-02 1.593232e-02 1.594219e-02 1.564786e-02 1.111706e-02 1.572174e-02 1.567585e-02 1.567626e-02 1.567127e-02 1.580780e-02 1.570587e-02 1.564919e-02 1.585275e-02 6.028596e-01 1.570510e-02 1.573091e-02 1.573904e-02 1.565191e-02 1.572671e-02 4.500261e-01 1.572910e-02 1.574219e-02 1.110947e-02 1.582526e-02 1.570145e-02 1.566923e-02 1.566998e-02 1.561406e-02 1.582340e-02 1.579036e-02 1.571541e-02 7.864907e-03 6.909270e-02 1.574348e-02 1.566232e-02 1.567223e-02 1.572112e-02 1.572330e-02 1.572642e-02 1.589261e-02 9.080449e-03 1.137588e-02 1.110960e-02 1.113260e-02 1.595823e-02 1.568640e-02 1.570781e-02 1.565134e-02 1.585425e-02 1.110951e-02 1.567393e-02 1.565039e-02 1.574906e-02 1.574416e-02 1.584229e-02 1.573539e-02 1.230307e-01 1.581334e-02
9.891328e-03 9.901390e-03 9.916587e-03 9.893838e-03 9.891838e-03 9.888792e-03 9.929657e-03 9.871338e-03 9.898801e-03 9.891589e-03 9.910018e-03 9.890742e-03 9.983918e-03 9.893115e-03 9.922401e-03 9.930916e-03 9.884098e-03 9.875960e-03 1.000563e-02 1.402739e-02 1.400794e-02 1.424328e-02 2.954487e-01 1.399194e-02 1.402870e-02 1.410005e-02 1.400754e-02 9.886826e-03 9.926898e-03 9.885637e-03 9.906343e-03 9.917984e-03 9.880651e-03 9.936854e-03 9.921063e-03 1.372203e-02 1.003142e-02 9.880430e-03 9.985349e-03 9.914158e-03 9.911705e-03 9.917504e-03 9.891591e-03 9.886401e-03 9.887969e-03 9.887091e-03 1.402682e-02 1.398403e-02 1.398013e-02 1.397592e-02 1.401172e-02 1.421232e-02 1.423752e-02 1.403854e-02 9.914354e-03 1.406766e-02 1.401778e-02 1.400327e-02 1.392807e-02 1.415133e-02 1.401665e-02 1.393963e-02 1.410094e-02 5.095093e-01 1.398119e-02 1.404742e-02 1.404215e-02 1.400005e-02 1.396105e-02 4.044461e-01 1.407651e-02 1.399003e-02 9.922019e-03 1.407619e-02 1.393425e-02 1.396354e-02 1.396308e-02 1.400787e-02 1.410015e-02 1.404375e-02 1.394607e-02 6.979875e-03 6.178645e-02 1.402796e-02 1.402358e-02 1.397141e-02 1.398148e-02 1.403328e-02 1.396489e-02 1.409176e-02 8.074606e-03 1.009990e-02 9.901913e-03 9.920588e-03 1.420115e-02 1.397473e-02 1.399815e-02 1.394642e-02 1.405643e-02 9.868319e-03 1.399564e-02 1.406312e-02 1.402811e-02 1.401510e-02 1.409103e-02 1.397049e-02 1.116292e-01 1.418882e-02
8.931020e-03 8.911160e-03 8.913459e-03 8.962646e-03 8.912399e-03 8.955322e-03 8.965799e-03 8.921296e-03 8.884238e-03 8.927581e-03 8.950942e-03 8.939520e-03 9.017036e-03 8.958412e-03 8.963568e-03 8.979403e-03 8.905348e-03 8.956676e-03 9.071684e-03 1.260325e-02 1.261801e-02 1.288247e-02 2.809570e-01 1.261853e-02 1.266427e-02 1.271825e-02 1.266835e-02 8.958998e-03 8.969303e-03 8.902708e-03 8.957315e-03 8.957977e-03 8.890052e-03 8.965110e-03 8.903252e-03 1.251313e-02 9.064379e-03 8.925262e-03 8.971646e-03 8.904323e-03 8.930927e-03 8.918432e-03 8.930008e-03 8.947776e-03 8.891719e-03 8.917285e-03 1.262475e-02 1.268891e-02 1.265661e-02 1.258332e-02 1.262846e-02 1.283790e-02 1.280200e-02 1.265932e-02 8.910193e-03 1.268151e-02 1.268083e-02 1.264614e-02 1.257871e-02 1.279329e-02 1.268753e-02 1.254373e-02 1.272953e-02 4.557190e-01 1.260350e-02 1.258950e-02 1.270113e-02 1.261860e-02 1.260779e-02 4.092325e-01 1.271437e-02 1.261114e-02 8.931491e-03 1.273544e-02 1.260671e-02 1.264458e-02 1.258532e-02 1.264177e-02 1.269033e-02 1.264338e-02 1.261731e-02 6.321409e-03 5.556359e-02 1.261232e-02 1.268664e-02 1.265896e-02 1.263075e-02 1.259937e-02 1.262297e-02 1.273920e-02 7.272346e-03 9.095315e-03 8.929220e-03 8.936503e-03 1.283478e-02 1.262625e-02 1.262014e-02 1.256796e-02 1.269010e-02 8.956121e-03 1.261605e-02 1.269565e-02 1.265132e-02 1.268914e-02 1.272509e-02 1.261577e-02 1.032725e-01 1.279464e-02
8.199231e-03 8.208491e-03 8.203129e-03 8.232738e-03 8.206867e-03 8.231782e-03 8.242341e-03 8.193378e-03 8.177434e-03 8.215755e-03 8.243209e-03 8.217410e-03 8.269392e-03 8.255170e-03 8.226015e-03 8.280382e-03 8.196212e-03 8.203382e-03 8.332368e-03 1.164885e-02 1.155631e-02 1.184106e-02 2.576959e-01 1.156954e-02 1.167028e-02 1.172191e-02 1.164817e-02 8.227793e-03 8.263592e-03 8.177027e-03 8.224799e-03 8.216777e-03 8.211883e-03 8.218993e-03 8.169981e-03 1.155162e-02 8.343432e-03 8.176759e-03 8.246408e-03 8.179865e-03 8.177273e-03 8.210901e-03 8.177442e-03 8.243973e-03 8.171494e-03 8.197555e-03 1.163487e-02 1.170888e-02 1.161723e-02 1.158770e-02 1.157356e-02 1.178960e-02 1.172151e-02 1.170180e-02 8.205054e-03 1.169937e-02 1.171024e-02 1.160156e-02 1.153824e-02 1.173615e-02 1.165650e-02 1.155470e-02 1.165576e-02 5.095093e-01 1.155147e-02 1.162537e-02 1.172793e-02 1.159536e-02 1.158590e-02 3.566879e-01 1.172434e-02 1.160178e-02 8.187770e-03 1.167051e-02 1.154419e-02 1.161122e-02 1.156389e-02 1.168310e-02 1.166642e-02 1.160646e-02 1.154747e-02 5.797822e-03 5.182963e-02 1.161665e-02 1.167049e-02 1.164140e-02 1.164147e-02 1.162079e-02 1.157953e-02 1.169805e-02 6.664662e-03 8.353870e-03 8.179031e-03 8.206595e-03 1.175022e-02 1.164900e-02 1.160384e-02 1.155807e-02 1.166285e-02 8.199996e-03 1.158453e-02 1.167691e-02 1.160377e-02 1.168894e-02 1.162995e-02 1.157971e-02 9.483654e-02 1.176323e-02
7.679303e-03 7.674158e-03 7.696415e-03 7.715310e-03 7.698701e-03 7.707204e-03 7.708242e-03 7.674723e-03 7.660406e-03 7.706460e-03 7.747357e-03 7.697864e-03 7.776452e-03 7.735296e-03 7.726341e-03 7.733907e-03 7.657644e-03 7.714917e-03 7.810851e-03 1.085369e-02 1.088062e-02 1.110840e-02 2.435304e-01 1.083949e-02 1.091022e-02 1.097975e-02 1.090980e-02 7.695279e-03 7.748960e-03 7.700694e-03 7.699666e-03 7.704145e-03 7.701808e-03 7.697827e-03 7.675449e-03 1.084109e-02 7.819211e-03 7.697641e-03 7.722008e-03 7.686255e-03 7.676360e-03 7.714904e-03 7.703390e-03 7.710981e-03 7.656033e-03 7.660181e-03 1.087582e-02 1.092996e-02 1.088684e-02 1.085121e-02 1.091215e-02 1.103813e-02 1.102030e-02 1.095620e-02 7.701397e-03 1.096076e-02 1.091163e-02 1.083251e-02 1.081323e-02 1.100042e-02 1.095062e-02 1.083623e-02 1.092738e-02 4.557190e-01 1.083655e-02 1.088040e-02 1.093639e-02 1.082836e-02 1.085144e-02 2.882474e-01 1.102280e-02 1.085146e-02 7.687862e-03 1.093367e-02 1.082352e-02 1.089606e-02 1.086929e-02 1.092779e-02 1.091064e-02 1.086776e-02 1.082793e-02 5.429350e-03 4.857718e-02 1.085196e-02 1.093331e-02 1.095156e-02 1.087868e-02 1.086977e-02 1.089186e-02 1.096360e-02 6.261756e-03 7.827047e-03 7.662766e-03 7.717277e-03 1.103715e-02 1.090143e-02 1.086864e-02 1.079326e-02 1.096936e-02 7.690752e-03 1.086437e-02 1.092427e-02 1.086320e-02 1.092163e-02 1.092154e-02 1.086463e-02 8.954928e-02 1.101786e-02
7.354475e-03 7.339408e-03 7.352547e-03 7.347945e-03 7.321228e-03 7.340918e-03 7.363456e-03 7.305331e-03 7.355434e-03 7.350033e-03 7.372408e-03 7.381107e-03 7.405788e-03 7.374202e-03 7.394329e-03 7.396887e-03 7.330507e-03 7.360060e-03 7.425512e-03 1.038340e-02 1.037384e-02 1.060128e-02 2.347988e-01 1.038948e-02 1.044925e-02 1.050453e-02 1.042238e-02 7.363391e-03 7.386650e-03 7.327108e-03 7.364251e-03 7.370897e-03 7.343663e-03 7.381174e-03 7.332670e-03 1.034583e-02 7.453386e-03 7.305747e-03 7.379161e-03 7.360137e-03 7.322290e-03 7.353089e-03 7.342134e-03 7.367211e-03 7.312671e-03 7.332516e-03 1.039819e-02 1.040298e-02 1.045110e-02 1.035500e-02 1.034840e-02 1.052972e-02 1.050391e-02 1.044826e-02 7.347293e-03 1.042737e-02 1.047750e-02 1.034329e-02 1.028764e-02 1.047574e-02 1.049964e-02 1.035296e-02 1.047883e-02 5.009456e-01 1.034405e-02 1.040315e-02 1.045125e-02 1.033607e-02 1.033154e-02 3.014563e-01 1.049323e-02 1.039689e-02 7.337045e-03 1.047005e-02 1.031521e-02 1.041363e-02 1.031976e-02 1.039728e-02 1.044949e-02 1.037408e-02 1.034862e-02 5.178299e-03 4.664049e-02 1.039733e-02 1.040258e-02 1.044305e-02 1.038669e-02 1.041109e-02 1.039941e-02 1.041767e-02 5.964436e-03 7.489730e-03 7.317243e-03 7.345667e-03 1.054149e-02 1.043219e-02 1.039474e-02 1.029984e-02 1.041012e-02 7.333594e-03 1.038575e-02 1.045633e-02 1.040927e-02 1.041825e-02 1.043027e-02 1.032052e-02 8.207504e-02 1.054683e-02
7.136552e-03 7.092005e-03 7.132790e-03 7.133030e-03 7.098747e-03 7.123914e-03 7.145105e-03 7.096577e-03 7.110093e-03 7.123094e-03 7.116904e-03 7.118805e-03 7.188025e-03 7.155774e-03 7.163164e-03 7.120015e-03 7.086924e-03 7.141377e-03 7.226367e-03 1.008440e-02 1.002832e-02 1.028536e-02 2.182033e-01 1.007903e-02 1.012063e-02 1.016553e-02 1.013275e-02 7.147267e-03 7.168643e-03 7.108762e-03 7.132592e-03 7.128178e-03 7.144139e-03 7.129017e-03 7.109342e-03 1.000934e-02 7.229825e-03 7.102238e-03 7.139288e-03 7.143379e-03 7.130960e-03 7.133773e-03 7.126211e-03 7.171565e-03 7.082930e-03 7.114759e-03 1.006613e-02 1.010550e-02 1.009795e-02 1.002814e-02 1.006465e-02 1.023108e-02 1.019693e-02 1.011323e-02 7.136301e-03 1.014809e-02 1.010599e-02 1.004847e-02 1.003791e-02 1.017216e-02 1.014326e-02 1.008827e-02 1.015237e-02 4.160127e-01 1.001374e-02 1.005772e-02 1.014442e-02 1.003515e-02 1.003311e-02 3.014563e-01 1.021207e-02 1.007242e-02 7.134615e-03 1.011135e-02 1.002777e-02 1.007494e-02 1.002550e-02 1.010588e-02 1.011518e-02 1.007781e-02 1.004665e-02 5.024719e-03 4.509073e-02 1.005388e-02 1.010741e-02 1.009381e-02 1.012160e-02 1.010412e-02 1.005334e-02 1.016643e-02 5.802725e-03 7.283689e-03 7.112077e-03 7.145228e-03 1.025033e-02 1.007256e-02 1.007798e-02 1.002635e-02 1.011520e-02 7.143674e-03 1.003509e-02 1.011864e-02 1.008903e-02 1.013811e-02 1.008998e-02 1.004564e-02 8.322797e-02 1.018748e-02
6.994997e-03 6.995117e-03 6.991911e-03 7.011825e-03 7.003262e-03 7.002068e-03 6.996807e-03 6.950748e-03 6.994408e-03 6.987631e-03 7.015093e-03 6.996015e-03 7.076979e-03 7.046371e-03 7.051901e-03 7.039600e-03 6.984821e-03 6.998107e-03 7.104419e-03 9.895326e-03 9.823559e-03 1.010993e-02 2.153130e-01 9.894449e-03 9.937776e-03 9.998128e-03 9.939910e-03 7.008627e-03 7.045490e-03 6.998142e-03 7.005769e-03 7.003292e-03 6.998719e-03 7.016623e-03 7.008642e-03 9.819445e-03 7.081868e-03 6.966938e-03 7.040823e-03 6.987178e-03 6.985569e-03 7.021330e-03 7.014802e-03 7.049908e-03 6.988676e-03 6.980636e-03 9.903145e-03 9.950753e-03 9.892461e-03 9.907655e-03 9.893404e-03 1.005944e-02 1.003838e-02 9.966551e-03 6.995881e-03 9.968214e-03 9.942152e-03 9.886845e-03 9.842685e-03 1.000524e-02 9.957431e-03 9.869763e-03 9.956706e-03 3.222420e-01 9.862189e-03 9.884774e-03 9.944859e-03 9.800301e-03 9.882861e-03 2.904905e-01 9.979248e-03 9.899700e-03 7.005830e-03 1.000092e-02 9.856079e-03 9.903821e-03 9.868672e-03 9.926778e-03 9.974926e-03 9.875797e-03 9.891247e-03 4.945881e-03 4.446928e-02 9.890424e-03 9.952961e-03 9.939305e-03 9.899062e-03 9.941489e-03 9.893620e-03 1.000640e-02 5.717327e-03 7.118474e-03 6.998512e-03 7.002061e-03 1.003205e-02 9.898484e-03 9.885612e-03 9.893217e-03 9.947452e-03 6.983088e-03 9.884757e-03 9.946766e-03 9.932090e-03 9.950260e-03 9.951914e-03 9.892212e-03 8.149247e-02 1.004401e-02
