# Version 0.0
# Data /lustre/isaac24/proj/UTK0244/cbaillar/Bayes_HEP/Detroit_tune_Project/input/Data/Data__200__pp__PHENIX_2025_I2820229__d08-x01-y02.dat
# Observable: $\frac{1}{N_{jet}}\frac{dN}{rdr}$
# Subobservable: r
# Design Design_Rivet.dat
# design_point1 design_point2 design_point3 design_point4 design_point5 design_point6 design_point7 design_point8 design_point9 design_point10 design_point11 design_point12 design_point13 design_point14 design_point15 design_point16 design_point17 design_point18 design_point19 design_point20 design_point21 design_point22 design_point23 design_point24 design_point25 design_point26 design_point27 design_point28 design_point29 design_point30 design_point31 design_point32 design_point33 design_point34 design_point35 design_point36 design_point37 design_point38 design_point39 design_point40 design_point41 design_point42 design_point43 design_point44 design_point45 design_point46 design_point47 design_point48 design_point49 design_point50 design_point51 design_point52 design_point53 design_point54 design_point55 design_point56 design_point57 design_point58 design_point59 design_point60 design_point61 design_point62 design_point63 design_point64 design_point65 design_point66 design_point67 design_point68 design_point69 design_point70 design_point71 design_point72 design_point73 design_point74 design_point75 design_point76 design_point77 design_point78 design_point79 design_point80 design_point81 design_point82 design_point83 design_point84 design_point85 design_point86 design_point87 design_point88 design_point89 design_point90 design_point91 design_point92 design_point93 design_point94 design_point95 design_point96 design_point97 design_point98 design_point99 design_point100 design_point101 design_point102 design_point103 design_point104 design_point105 design_point106 design_point107 design_point108
7.460591e+02 1.019952e+03 6.380631e+02 7.284614e+02 6.446248e+02 6.335414e+02 6.482849e+02 6.458761e+02 6.542519e+02 6.420204e+02 6.372177e+02 6.466593e+02 6.347906e+02 7.946316e+02 6.368079e+02 6.362104e+02 6.418967e+02 6.567865e+02 6.430553e+02 6.497224e+02 6.483468e+02 6.435658e+02 6.812673e+02 7.934110e+02 6.446464e+02 6.339664e+02 6.450823e+02 6.447380e+02 6.436119e+02 6.422487e+02 6.456986e+02 6.447513e+02 1.962451e+03 6.446754e+02 6.428837e+02 6.569837e+02 6.394908e+02 6.474482e+02 6.439976e+02 6.400307e+02 6.579991e+02 1.025210e+03 6.475637e+02 6.402892e+02 6.515197e+02 6.569226e+02 6.452560e+02 6.355400e+02 6.369175e+02 6.500522e+02 6.393513e+02 6.452209e+02 6.493901e+02 6.353428e+02 6.416195e+02 6.838089e+02 7.615609e+02 6.408689e+02 6.446345e+02 6.369472e+02 6.378444e+02 6.458184e+02 6.936282e+02 6.650695e+02 6.448339e+02 6.475308e+02 6.375343e+02 6.445596e+02 6.422640e+02 6.438825e+02 6.373341e+02 6.461412e+02 6.434526e+02 6.406448e+02 6.469276e+02 1.175222e+03 6.381024e+02 7.803215e+02 6.577190e+02 6.485087e+02 6.472246e+02 6.357223e+02 6.503671e+02 6.417374e+02 7.359905e+02 6.652052e+02 6.415070e+02 1.551654e+03 4.348431e+03 6.469186e+02 7.162024e+02 2.097165e+03 6.411465e+02 6.452425e+02 6.404108e+02 6.407330e+02 1.004790e+03 6.416829e+02 6.370873e+02 1.496820e+03 7.379321e+02 6.457151e+02 6.404906e+02 6.452925e+02 6.448895e+02 6.574809e+02 6.677132e+02 1.538920e+03
3.610663e+02 3.609102e+02 3.599945e+02 3.662447e+02 3.608757e+02 3.670672e+02 3.722135e+02 3.595061e+02 3.595340e+02 3.626815e+02 3.710567e+02 3.605288e+02 3.673205e+02 3.720457e+02 3.700648e+02 3.721033e+02 3.600905e+02 3.688857e+02 3.708078e+02 3.604631e+02 3.598254e+02 3.707958e+02 3.682724e+02 3.587912e+02 3.675672e+02 3.703839e+02 3.666897e+02 3.596870e+02 3.717810e+02 3.592824e+02 3.673867e+02 3.639133e+02 3.734436e+02 3.601413e+02 3.607197e+02 3.720259e+02 3.617669e+02 3.595536e+02 3.590374e+02 3.605971e+02 3.612318e+02 3.646596e+02 3.603481e+02 3.716862e+02 3.600430e+02 3.604777e+02 3.661132e+02 3.710583e+02 3.671081e+02 3.611720e+02 3.604801e+02 3.665709e+02 3.625807e+02 3.724179e+02 3.597668e+02 3.698375e+02 3.696103e+02 3.597886e+02 3.589065e+02 3.675835e+02 3.715141e+02 3.597350e+02 3.592406e+02 3.869117e+02 3.600069e+02 3.613860e+02 3.709767e+02 3.604036e+02 3.589388e+02 3.722591e+02 3.717767e+02 3.617241e+02 3.608731e+02 3.602716e+02 3.592794e+02 3.685263e+02 3.590039e+02 3.712911e+02 3.602172e+02 3.599371e+02 3.600486e+02 3.602834e+02 3.739607e+02 3.627347e+02 3.712380e+02 3.699308e+02 3.643970e+02 3.626076e+02 3.609046e+02 3.600576e+02 3.586363e+02 3.613787e+02 3.601234e+02 3.634189e+02 3.651581e+02 3.644066e+02 3.638112e+02 3.600751e+02 3.599592e+02 3.629346e+02 3.594392e+02 3.715475e+02 3.607430e+02 3.721733e+02 3.599187e+02 3.598448e+02 3.710733e+02 3.700179e+02
2.117794e+02 2.134309e+02 2.100913e+02 2.194612e+02 2.120909e+02 2.202719e+02 2.269771e+02 2.102342e+02 2.112044e+02 2.158102e+02 2.265891e+02 2.111661e+02 2.225701e+02 2.280426e+02 2.250075e+02 2.280995e+02 2.128253e+02 2.226033e+02 2.271001e+02 2.113339e+02 2.123556e+02 2.264546e+02 2.245665e+02 2.109758e+02 2.221979e+02 2.254644e+02 2.221052e+02 2.109033e+02 2.274969e+02 2.102400e+02 2.208523e+02 2.175830e+02 2.274680e+02 2.114097e+02 2.123998e+02 2.261936e+02 2.144969e+02 2.096202e+02 2.105415e+02 2.120148e+02 2.128918e+02 2.170919e+02 2.117032e+02 2.277545e+02 2.111253e+02 2.114804e+02 2.201909e+02 2.271816e+02 2.201163e+02 2.118494e+02 2.115453e+02 2.221689e+02 2.133215e+02 2.280434e+02 2.123899e+02 2.241697e+02 2.245337e+02 2.106543e+02 2.104337e+02 2.216469e+02 2.266413e+02 2.113129e+02 2.106486e+02 2.214300e+02 2.114966e+02 2.118419e+02 2.267655e+02 2.115010e+02 2.106167e+02 2.167574e+02 2.281924e+02 2.138146e+02 2.119701e+02 2.102996e+02 2.096689e+02 2.228609e+02 2.100726e+02 2.261568e+02 2.116108e+02 2.111028e+02 2.106354e+02 2.100072e+02 2.239039e+02 2.139947e+02 2.267129e+02 2.251665e+02 2.176986e+02 2.152572e+02 2.112331e+02 2.117751e+02 2.101441e+02 2.129898e+02 2.109568e+02 2.158573e+02 2.186830e+02 2.176469e+02 2.164786e+02 2.107815e+02 2.110175e+02 2.145043e+02 2.100184e+02 2.278099e+02 2.116232e+02 2.278003e+02 2.101176e+02 2.108275e+02 2.199300e+02 2.261634e+02
1.311733e+02 1.319801e+02 1.290087e+02 1.379922e+02 1.309254e+02 1.384170e+02 1.460674e+02 1.293377e+02 1.299140e+02 1.345979e+02 1.446229e+02 1.301184e+02 1.414544e+02 1.465279e+02 1.431786e+02 1.462558e+02 1.315754e+02 1.412992e+02 1.455760e+02 1.304821e+02 1.305579e+02 1.449812e+02 1.376476e+02 1.293871e+02 1.410189e+02 1.442394e+02 1.406338e+02 1.294398e+02 1.458423e+02 1.295022e+02 1.394196e+02 1.364929e+02 1.461208e+02 1.301768e+02 1.312865e+02 1.438493e+02 1.335455e+02 1.287286e+02 1.295916e+02 1.305089e+02 1.312403e+02 1.357345e+02 1.306198e+02 1.457373e+02 1.301303e+02 1.307666e+02 1.388750e+02 1.451138e+02 1.391999e+02 1.307312e+02 1.307968e+02 1.410943e+02 1.326556e+02 1.462061e+02 1.308730e+02 1.425130e+02 1.433577e+02 1.299227e+02 1.290049e+02 1.398463e+02 1.451754e+02 1.301963e+02 1.295718e+02 1.446604e+02 1.301764e+02 1.307603e+02 1.455924e+02 1.304116e+02 1.294600e+02 1.329312e+02 1.465733e+02 1.329132e+02 1.308090e+02 1.292640e+02 1.287470e+02 1.415443e+02 1.290485e+02 1.450447e+02 1.303355e+02 1.299605e+02 1.296085e+02 1.297183e+02 1.388882e+02 1.324598e+02 1.450566e+02 1.436319e+02 1.362073e+02 1.341728e+02 1.304046e+02 1.311236e+02 1.284859e+02 1.317531e+02 1.296562e+02 1.346052e+02 1.372415e+02 1.364998e+02 1.353694e+02 1.297764e+02 1.296864e+02 1.331098e+02 1.289339e+02 1.460883e+02 1.300388e+02 1.462838e+02 1.289914e+02 1.297254e+02 1.397024e+02 1.445498e+02
8.305198e+01 8.397970e+01 8.131347e+01 8.971531e+01 8.323655e+01 8.988570e+01 9.682435e+01 8.154215e+01 8.203522e+01 8.650768e+01 9.541111e+01 8.256061e+01 9.194615e+01 9.703119e+01 9.441942e+01 9.757461e+01 8.375167e+01 9.325382e+01 9.660136e+01 8.291537e+01 8.240292e+01 9.586394e+01 9.249767e+01 8.169522e+01 9.215496e+01 9.560726e+01 9.185293e+01 8.193188e+01 9.678188e+01 8.147538e+01 9.077411e+01 8.774953e+01 9.805620e+01 8.262078e+01 8.343878e+01 9.475502e+01 8.574262e+01 8.139886e+01 8.188387e+01 8.271012e+01 8.354205e+01 8.778476e+01 8.262539e+01 9.704434e+01 8.231926e+01 8.296908e+01 9.043786e+01 9.590017e+01 9.028092e+01 8.301718e+01 8.294377e+01 9.246344e+01 8.487856e+01 9.723324e+01 8.287318e+01 9.353782e+01 9.443361e+01 8.210410e+01 8.139632e+01 9.126971e+01 9.595530e+01 8.252946e+01 8.187905e+01 8.908594e+01 8.268138e+01 8.322137e+01 9.626750e+01 8.283988e+01 8.201726e+01 9.093054e+01 9.708196e+01 8.490380e+01 8.294809e+01 8.192473e+01 8.107494e+01 9.269602e+01 8.152382e+01 9.606232e+01 8.294616e+01 8.229851e+01 8.169514e+01 8.168393e+01 9.266431e+01 8.500877e+01 9.613566e+01 9.438073e+01 8.770033e+01 8.612338e+01 8.272288e+01 8.314389e+01 8.132420e+01 8.414119e+01 8.208296e+01 8.652735e+01 8.906380e+01 8.794488e+01 8.694020e+01 8.222053e+01 8.220458e+01 8.519257e+01 8.181400e+01 9.665678e+01 8.274524e+01 9.769715e+01 8.180472e+01 8.200071e+01 8.828419e+01 9.572805e+01
3.756555e+01 3.799037e+01 3.634799e+01 4.215575e+01 3.736662e+01 4.229380e+01 4.787495e+01 3.632095e+01 3.672195e+01 3.967494e+01 4.679796e+01 3.702819e+01 4.392163e+01 4.784177e+01 4.573368e+01 4.814724e+01 3.769703e+01 4.475673e+01 4.715046e+01 3.720481e+01 3.701988e+01 4.680527e+01 4.442561e+01 3.636470e+01 4.403336e+01 4.679832e+01 4.369365e+01 3.655321e+01 4.724429e+01 3.632702e+01 4.291395e+01 4.098686e+01 4.896416e+01 3.709733e+01 3.761905e+01 4.611821e+01 3.904640e+01 3.605725e+01 3.654489e+01 3.703685e+01 3.772330e+01 4.060763e+01 3.711787e+01 4.734894e+01 3.679824e+01 3.724562e+01 4.292534e+01 4.667063e+01 4.260145e+01 3.743511e+01 3.727328e+01 4.404849e+01 3.850065e+01 4.758656e+01 3.733780e+01 4.488305e+01 4.542599e+01 3.652448e+01 3.632273e+01 4.320430e+01 4.686973e+01 3.708775e+01 3.650756e+01 4.131643e+01 3.709705e+01 3.727422e+01 4.701666e+01 3.716408e+01 3.655693e+01 4.148158e+01 4.746230e+01 3.877786e+01 3.733008e+01 3.642111e+01 3.627500e+01 4.444697e+01 3.610029e+01 4.679570e+01 3.686175e+01 3.674294e+01 3.648338e+01 3.636945e+01 4.483487e+01 3.859133e+01 4.684133e+01 4.574492e+01 4.096644e+01 3.961260e+01 3.701029e+01 3.732807e+01 3.615284e+01 3.793186e+01 3.679632e+01 3.987972e+01 4.165109e+01 4.095625e+01 4.023008e+01 3.691153e+01 3.664939e+01 3.889657e+01 3.630424e+01 4.728204e+01 3.710595e+01 4.826821e+01 3.640632e+01 3.670963e+01 4.304893e+01 4.649152e+01
