# Version 0.0
# Data /lustre/isaac24/proj/UTK0244/cbaillar/Bayes_HEP/Knoxville_Project/input_all_108/Data/Data__200__pp__BRAHMS_2007_I742956__d06-x01-y01.dat
# Observable: $\frac{1}{2\pi{p_{T}}}\frac{d^2\sigma}{dp_{T}dy}\left[mb(GeV^{-2})c^3\right]$
# Subobservable: $p_T \left[GeV\right]$
# Title: Invariant Cross Section for AntiProton (y= 2.95)
# XScale: linear
# YScale: log
# XLims: 8.000000e-01 4.200000e+00
# YLims: 9.000000e-08 1.100000e+00
# Design Design_Rivet.dat
# design_point1 design_point2 design_point3 design_point4 design_point5 design_point6 design_point7 design_point8 design_point9 design_point10 design_point11 design_point12 design_point13 design_point14 design_point15 design_point16 design_point17 design_point18 design_point19 design_point20 design_point21 design_point22 design_point23 design_point24 design_point25 design_point26 design_point27 design_point28 design_point29 design_point30 design_point31 design_point32 design_point33 design_point34 design_point35 design_point36 design_point37 design_point38 design_point39 design_point40 design_point41 design_point42 design_point43 design_point44 design_point45 design_point46 design_point47 design_point48 design_point49 design_point50 design_point51 design_point52 design_point53 design_point54 design_point55 design_point56 design_point57 design_point58 design_point59 design_point60 design_point61 design_point62 design_point63 design_point64 design_point65 design_point66 design_point67 design_point68 design_point69 design_point70 design_point71 design_point72 design_point73 design_point74 design_point75 design_point76 design_point77 design_point78 design_point79 design_point80 design_point81 design_point82 design_point83 design_point84 design_point85 design_point86 design_point87 design_point88 design_point89 design_point90 design_point91 design_point92 design_point93 design_point94 design_point95 design_point96 design_point97 design_point98 design_point99 design_point100 design_point101 design_point102 design_point103 design_point104 design_point105 design_point106 design_point107 design_point108
4.262335e-03 4.271007e-03 4.118763e-03 4.414780e-03 4.240116e-03 4.429284e-03 4.889662e-03 4.151103e-03 4.049893e-03 4.362463e-03 4.922436e-03 4.090773e-03 4.648789e-03 4.814437e-03 4.519469e-03 4.978145e-03 4.206609e-03 4.387278e-03 4.751758e-03 4.069192e-03 4.181001e-03 5.011368e-03 4.942495e-03 4.188520e-03 4.527240e-03 4.645600e-03 4.370396e-03 4.086263e-03 4.670512e-03 4.035604e-03 4.609874e-03 4.272850e-03 4.832479e-03 4.090398e-03 4.228323e-03 4.995565e-03 4.240435e-03 4.152913e-03 4.095759e-03 4.114711e-03 4.147697e-03 4.424521e-03 4.173921e-03 4.877204e-03 4.144110e-03 4.224714e-03 4.092054e-03 4.743651e-03 4.402544e-03 4.140542e-03 4.196621e-03 4.474493e-03 4.237161e-03 4.960111e-03 4.260786e-03 4.636283e-03 4.753893e-03 4.196380e-03 4.120709e-03 4.581387e-03 4.689156e-03 4.143524e-03 4.164544e-03 4.822009e-03 4.179435e-03 4.190649e-03 4.757694e-03 4.062498e-03 4.100297e-03 6.351048e-03 4.779258e-03 4.224802e-03 4.239811e-03 4.143176e-03 4.028390e-03 4.591236e-03 4.067906e-03 4.938660e-03 4.104473e-03 4.143369e-03 4.071804e-03 4.145517e-03 4.957182e-03 4.167785e-03 4.916693e-03 4.678240e-03 4.463681e-03 4.313781e-03 4.154805e-03 4.207302e-03 4.054192e-03 4.179226e-03 4.130552e-03 4.315724e-03 4.475194e-03 4.459983e-03 4.285445e-03 4.096510e-03 4.090116e-03 4.268477e-03 4.128705e-03 4.817578e-03 4.134849e-03 4.859095e-03 4.119416e-03 4.210248e-03 4.964297e-03 4.669251e-03
3.514933e-03 3.580150e-03 3.471037e-03 3.848529e-03 3.493180e-03 3.722907e-03 4.295776e-03 3.399805e-03 3.478974e-03 3.694248e-03 4.236808e-03 3.393045e-03 3.812970e-03 4.046073e-03 3.819676e-03 4.159523e-03 3.491016e-03 3.671006e-03 4.124892e-03 3.481227e-03 3.446586e-03 4.273833e-03 4.239330e-03 3.464740e-03 3.864722e-03 3.980866e-03 3.784013e-03 3.452709e-03 4.009013e-03 3.416914e-03 3.831899e-03 3.707136e-03 4.002688e-03 3.445970e-03 3.459111e-03 4.227575e-03 3.437752e-03 3.429186e-03 3.321036e-03 3.486833e-03 3.601928e-03 3.648074e-03 3.501910e-03 4.124858e-03 3.441277e-03 3.466797e-03 3.354225e-03 4.020851e-03 3.675619e-03 3.477551e-03 3.440957e-03 3.710933e-03 3.544868e-03 4.162374e-03 3.488182e-03 3.836344e-03 4.068403e-03 3.373889e-03 3.279276e-03 3.844378e-03 3.891298e-03 3.400578e-03 3.404504e-03 4.092323e-03 3.456952e-03 3.442647e-03 4.069364e-03 3.328671e-03 3.331034e-03 5.531003e-03 4.197192e-03 3.611313e-03 3.495341e-03 3.350976e-03 3.373459e-03 3.929085e-03 3.365181e-03 4.217547e-03 3.493590e-03 3.450726e-03 3.424463e-03 3.485124e-03 4.237124e-03 3.423771e-03 4.202228e-03 3.886385e-03 3.664384e-03 3.561652e-03 3.475273e-03 3.455905e-03 3.459261e-03 3.392038e-03 3.404715e-03 3.708467e-03 3.703960e-03 3.771491e-03 3.645746e-03 3.431420e-03 3.515251e-03 3.587693e-03 3.441912e-03 4.033152e-03 3.447205e-03 4.167157e-03 3.326830e-03 3.396436e-03 4.242636e-03 3.978566e-03
2.935120e-03 2.886817e-03 2.805708e-03 3.169323e-03 2.932737e-03 3.271166e-03 3.642668e-03 2.817649e-03 2.846269e-03 3.073821e-03 3.553094e-03 2.854545e-03 3.254043e-03 3.408239e-03 3.262859e-03 3.491246e-03 2.884205e-03 3.128902e-03 3.560864e-03 2.913293e-03 2.828089e-03 3.686327e-03 3.563525e-03 2.823004e-03 3.200183e-03 3.243717e-03 3.146342e-03 2.817289e-03 3.431670e-03 2.883939e-03 3.274726e-03 3.012862e-03 3.473707e-03 2.817352e-03 2.914725e-03 3.595569e-03 2.920442e-03 2.857172e-03 2.850299e-03 2.825512e-03 2.943250e-03 3.148339e-03 2.905717e-03 3.578701e-03 2.910413e-03 2.894156e-03 2.832916e-03 3.405104e-03 3.111198e-03 2.906384e-03 2.887633e-03 3.164232e-03 2.921754e-03 3.703098e-03 2.841333e-03 3.400720e-03 3.339992e-03 2.825350e-03 2.794489e-03 3.271828e-03 3.357284e-03 2.900295e-03 2.769811e-03 3.476028e-03 2.819105e-03 2.880723e-03 3.517879e-03 2.885942e-03 2.867807e-03 4.580897e-03 3.607185e-03 3.085301e-03 2.899349e-03 2.801345e-03 2.812826e-03 3.357736e-03 2.764657e-03 3.650823e-03 2.808515e-03 2.852556e-03 2.867382e-03 2.807269e-03 3.617916e-03 2.933763e-03 3.704633e-03 3.331645e-03 3.090212e-03 3.003606e-03 2.955196e-03 2.875192e-03 2.716830e-03 2.886918e-03 2.912443e-03 3.089507e-03 3.187598e-03 3.192146e-03 3.119161e-03 2.859611e-03 2.745017e-03 3.025307e-03 2.876181e-03 3.552811e-03 2.833520e-03 3.579288e-03 2.930308e-03 2.808935e-03 3.723411e-03 3.414688e-03
2.424963e-03 2.467155e-03 2.360733e-03 2.759019e-03 2.459343e-03 2.715068e-03 3.127267e-03 2.273016e-03 2.397471e-03 2.507355e-03 3.063880e-03 2.376262e-03 2.821468e-03 2.955822e-03 2.721432e-03 3.104090e-03 2.482013e-03 2.608067e-03 3.113759e-03 2.395716e-03 2.390980e-03 3.167679e-03 3.062750e-03 2.278072e-03 2.800424e-03 2.773755e-03 2.594221e-03 2.327861e-03 2.970942e-03 2.314786e-03 2.739875e-03 2.503695e-03 2.962688e-03 2.357774e-03 2.395269e-03 3.101373e-03 2.434277e-03 2.281722e-03 2.385582e-03 2.388738e-03 2.375763e-03 2.539780e-03 2.352587e-03 3.154689e-03 2.396861e-03 2.368292e-03 2.433451e-03 2.884801e-03 2.619309e-03 2.357753e-03 2.420623e-03 2.618534e-03 2.408592e-03 3.118420e-03 2.330108e-03 2.816723e-03 2.930246e-03 2.338709e-03 2.343546e-03 2.625004e-03 2.736543e-03 2.379875e-03 2.330497e-03 3.033687e-03 2.363069e-03 2.417117e-03 2.980915e-03 2.385778e-03 2.323245e-03 4.003336e-03 3.077480e-03 2.471775e-03 2.282082e-03 2.274256e-03 2.321126e-03 2.892379e-03 2.349792e-03 3.075168e-03 2.335690e-03 2.254661e-03 2.377772e-03 2.301288e-03 3.126337e-03 2.500631e-03 3.152169e-03 2.854846e-03 2.617230e-03 2.503749e-03 2.359229e-03 2.409942e-03 2.354111e-03 2.369037e-03 2.269909e-03 2.601995e-03 2.718715e-03 2.665883e-03 2.517391e-03 2.322627e-03 2.338521e-03 2.463693e-03 2.410913e-03 3.038906e-03 2.391620e-03 3.019831e-03 2.353565e-03 2.372304e-03 3.041963e-03 2.950723e-03
1.279618e-03 1.315329e-03 1.229959e-03 1.473193e-03 1.277848e-03 1.502053e-03 1.738409e-03 1.220501e-03 1.250832e-03 1.400479e-03 1.754509e-03 1.265234e-03 1.554062e-03 1.704857e-03 1.533070e-03 1.762834e-03 1.343025e-03 1.426421e-03 1.728388e-03 1.270944e-03 1.279856e-03 1.772581e-03 1.717175e-03 1.239363e-03 1.552306e-03 1.596045e-03 1.441176e-03 1.290429e-03 1.698499e-03 1.281016e-03 1.511391e-03 1.383132e-03 1.651188e-03 1.278441e-03 1.277643e-03 1.744862e-03 1.311448e-03 1.253031e-03 1.265456e-03 1.265418e-03 1.319702e-03 1.429627e-03 1.285529e-03 1.718336e-03 1.280757e-03 1.277296e-03 1.275447e-03 1.653404e-03 1.417500e-03 1.300414e-03 1.315629e-03 1.509039e-03 1.362228e-03 1.785757e-03 1.289193e-03 1.574761e-03 1.616228e-03 1.231117e-03 1.233658e-03 1.528861e-03 1.600163e-03 1.250163e-03 1.305996e-03 1.635298e-03 1.266463e-03 1.308230e-03 1.645430e-03 1.280207e-03 1.277485e-03 2.256075e-03 1.727128e-03 1.363424e-03 1.286895e-03 1.250211e-03 1.252881e-03 1.594766e-03 1.226688e-03 1.774565e-03 1.287037e-03 1.261056e-03 1.203882e-03 1.269969e-03 1.751754e-03 1.292220e-03 1.760974e-03 1.598193e-03 1.459839e-03 1.351322e-03 1.298824e-03 1.286824e-03 1.239249e-03 1.244280e-03 1.264759e-03 1.381448e-03 1.456578e-03 1.436784e-03 1.400511e-03 1.303107e-03 1.226236e-03 1.366412e-03 1.262955e-03 1.657269e-03 1.279781e-03 1.729217e-03 1.240338e-03 1.233648e-03 1.777846e-03 1.616879e-03
8.878438e-04 9.311973e-04 8.477891e-04 1.078911e-03 9.097613e-04 1.074292e-03 1.302174e-03 8.598100e-04 8.681240e-04 9.715765e-04 1.306378e-03 8.877532e-04 1.155278e-03 1.274916e-03 1.133844e-03 1.312189e-03 9.140881e-04 9.984660e-04 1.278898e-03 8.675790e-04 9.168693e-04 1.332674e-03 1.289219e-03 8.678913e-04 1.133855e-03 1.149489e-03 1.032839e-03 8.815151e-04 1.263030e-03 8.577441e-04 1.106497e-03 9.814727e-04 1.253967e-03 8.734586e-04 8.994511e-04 1.330041e-03 9.643538e-04 8.797851e-04 8.695204e-04 8.934701e-04 9.043435e-04 9.987660e-04 9.107224e-04 1.309480e-03 8.759871e-04 8.877946e-04 8.908671e-04 1.214032e-03 1.022251e-03 9.051753e-04 8.690270e-04 1.066510e-03 9.119521e-04 1.369796e-03 9.064560e-04 1.164613e-03 1.199653e-03 8.949291e-04 8.474597e-04 1.143446e-03 1.167647e-03 8.596349e-04 8.730584e-04 1.229418e-03 8.853584e-04 8.753763e-04 1.240790e-03 8.880278e-04 8.577682e-04 1.660824e-03 1.262839e-03 9.271238e-04 8.978860e-04 8.619226e-04 8.425046e-04 1.162677e-03 8.514697e-04 1.316099e-03 8.853676e-04 8.562654e-04 8.831652e-04 8.766010e-04 1.306108e-03 8.839287e-04 1.277226e-03 1.176059e-03 1.056017e-03 9.169850e-04 8.735828e-04 8.820637e-04 8.296910e-04 8.870147e-04 8.611049e-04 9.917132e-04 1.051278e-03 1.026526e-03 9.936946e-04 8.692390e-04 8.628685e-04 9.444715e-04 8.789592e-04 1.259860e-03 9.147064e-04 1.311743e-03 8.536575e-04 8.543889e-04 1.288233e-03 1.216314e-03
6.354192e-04 6.651680e-04 5.801199e-04 8.049950e-04 6.302539e-04 7.715130e-04 1.005140e-03 6.054706e-04 6.099189e-04 7.257393e-04 9.734523e-04 6.106891e-04 8.220675e-04 9.426841e-04 8.557473e-04 9.723882e-04 6.403658e-04 7.681968e-04 9.625703e-04 6.231881e-04 6.170122e-04 9.757655e-04 9.692997e-04 5.743975e-04 8.214471e-04 8.699246e-04 7.671605e-04 5.961351e-04 9.565896e-04 5.793312e-04 8.655003e-04 6.761248e-04 9.306758e-04 6.225039e-04 6.368738e-04 9.612500e-04 6.612447e-04 5.548661e-04 5.850186e-04 6.109581e-04 6.393478e-04 7.489013e-04 6.316499e-04 9.960037e-04 6.302468e-04 6.169864e-04 6.114432e-04 9.309747e-04 7.749533e-04 6.164728e-04 6.172394e-04 7.693302e-04 6.646070e-04 1.027839e-03 6.167827e-04 8.428491e-04 9.090189e-04 6.273508e-04 6.043295e-04 8.158532e-04 8.759083e-04 6.364733e-04 6.035665e-04 8.803806e-04 6.168763e-04 6.310379e-04 9.419931e-04 6.138880e-04 5.965595e-04 1.225111e-03 9.712363e-04 6.757179e-04 6.349298e-04 5.945951e-04 6.087989e-04 8.402708e-04 5.808604e-04 9.865301e-04 5.917399e-04 6.260405e-04 5.761008e-04 5.992598e-04 9.710562e-04 6.334674e-04 9.927414e-04 8.418847e-04 7.480879e-04 6.952917e-04 6.551614e-04 6.264399e-04 5.947796e-04 6.401189e-04 6.420268e-04 7.176483e-04 7.618431e-04 7.609363e-04 7.040015e-04 6.204176e-04 6.178131e-04 6.955303e-04 5.585175e-04 9.526885e-04 6.090510e-04 9.685891e-04 5.716032e-04 5.908475e-04 9.562263e-04 9.155872e-04
4.351595e-04 4.628824e-04 4.125821e-04 5.992219e-04 4.705298e-04 5.622224e-04 7.407491e-04 4.335733e-04 4.134781e-04 5.215805e-04 7.145431e-04 4.497602e-04 6.379438e-04 7.228656e-04 6.179836e-04 7.465882e-04 4.660801e-04 5.459656e-04 6.939050e-04 4.196451e-04 4.514267e-04 7.382186e-04 7.226425e-04 4.273644e-04 6.276845e-04 6.407407e-04 5.627207e-04 4.329164e-04 7.163303e-04 4.301649e-04 5.886919e-04 5.068131e-04 7.008629e-04 4.690774e-04 4.622286e-04 7.256096e-04 4.879854e-04 3.911088e-04 4.020558e-04 4.479387e-04 4.655141e-04 5.379179e-04 4.713213e-04 7.188643e-04 4.370894e-04 4.486454e-04 4.501669e-04 7.132095e-04 5.145934e-04 4.662768e-04 4.133519e-04 5.630268e-04 4.707462e-04 7.574798e-04 4.594020e-04 6.542848e-04 6.677256e-04 4.419204e-04 4.331681e-04 5.909320e-04 6.846786e-04 4.479305e-04 4.502883e-04 6.652633e-04 4.647823e-04 4.587798e-04 6.934336e-04 4.483116e-04 4.128303e-04 9.137740e-04 7.308152e-04 4.976721e-04 4.497059e-04 4.186506e-04 4.379464e-04 6.418438e-04 3.793800e-04 7.102490e-04 4.627486e-04 4.271464e-04 4.391505e-04 4.029779e-04 7.410031e-04 4.532697e-04 7.303333e-04 6.629313e-04 5.385556e-04 4.861922e-04 4.101622e-04 4.264743e-04 4.150117e-04 4.693714e-04 4.436190e-04 5.251480e-04 5.591700e-04 5.760815e-04 5.430952e-04 4.028933e-04 4.047725e-04 4.923874e-04 4.253235e-04 7.253455e-04 4.481747e-04 7.315629e-04 3.942150e-04 4.244734e-04 7.496350e-04 7.117437e-04
3.099653e-04 3.234807e-04 2.929128e-04 4.424862e-04 3.301868e-04 4.357772e-04 5.574496e-04 2.966361e-04 3.023205e-04 3.570809e-04 5.490705e-04 3.205308e-04 4.848217e-04 5.489614e-04 4.867756e-04 5.776026e-04 3.373177e-04 3.874838e-04 5.613380e-04 3.078756e-04 3.218330e-04 5.756811e-04 5.265587e-04 2.986347e-04 4.657055e-04 4.778875e-04 4.096613e-04 3.083264e-04 5.519449e-04 3.257313e-04 4.602571e-04 3.765723e-04 5.071069e-04 2.869920e-04 3.200763e-04 5.348344e-04 3.408099e-04 2.874103e-04 2.862189e-04 3.162244e-04 3.320231e-04 4.201866e-04 3.290210e-04 5.668687e-04 3.161474e-04 3.102653e-04 3.122168e-04 5.322555e-04 4.236782e-04 3.264718e-04 3.406691e-04 4.199603e-04 3.359681e-04 5.960055e-04 3.033881e-04 4.782787e-04 5.117738e-04 3.312446e-04 3.115626e-04 4.658861e-04 5.153557e-04 2.992585e-04 3.098017e-04 5.084782e-04 3.100793e-04 3.200282e-04 5.277467e-04 3.512993e-04 3.195304e-04 7.130578e-04 5.731617e-04 3.577144e-04 3.146344e-04 3.144753e-04 2.963975e-04 4.886173e-04 2.943794e-04 5.707189e-04 3.142951e-04 3.187198e-04 2.908944e-04 2.838532e-04 5.516195e-04 3.148894e-04 5.442605e-04 4.981028e-04 4.104413e-04 3.569860e-04 3.203209e-04 3.151397e-04 2.892413e-04 3.546839e-04 3.137798e-04 3.815688e-04 4.182360e-04 4.117343e-04 3.933717e-04 2.993945e-04 2.963412e-04 3.304456e-04 3.086924e-04 5.401205e-04 3.130998e-04 5.099521e-04 2.797193e-04 3.009465e-04 5.557937e-04 5.278633e-04
2.381182e-04 2.601681e-04 2.094177e-04 3.440765e-04 2.497570e-04 3.210337e-04 4.485728e-04 2.322874e-04 2.103448e-04 2.792359e-04 4.424992e-04 2.319531e-04 3.417994e-04 4.173109e-04 3.705149e-04 4.347810e-04 2.417010e-04 3.115305e-04 4.401390e-04 2.357490e-04 2.382937e-04 4.086943e-04 3.929733e-04 2.231212e-04 3.524582e-04 3.727631e-04 3.240940e-04 2.102049e-04 3.978099e-04 2.282744e-04 3.522820e-04 2.877654e-04 3.963254e-04 2.425388e-04 2.393449e-04 4.260378e-04 2.342942e-04 2.321045e-04 2.119852e-04 2.354517e-04 2.336363e-04 3.156346e-04 2.180429e-04 4.314958e-04 2.376425e-04 2.510161e-04 2.483341e-04 4.320865e-04 3.045551e-04 2.352560e-04 2.760467e-04 3.274470e-04 2.596468e-04 4.552735e-04 2.274813e-04 3.798445e-04 3.934615e-04 2.473921e-04 2.121822e-04 3.143356e-04 3.730803e-04 2.369634e-04 2.426075e-04 3.944937e-04 2.104947e-04 2.340482e-04 4.329718e-04 2.247597e-04 2.079547e-04 5.294273e-04 4.573859e-04 2.571053e-04 2.474871e-04 2.039937e-04 2.205496e-04 3.916048e-04 2.167182e-04 4.092092e-04 2.419613e-04 2.255098e-04 2.389945e-04 2.541700e-04 4.143518e-04 2.351748e-04 4.350814e-04 3.883886e-04 3.079635e-04 2.708349e-04 2.339184e-04 2.252644e-04 2.276178e-04 2.429944e-04 2.261694e-04 2.794613e-04 3.153148e-04 2.892311e-04 2.839570e-04 2.427186e-04 2.394740e-04 2.552828e-04 2.351395e-04 4.365919e-04 2.087953e-04 4.332348e-04 2.197266e-04 2.129240e-04 3.964052e-04 3.965794e-04
1.607822e-04 2.106683e-04 1.586903e-04 2.649248e-04 1.881819e-04 2.361556e-04 3.210920e-04 1.702662e-04 1.667214e-04 1.990651e-04 3.128014e-04 1.795412e-04 2.639978e-04 3.197251e-04 2.503360e-04 3.565170e-04 1.784996e-04 2.199789e-04 3.171807e-04 1.902567e-04 1.800155e-04 3.369269e-04 3.261779e-04 1.757582e-04 2.575809e-04 3.043820e-04 2.553641e-04 1.823115e-04 3.136023e-04 1.605125e-04 2.844811e-04 2.278739e-04 3.045642e-04 1.853642e-04 1.815535e-04 2.998218e-04 1.823015e-04 1.644525e-04 1.589030e-04 1.716155e-04 1.697270e-04 2.226061e-04 1.789400e-04 3.251273e-04 1.830100e-04 1.591450e-04 1.704874e-04 3.064073e-04 2.518279e-04 1.721764e-04 1.933185e-04 2.554357e-04 2.092714e-04 3.599137e-04 1.805405e-04 2.869216e-04 2.990557e-04 1.829591e-04 1.965809e-04 2.755056e-04 3.044536e-04 1.709240e-04 1.485640e-04 2.890119e-04 1.885278e-04 1.762792e-04 3.223075e-04 1.674983e-04 1.576729e-04 4.187957e-04 3.520304e-04 1.866862e-04 1.438436e-04 1.555932e-04 1.557565e-04 2.629768e-04 1.489479e-04 3.236358e-04 1.645223e-04 1.851610e-04 1.707538e-04 1.626703e-04 3.230150e-04 1.763155e-04 3.376527e-04 2.931549e-04 2.546475e-04 2.074236e-04 1.534229e-04 1.952583e-04 1.714438e-04 1.633407e-04 1.605779e-04 2.123760e-04 2.618016e-04 2.123006e-04 2.138253e-04 1.759519e-04 1.692986e-04 2.210550e-04 1.592827e-04 3.419988e-04 1.494063e-04 3.289259e-04 1.812562e-04 1.638837e-04 3.232615e-04 3.043006e-04
1.465917e-04 1.561073e-04 1.122197e-04 2.084899e-04 1.678188e-04 2.062492e-04 2.481474e-04 1.448422e-04 1.476722e-04 1.794757e-04 2.752002e-04 1.364661e-04 2.026683e-04 2.532668e-04 2.091844e-04 2.617486e-04 1.612874e-04 1.942373e-04 2.411274e-04 1.519701e-04 1.080729e-04 2.650355e-04 2.367942e-04 1.166641e-04 2.111299e-04 2.320628e-04 2.127403e-04 1.216477e-04 2.485190e-04 1.348053e-04 2.222079e-04 1.497935e-04 2.315611e-04 1.395580e-04 1.236244e-04 2.388734e-04 1.459423e-04 1.276154e-04 1.034587e-04 1.234721e-04 1.209254e-04 1.757826e-04 1.440758e-04 2.814474e-04 1.441473e-04 1.439631e-04 1.276523e-04 2.684109e-04 1.913492e-04 1.443486e-04 1.323566e-04 1.943962e-04 1.715684e-04 2.774852e-04 1.358727e-04 2.113705e-04 2.519825e-04 1.305164e-04 1.248791e-04 2.240918e-04 2.207659e-04 1.327425e-04 1.204487e-04 2.062059e-04 1.457159e-04 1.340921e-04 2.136106e-04 1.345210e-04 1.297491e-04 2.962728e-04 2.679932e-04 1.649380e-04 1.465562e-04 1.280174e-04 1.363606e-04 2.277455e-04 1.191869e-04 2.608064e-04 1.481051e-04 1.161441e-04 1.364523e-04 1.357458e-04 2.369645e-04 1.210010e-04 2.721487e-04 2.349067e-04 1.738530e-04 1.444461e-04 1.184719e-04 1.484255e-04 1.008101e-04 1.362859e-04 1.465197e-04 1.823841e-04 1.841869e-04 1.854897e-04 1.607262e-04 1.252513e-04 1.324576e-04 1.661193e-04 1.256669e-04 2.447260e-04 1.319049e-04 2.742120e-04 1.501435e-04 1.282033e-04 2.622870e-04 2.297704e-04
8.709095e-05 1.024043e-04 8.440645e-05 1.518389e-04 9.803481e-05 1.304485e-04 2.117194e-04 9.023965e-05 9.249974e-05 1.076928e-04 1.910347e-04 1.057909e-04 1.753500e-04 1.965893e-04 1.567898e-04 1.982255e-04 1.027721e-04 1.583580e-04 1.840610e-04 1.168960e-04 1.188002e-04 1.912307e-04 1.599012e-04 1.029963e-04 1.729852e-04 1.893489e-04 1.455398e-04 1.141623e-04 1.879838e-04 7.515449e-05 1.634854e-04 1.289352e-04 1.712873e-04 1.178329e-04 9.520729e-05 2.154912e-04 1.232396e-04 8.130212e-05 8.380840e-05 1.080183e-04 1.099850e-04 1.459419e-04 9.969005e-05 2.198169e-04 1.161411e-04 1.145138e-04 1.032123e-04 1.866094e-04 1.290262e-04 8.889209e-05 1.185366e-04 1.529036e-04 1.292200e-04 2.142566e-04 1.052620e-04 1.665084e-04 1.692217e-04 7.741712e-05 8.080289e-05 1.661021e-04 1.890944e-04 8.712944e-05 9.789384e-05 1.452864e-04 1.144653e-04 1.003781e-04 2.008402e-04 1.121840e-04 1.127250e-04 2.420377e-04 2.107731e-04 1.323387e-04 9.230228e-05 1.051050e-04 8.394162e-05 1.880205e-04 1.187630e-04 1.653019e-04 1.056110e-04 9.763371e-05 1.002852e-04 9.481444e-05 1.902386e-04 9.216764e-05 2.009165e-04 1.781302e-04 1.547990e-04 1.269759e-04 8.630425e-05 1.141583e-04 9.257111e-05 1.124991e-04 1.044916e-04 1.417188e-04 1.348109e-04 1.438457e-04 1.386649e-04 8.725685e-05 9.420400e-05 1.365709e-04 9.770505e-05 1.925101e-04 7.743262e-05 2.128943e-04 9.727638e-05 9.544362e-05 1.996182e-04 1.746780e-04
9.506499e-05 6.732375e-05 5.622101e-05 1.280325e-04 8.276937e-05 1.344512e-04 1.689912e-04 7.099584e-05 8.262759e-05 1.241558e-04 1.475518e-04 8.293453e-05 1.380279e-04 1.529766e-04 1.280887e-04 1.535876e-04 8.741296e-05 9.049249e-05 1.507045e-04 6.070498e-05 6.420036e-05 1.461795e-04 1.331009e-04 6.410342e-05 1.310543e-04 1.457184e-04 1.311535e-04 6.758404e-05 1.396684e-04 6.403782e-05 1.127048e-04 9.273106e-05 1.442079e-04 7.661031e-05 7.053952e-05 1.487393e-04 9.281444e-05 7.678638e-05 4.313920e-05 5.671367e-05 9.496936e-05 1.129757e-04 9.760916e-05 1.842746e-04 9.967704e-05 8.844410e-05 6.970427e-05 1.481068e-04 9.096970e-05 8.812300e-05 9.052609e-05 1.203325e-04 1.000122e-04 1.772564e-04 7.357569e-05 1.504496e-04 1.478232e-04 7.061792e-05 9.237032e-05 1.206759e-04 1.658430e-04 8.244574e-05 8.243570e-05 1.108291e-04 8.009845e-05 9.316829e-05 1.724564e-04 8.989593e-05 7.974728e-05 1.732973e-04 1.533911e-04 9.004586e-05 6.738214e-05 8.247679e-05 6.071267e-05 1.362264e-04 7.359160e-05 1.725473e-04 7.714377e-05 9.524858e-05 6.390933e-05 7.652983e-05 1.505904e-04 8.753275e-05 1.536655e-04 1.202421e-04 1.020033e-04 1.015519e-04 7.349263e-05 8.795116e-05 6.696461e-05 7.057848e-05 9.973125e-05 1.044964e-04 1.208624e-04 1.063790e-04 9.007461e-05 8.008604e-05 6.714276e-05 8.525405e-05 8.247240e-05 1.592410e-04 6.744754e-05 1.564004e-04 7.959990e-05 9.277638e-05 1.412034e-04 1.122433e-04
4.639905e-05 4.453589e-05 3.106568e-05 4.978189e-05 4.591333e-05 6.039225e-05 7.833137e-05 4.084219e-05 3.719947e-05 5.253806e-05 7.072926e-05 4.117771e-05 5.236201e-05 8.096093e-05 7.121960e-05 8.516902e-05 4.281281e-05 5.471301e-05 8.291871e-05 4.741154e-05 3.720126e-05 8.133381e-05 6.744472e-05 2.948241e-05 6.295498e-05 6.335528e-05 5.643469e-05 2.966562e-05 7.951334e-05 3.499170e-05 6.263358e-05 5.375499e-05 6.874639e-05 3.877666e-05 3.728058e-05 8.010424e-05 4.557974e-05 3.416845e-05 3.631172e-05 3.830143e-05 4.413843e-05 6.426677e-05 3.994784e-05 7.802039e-05 4.631084e-05 3.616690e-05 2.247607e-05 7.871838e-05 5.944238e-05 4.016791e-05 4.333228e-05 5.708555e-05 4.442302e-05 9.055406e-05 4.417220e-05 6.635494e-05 7.304061e-05 3.302934e-05 2.664438e-05 6.004308e-05 7.105114e-05 3.273499e-05 4.034771e-05 6.207461e-05 4.559351e-05 4.645918e-05 7.626063e-05 4.330588e-05 3.254749e-05 9.606939e-05 8.274439e-05 5.535841e-05 4.189509e-05 3.977152e-05 2.820602e-05 6.868900e-05 3.000050e-05 7.465844e-05 3.558796e-05 4.563362e-05 3.001772e-05 3.477595e-05 7.451527e-05 3.920207e-05 7.515967e-05 7.439253e-05 5.217013e-05 4.465740e-05 4.463648e-05 4.703589e-05 3.976972e-05 4.290147e-05 4.234325e-05 5.439184e-05 6.176752e-05 5.928451e-05 4.458595e-05 4.562788e-05 4.316273e-05 5.606269e-05 3.115190e-05 8.380649e-05 3.992062e-05 7.877206e-05 1.984907e-05 4.547825e-05 6.871399e-05 6.909852e-05
3.019759e-05 2.225044e-05 2.406112e-05 3.987297e-05 2.691379e-05 3.758851e-05 4.385308e-05 2.563956e-05 2.403575e-05 3.252711e-05 5.363125e-05 2.620067e-05 4.457212e-05 6.390602e-05 4.561774e-05 5.733728e-05 2.837594e-05 3.738353e-05 5.605426e-05 2.380195e-05 2.724043e-05 5.435708e-05 4.608485e-05 2.432798e-05 3.835339e-05 4.434890e-05 3.224953e-05 2.731158e-05 4.895979e-05 2.389523e-05 4.088028e-05 3.646202e-05 4.454587e-05 2.990650e-05 2.391514e-05 4.426322e-05 3.296962e-05 1.311045e-05 1.784012e-05 2.880285e-05 1.824751e-05 4.270525e-05 2.013245e-05 4.867344e-05 2.412538e-05 1.990646e-05 3.028431e-05 4.546074e-05 3.157144e-05 2.428801e-05 1.259812e-05 4.326580e-05 2.386717e-05 5.356035e-05 2.548471e-05 4.890294e-05 4.453503e-05 1.322478e-05 2.415099e-05 4.163303e-05 4.873500e-05 2.877145e-05 2.002012e-05 3.873695e-05 1.549994e-05 1.599392e-05 4.450154e-05 2.401786e-05 2.968898e-05 7.044864e-05 5.743244e-05 2.201332e-05 2.379305e-05 2.699052e-05 1.833303e-05 4.805390e-05 2.326485e-05 4.901589e-05 2.428193e-05 1.786722e-05 2.050430e-05 1.798004e-05 4.596443e-05 2.885129e-05 4.587081e-05 4.632636e-05 3.409512e-05 3.492613e-05 2.397994e-05 3.011728e-05 2.044588e-05 2.538863e-05 2.016816e-05 2.842607e-05 4.782474e-05 3.643396e-05 3.165231e-05 3.031607e-05 2.403824e-05 3.136665e-05 1.794095e-05 5.490980e-05 1.848791e-05 4.995065e-05 1.606019e-05 2.890590e-05 4.351456e-05 5.253341e-05
2.209556e-05 2.036675e-05 1.157171e-05 1.676040e-05 2.201590e-05 3.222438e-05 3.538822e-05 1.190597e-05 1.414196e-05 1.647004e-05 2.865552e-05 1.413422e-05 2.799038e-05 2.747625e-05 2.224465e-05 2.762129e-05 2.072686e-05 1.880078e-05 2.894809e-05 1.663452e-05 2.035073e-05 3.621742e-05 3.108745e-05 1.650735e-05 3.125541e-05 3.428908e-05 2.221123e-05 2.207094e-05 3.664028e-05 1.178315e-05 2.995021e-05 2.344480e-05 2.755311e-05 1.424649e-05 2.752820e-05 2.890867e-05 1.179350e-05 8.167904e-06 1.460460e-05 1.466189e-05 1.666340e-05 2.171167e-05 1.880607e-05 2.790856e-05 1.689968e-05 1.668945e-05 1.869218e-05 3.837889e-05 2.337777e-05 1.187510e-05 2.207504e-05 2.467308e-05 2.014444e-05 3.123586e-05 2.209236e-05 2.855006e-05 3.199300e-05 2.036367e-05 2.056790e-05 2.516000e-05 2.727454e-05 1.666975e-05 1.823935e-05 2.193452e-05 1.882474e-05 1.991640e-05 3.003358e-05 1.648109e-05 1.448800e-05 2.362032e-05 3.666159e-05 2.213107e-05 7.994802e-06 1.461744e-05 1.183770e-05 2.478511e-05 1.177880e-05 3.741562e-05 2.231469e-05 1.204853e-05 1.455790e-05 1.441352e-05 2.912161e-05 1.661980e-05 2.023781e-05 3.701061e-05 2.221838e-05 1.861430e-05 1.430292e-05 1.181507e-05 1.635829e-05 1.395561e-05 1.663685e-05 2.355974e-05 1.864665e-05 2.638645e-05 1.879576e-05 1.140995e-05 2.064841e-05 2.198952e-05 8.517518e-06 3.808425e-05 2.206786e-05 3.833352e-05 8.513672e-06 1.847837e-05 2.022516e-05 3.040092e-05
5.137456e-06 3.981583e-06 5.255062e-06 7.427947e-06 6.363673e-06 9.265466e-06 1.035892e-05 5.505928e-06 0.000000e+00 9.855052e-06 1.113741e-05 6.487114e-06 9.283452e-06 1.240500e-05 1.470508e-05 1.520190e-05 3.776070e-06 1.242886e-05 1.007434e-05 3.947477e-06 6.756046e-06 1.255267e-05 1.294891e-05 6.656319e-06 9.906302e-06 1.251530e-05 6.457665e-06 6.587265e-06 1.360465e-05 3.627164e-06 1.193325e-05 9.279502e-06 1.289215e-05 7.556877e-06 7.374144e-06 9.995065e-06 7.295366e-06 3.941574e-06 3.805635e-06 3.694827e-06 9.071938e-06 1.280555e-05 9.076119e-06 1.373412e-05 6.413545e-06 5.387701e-06 3.964480e-06 8.353767e-06 8.228559e-06 8.474341e-06 9.240169e-06 9.294591e-06 3.847334e-06 1.426195e-05 8.632608e-06 1.186644e-05 1.359005e-05 9.196950e-06 3.701970e-06 1.053044e-05 1.081491e-05 3.802470e-06 5.382172e-06 7.663592e-06 1.063380e-05 7.729603e-06 1.177668e-05 5.059079e-06 5.365533e-06 1.502330e-05 1.596209e-05 7.282735e-06 7.555910e-06 6.813934e-06 6.392503e-06 1.272046e-05 5.210595e-06 8.254272e-06 7.757999e-06 5.019522e-06 3.767340e-06 8.395139e-06 9.248426e-06 5.399418e-06 1.623093e-05 1.014155e-05 7.671922e-06 9.266101e-06 3.806165e-06 7.634003e-06 5.420187e-06 8.709323e-06 7.513114e-06 5.518683e-06 7.392997e-06 9.859869e-06 6.561150e-06 8.386793e-06 5.406783e-06 7.434849e-06 3.959432e-06 1.261085e-05 5.235547e-06 1.349958e-05 5.460273e-06 5.488426e-06 1.244429e-05 1.433693e-05
4.638620e-06 4.465488e-06 3.381597e-06 3.106404e-06 6.339456e-06 0.000000e+00 7.496405e-06 0.000000e+00 3.372747e-06 3.135549e-06 3.348804e-06 0.000000e+00 5.730181e-06 5.654164e-06 4.705487e-06 3.258837e-06 4.585505e-06 3.160391e-06 5.792153e-06 3.233304e-06 3.213638e-06 5.774407e-06 6.459891e-06 3.128106e-06 7.448070e-06 5.668673e-06 4.642491e-06 4.722882e-06 5.688234e-06 0.000000e+00 5.686881e-06 3.377927e-06 5.692778e-06 0.000000e+00 3.332734e-06 4.767928e-06 0.000000e+00 0.000000e+00 0.000000e+00 0.000000e+00 3.374555e-06 4.525861e-06 0.000000e+00 5.562827e-06 0.000000e+00 3.180305e-06 5.586298e-06 6.610122e-06 4.683062e-06 3.240332e-06 3.224005e-06 5.622346e-06 6.468712e-06 5.480239e-06 3.225712e-06 4.434482e-06 6.819653e-06 0.000000e+00 4.810580e-06 7.817784e-06 7.266004e-06 4.479024e-06 0.000000e+00 3.411237e-06 3.156802e-06 0.000000e+00 8.030677e-06 0.000000e+00 3.278590e-06 0.000000e+00 7.920085e-06 3.324197e-06 3.351309e-06 6.533801e-06 4.523991e-06 6.558520e-06 0.000000e+00 5.690579e-06 0.000000e+00 0.000000e+00 3.278363e-06 0.000000e+00 6.715066e-06 0.000000e+00 5.628984e-06 5.774098e-06 0.000000e+00 3.286861e-06 3.316390e-06 3.162736e-06 0.000000e+00 3.267518e-06 3.211086e-06 5.777205e-06 5.410348e-06 3.406196e-06 0.000000e+00 3.391739e-06 0.000000e+00 3.399461e-06 0.000000e+00 7.364094e-06 3.210715e-06 5.778426e-06 0.000000e+00 0.000000e+00 3.076183e-06 6.701483e-06
0.000000e+00 2.998503e-06 0.000000e+00 3.034184e-06 0.000000e+00 3.007424e-06 4.249201e-06 0.000000e+00 0.000000e+00 0.000000e+00 2.958457e-06 0.000000e+00 0.000000e+00 2.854539e-06 2.951865e-06 0.000000e+00 2.866970e-06 0.000000e+00 4.170554e-06 2.933032e-06 0.000000e+00 3.040959e-06 2.884108e-06 0.000000e+00 0.000000e+00 2.828942e-06 0.000000e+00 0.000000e+00 0.000000e+00 0.000000e+00 5.003261e-06 0.000000e+00 0.000000e+00 0.000000e+00 0.000000e+00 0.000000e+00 4.169739e-06 2.964754e-06 2.919273e-06 0.000000e+00 0.000000e+00 2.779601e-06 0.000000e+00 4.998121e-06 0.000000e+00 0.000000e+00 3.026790e-06 0.000000e+00 0.000000e+00 2.803340e-06 0.000000e+00 0.000000e+00 0.000000e+00 4.220617e-06 0.000000e+00 4.995189e-06 0.000000e+00 0.000000e+00 0.000000e+00 5.074193e-06 3.029384e-06 0.000000e+00 0.000000e+00 2.974869e-06 0.000000e+00 0.000000e+00 4.261216e-06 0.000000e+00 0.000000e+00 0.000000e+00 3.039105e-06 0.000000e+00 0.000000e+00 4.071237e-06 0.000000e+00 3.036035e-06 0.000000e+00 0.000000e+00 0.000000e+00 0.000000e+00 0.000000e+00 2.992288e-06 2.744880e-06 0.000000e+00 2.806619e-06 0.000000e+00 3.036369e-06 2.802937e-06 0.000000e+00 0.000000e+00 0.000000e+00 0.000000e+00 0.000000e+00 3.033231e-06 0.000000e+00 0.000000e+00 3.040481e-06 0.000000e+00 0.000000e+00 2.957896e-06 0.000000e+00 3.046687e-06 2.786518e-06 3.939421e-06 2.845277e-06 0.000000e+00 2.831878e-06 2.957760e-06
2.556757e-06 0.000000e+00 0.000000e+00 0.000000e+00 0.000000e+00 0.000000e+00 2.655709e-06 0.000000e+00 0.000000e+00 2.557553e-06 0.000000e+00 0.000000e+00 0.000000e+00 0.000000e+00 0.000000e+00 0.000000e+00 0.000000e+00 0.000000e+00 0.000000e+00 0.000000e+00 0.000000e+00 0.000000e+00 0.000000e+00 0.000000e+00 0.000000e+00 0.000000e+00 0.000000e+00 0.000000e+00 0.000000e+00 2.711077e-06 0.000000e+00 2.637907e-06 0.000000e+00 0.000000e+00 0.000000e+00 0.000000e+00 2.504189e-06 0.000000e+00 0.000000e+00 0.000000e+00 0.000000e+00 0.000000e+00 2.649156e-06 2.625473e-06 0.000000e+00 0.000000e+00 0.000000e+00 0.000000e+00 0.000000e+00 0.000000e+00 0.000000e+00 0.000000e+00 0.000000e+00 0.000000e+00 0.000000e+00 0.000000e+00 2.551384e-06 2.697021e-06 0.000000e+00 0.000000e+00 3.657771e-06 0.000000e+00 0.000000e+00 0.000000e+00 0.000000e+00 0.000000e+00 2.585189e-06 2.518355e-06 0.000000e+00 0.000000e+00 2.634524e-06 2.604721e-06 0.000000e+00 0.000000e+00 0.000000e+00 0.000000e+00 0.000000e+00 0.000000e+00 0.000000e+00 0.000000e+00 0.000000e+00 0.000000e+00 0.000000e+00 0.000000e+00 0.000000e+00 0.000000e+00 0.000000e+00 0.000000e+00 0.000000e+00 0.000000e+00 0.000000e+00 0.000000e+00 2.603960e-06 0.000000e+00 0.000000e+00 2.477083e-06 2.650100e-06 0.000000e+00 0.000000e+00 0.000000e+00 0.000000e+00 0.000000e+00 0.000000e+00 2.670621e-06 0.000000e+00 0.000000e+00 0.000000e+00 2.667580e-06
