# Version 0.0
# Data /lustre/isaac24/proj/UTK0244/cbaillar/Bayes_HEP/Knoxville_Project/input_all_108/Data/Data__200__pp__BRAHMS_2007_I742956__d08-x01-y01.dat
# Observable: $\frac{1}{2\pi{p_{T}}}\frac{d^2\sigma}{dp_{T}dy}\left[mb(GeV^{-2})c^3\right]$
# Subobservable: $p_T \left[GeV\right]$
# Title: Invariant Cross Section for Pion$^-$ (y= 3.3)
# XScale: linear
# YScale: log
# XLims: 2.500000e-01 4.200000e+00
# YLims: 9.000000e-07 1.100000e+02
# Design Design_Rivet.dat
# design_point1 design_point2 design_point3 design_point4 design_point5 design_point6 design_point7 design_point8 design_point9 design_point10 design_point11 design_point12 design_point13 design_point14 design_point15 design_point16 design_point17 design_point18 design_point19 design_point20 design_point21 design_point22 design_point23 design_point24 design_point25 design_point26 design_point27 design_point28 design_point29 design_point30 design_point31 design_point32 design_point33 design_point34 design_point35 design_point36 design_point37 design_point38 design_point39 design_point40 design_point41 design_point42 design_point43 design_point44 design_point45 design_point46 design_point47 design_point48 design_point49 design_point50 design_point51 design_point52 design_point53 design_point54 design_point55 design_point56 design_point57 design_point58 design_point59 design_point60 design_point61 design_point62 design_point63 design_point64 design_point65 design_point66 design_point67 design_point68 design_point69 design_point70 design_point71 design_point72 design_point73 design_point74 design_point75 design_point76 design_point77 design_point78 design_point79 design_point80 design_point81 design_point82 design_point83 design_point84 design_point85 design_point86 design_point87 design_point88 design_point89 design_point90 design_point91 design_point92 design_point93 design_point94 design_point95 design_point96 design_point97 design_point98 design_point99 design_point100 design_point101 design_point102 design_point103 design_point104 design_point105 design_point106 design_point107 design_point108
3.023551e+01 3.040211e+01 3.002417e+01 3.225691e+01 3.037646e+01 3.200989e+01 3.454113e+01 2.994573e+01 3.000099e+01 3.117191e+01 3.491059e+01 3.017008e+01 3.288417e+01 3.329859e+01 3.230999e+01 3.367960e+01 3.046810e+01 3.224879e+01 3.411314e+01 3.022248e+01 3.015719e+01 3.509715e+01 3.543009e+01 2.991511e+01 3.260798e+01 3.284313e+01 3.167213e+01 3.013557e+01 3.343652e+01 2.987651e+01 3.280225e+01 3.109396e+01 3.470291e+01 3.042514e+01 3.026412e+01 3.494900e+01 3.064953e+01 2.980415e+01 2.993446e+01 3.010651e+01 3.037690e+01 3.166227e+01 3.014340e+01 3.398238e+01 3.007831e+01 3.017940e+01 3.050731e+01 3.334671e+01 3.143383e+01 3.025052e+01 3.040069e+01 3.216109e+01 3.058051e+01 3.422349e+01 3.024376e+01 3.289441e+01 3.339476e+01 3.012291e+01 2.990514e+01 3.253612e+01 3.260872e+01 3.006803e+01 3.000761e+01 3.515229e+01 3.038485e+01 3.024852e+01 3.344231e+01 3.012015e+01 3.000465e+01 3.581678e+01 3.353987e+01 3.079250e+01 3.019588e+01 2.999333e+01 2.989179e+01 3.290687e+01 2.988359e+01 3.485074e+01 2.997059e+01 2.995353e+01 2.996426e+01 3.001801e+01 3.517440e+01 3.019745e+01 3.460760e+01 3.302846e+01 3.168428e+01 3.110032e+01 3.021245e+01 3.011426e+01 3.005210e+01 3.048331e+01 2.996152e+01 3.120202e+01 3.201016e+01 3.179633e+01 3.138530e+01 3.003127e+01 3.004672e+01 3.088662e+01 2.994648e+01 3.358328e+01 3.002334e+01 3.425613e+01 3.006416e+01 3.002195e+01 3.537265e+01 3.331875e+01
2.308152e+01 2.328758e+01 2.286651e+01 2.457239e+01 2.314949e+01 2.441084e+01 2.608631e+01 2.294668e+01 2.296652e+01 2.377536e+01 2.621403e+01 2.298749e+01 2.495853e+01 2.515768e+01 2.452049e+01 2.533577e+01 2.329550e+01 2.461622e+01 2.566327e+01 2.311859e+01 2.303372e+01 2.638034e+01 2.675128e+01 2.310643e+01 2.483056e+01 2.480316e+01 2.398021e+01 2.295934e+01 2.526160e+01 2.297641e+01 2.476868e+01 2.372994e+01 2.602033e+01 2.305090e+01 2.315959e+01 2.646365e+01 2.334319e+01 2.280840e+01 2.284451e+01 2.306518e+01 2.329657e+01 2.411084e+01 2.311124e+01 2.552026e+01 2.307528e+01 2.307519e+01 2.321481e+01 2.503756e+01 2.391093e+01 2.309946e+01 2.313252e+01 2.462842e+01 2.367564e+01 2.574791e+01 2.314897e+01 2.496303e+01 2.522370e+01 2.303948e+01 2.284792e+01 2.480425e+01 2.463530e+01 2.308884e+01 2.303019e+01 2.669487e+01 2.311971e+01 2.314549e+01 2.543837e+01 2.316106e+01 2.293634e+01 2.693310e+01 2.516759e+01 2.350188e+01 2.316694e+01 2.295187e+01 2.291242e+01 2.499883e+01 2.290319e+01 2.628394e+01 2.310446e+01 2.297345e+01 2.290474e+01 2.291899e+01 2.672277e+01 2.312003e+01 2.620977e+01 2.501063e+01 2.409437e+01 2.361464e+01 2.305782e+01 2.308137e+01 2.284507e+01 2.323197e+01 2.298533e+01 2.379832e+01 2.437547e+01 2.422680e+01 2.403507e+01 2.300339e+01 2.291878e+01 2.359804e+01 2.287786e+01 2.540059e+01 2.293758e+01 2.580937e+01 2.281966e+01 2.311800e+01 2.670183e+01 2.516532e+01
1.751856e+01 1.773492e+01 1.746260e+01 1.857657e+01 1.760449e+01 1.847320e+01 1.961722e+01 1.741583e+01 1.736221e+01 1.796411e+01 1.986108e+01 1.756588e+01 1.888551e+01 1.897444e+01 1.851170e+01 1.913905e+01 1.757310e+01 1.858280e+01 1.945021e+01 1.750062e+01 1.745922e+01 2.001352e+01 2.024192e+01 1.752850e+01 1.875313e+01 1.872254e+01 1.823668e+01 1.746766e+01 1.908469e+01 1.743200e+01 1.876802e+01 1.806203e+01 1.955779e+01 1.756351e+01 1.759619e+01 2.003567e+01 1.767565e+01 1.735515e+01 1.739977e+01 1.751359e+01 1.760018e+01 1.825559e+01 1.758799e+01 1.927690e+01 1.745160e+01 1.750644e+01 1.751198e+01 1.909123e+01 1.804129e+01 1.756803e+01 1.753106e+01 1.851516e+01 1.783487e+01 1.929837e+01 1.750776e+01 1.884227e+01 1.913082e+01 1.748723e+01 1.746781e+01 1.875359e+01 1.858539e+01 1.746626e+01 1.736452e+01 2.012869e+01 1.753372e+01 1.767344e+01 1.926307e+01 1.748483e+01 1.734640e+01 2.039174e+01 1.906843e+01 1.783905e+01 1.756493e+01 1.745073e+01 1.735864e+01 1.888776e+01 1.739952e+01 1.969834e+01 1.750283e+01 1.751008e+01 1.742804e+01 1.746063e+01 2.010430e+01 1.761636e+01 1.979264e+01 1.882333e+01 1.829611e+01 1.799150e+01 1.753596e+01 1.753611e+01 1.743678e+01 1.756372e+01 1.751665e+01 1.799657e+01 1.850704e+01 1.831120e+01 1.819790e+01 1.756655e+01 1.748991e+01 1.776234e+01 1.745424e+01 1.906674e+01 1.744453e+01 1.936897e+01 1.733839e+01 1.737866e+01 2.010682e+01 1.893729e+01
1.331301e+01 1.337298e+01 1.316302e+01 1.398366e+01 1.328670e+01 1.393593e+01 1.467690e+01 1.320941e+01 1.317530e+01 1.354708e+01 1.479572e+01 1.326894e+01 1.420739e+01 1.424972e+01 1.400044e+01 1.440837e+01 1.333425e+01 1.399029e+01 1.455350e+01 1.321073e+01 1.324910e+01 1.497213e+01 1.516057e+01 1.316559e+01 1.412137e+01 1.410575e+01 1.381415e+01 1.324035e+01 1.430497e+01 1.315696e+01 1.426589e+01 1.348696e+01 1.471691e+01 1.319586e+01 1.324048e+01 1.511236e+01 1.337728e+01 1.314796e+01 1.312104e+01 1.323285e+01 1.330378e+01 1.381129e+01 1.323077e+01 1.447287e+01 1.322673e+01 1.321557e+01 1.321098e+01 1.426903e+01 1.369049e+01 1.324359e+01 1.328212e+01 1.395608e+01 1.343393e+01 1.451274e+01 1.331385e+01 1.415297e+01 1.431934e+01 1.322360e+01 1.313225e+01 1.411651e+01 1.393329e+01 1.315415e+01 1.322028e+01 1.516338e+01 1.324291e+01 1.325882e+01 1.433566e+01 1.319157e+01 1.313114e+01 1.516224e+01 1.429576e+01 1.353561e+01 1.321807e+01 1.319616e+01 1.311041e+01 1.423985e+01 1.310261e+01 1.478768e+01 1.323203e+01 1.319462e+01 1.321932e+01 1.321695e+01 1.499584e+01 1.325045e+01 1.482274e+01 1.424195e+01 1.385131e+01 1.355936e+01 1.319570e+01 1.326788e+01 1.315365e+01 1.324217e+01 1.317127e+01 1.367161e+01 1.394653e+01 1.382029e+01 1.373536e+01 1.324091e+01 1.319396e+01 1.340228e+01 1.300025e+01 1.437284e+01 1.322908e+01 1.452848e+01 1.309078e+01 1.314374e+01 1.514083e+01 1.418865e+01
9.965437e+00 9.974590e+00 9.845460e+00 1.055827e+01 1.000511e+01 1.047302e+01 1.103486e+01 9.892270e+00 9.899481e+00 1.017715e+01 1.110202e+01 9.914309e+00 1.064474e+01 1.068925e+01 1.042928e+01 1.073259e+01 1.000569e+01 1.049392e+01 1.087406e+01 1.001351e+01 9.960931e+00 1.121791e+01 1.138502e+01 9.877659e+00 1.053518e+01 1.055765e+01 1.040132e+01 9.886015e+00 1.075985e+01 9.880228e+00 1.062282e+01 1.017910e+01 1.094006e+01 9.970147e+00 9.951869e+00 1.121426e+01 1.003827e+01 9.873643e+00 9.863610e+00 9.909145e+00 1.003099e+01 1.034023e+01 1.003197e+01 1.086790e+01 9.864756e+00 9.925158e+00 9.918236e+00 1.067590e+01 1.024542e+01 9.972184e+00 9.926038e+00 1.038075e+01 1.010353e+01 1.090243e+01 9.954027e+00 1.071800e+01 1.072638e+01 9.914135e+00 9.872318e+00 1.057602e+01 1.042884e+01 9.975224e+00 9.885972e+00 1.129792e+01 9.959254e+00 9.895334e+00 1.075440e+01 9.956477e+00 9.853487e+00 1.147018e+01 1.071913e+01 1.006786e+01 9.875572e+00 9.878822e+00 9.859622e+00 1.067854e+01 9.801526e+00 1.109028e+01 9.919024e+00 9.881726e+00 9.841341e+00 9.909234e+00 1.130120e+01 9.958686e+00 1.109447e+01 1.064811e+01 1.038631e+01 1.014431e+01 9.987303e+00 9.981462e+00 9.911804e+00 9.967437e+00 9.877340e+00 1.024235e+01 1.043382e+01 1.037756e+01 1.027752e+01 9.878145e+00 9.908539e+00 1.016712e+01 9.839489e+00 1.069730e+01 9.932779e+00 1.087658e+01 9.841091e+00 9.989399e+00 1.133596e+01 1.067439e+01
7.462372e+00 7.529023e+00 7.361661e+00 7.846293e+00 7.445759e+00 7.835525e+00 8.209225e+00 7.359454e+00 7.437652e+00 7.573480e+00 8.316724e+00 7.446409e+00 7.965508e+00 7.917276e+00 7.780576e+00 7.982155e+00 7.450987e+00 7.813045e+00 8.106862e+00 7.391840e+00 7.456126e+00 8.399283e+00 8.489486e+00 7.369337e+00 7.899203e+00 7.821703e+00 7.650126e+00 7.364228e+00 7.967900e+00 7.409657e+00 7.950022e+00 7.564559e+00 8.166749e+00 7.384295e+00 7.453728e+00 8.381431e+00 7.507013e+00 7.371783e+00 7.377471e+00 7.413434e+00 7.440040e+00 7.749313e+00 7.408508e+00 8.099967e+00 7.424368e+00 7.421594e+00 7.417007e+00 7.974475e+00 7.644581e+00 7.521836e+00 7.430993e+00 7.791663e+00 7.529505e+00 8.100313e+00 7.399227e+00 7.954598e+00 8.024441e+00 7.394804e+00 7.398639e+00 7.921143e+00 7.736281e+00 7.456647e+00 7.366403e+00 8.421802e+00 7.412339e+00 7.479824e+00 8.014429e+00 7.415402e+00 7.375286e+00 8.473015e+00 8.033391e+00 7.554184e+00 7.414011e+00 7.367335e+00 7.356781e+00 7.975316e+00 7.353582e+00 8.331751e+00 7.371080e+00 7.402392e+00 7.371101e+00 7.339859e+00 8.370759e+00 7.435706e+00 8.270909e+00 7.955793e+00 7.775386e+00 7.572952e+00 7.381752e+00 7.432601e+00 7.371027e+00 7.427081e+00 7.344916e+00 7.625063e+00 7.853124e+00 7.771294e+00 7.692150e+00 7.394611e+00 7.403692e+00 7.581504e+00 7.420101e+00 8.045490e+00 7.398807e+00 8.073911e+00 7.296663e+00 7.391308e+00 8.406485e+00 7.908830e+00
5.527227e+00 5.587555e+00 5.432099e+00 5.862582e+00 5.531688e+00 5.778004e+00 6.102109e+00 5.446453e+00 5.478697e+00 5.652663e+00 6.119258e+00 5.474797e+00 5.903475e+00 5.885659e+00 5.791558e+00 5.963512e+00 5.587920e+00 5.777391e+00 6.055013e+00 5.510708e+00 5.491386e+00 6.192037e+00 6.257923e+00 5.498716e+00 5.854494e+00 5.833452e+00 5.706554e+00 5.470292e+00 5.978328e+00 5.464752e+00 5.892277e+00 5.649739e+00 6.028259e+00 5.483418e+00 5.513574e+00 6.255708e+00 5.526097e+00 5.506900e+00 5.447191e+00 5.494405e+00 5.508736e+00 5.729195e+00 5.513441e+00 6.024030e+00 5.503006e+00 5.487077e+00 5.536792e+00 5.944532e+00 5.692822e+00 5.545835e+00 5.510671e+00 5.802675e+00 5.571686e+00 6.032341e+00 5.498819e+00 5.946362e+00 5.931178e+00 5.507360e+00 5.447819e+00 5.926417e+00 5.765528e+00 5.471486e+00 5.470934e+00 6.296768e+00 5.493206e+00 5.529530e+00 5.971625e+00 5.524263e+00 5.477167e+00 6.309858e+00 5.955854e+00 5.659387e+00 5.522360e+00 5.464504e+00 5.406177e+00 5.937839e+00 5.427689e+00 6.164039e+00 5.490507e+00 5.518149e+00 5.467195e+00 5.430291e+00 6.275048e+00 5.509395e+00 6.176053e+00 5.916754e+00 5.735441e+00 5.615324e+00 5.503694e+00 5.499482e+00 5.430488e+00 5.497422e+00 5.457221e+00 5.690399e+00 5.770531e+00 5.778323e+00 5.687599e+00 5.469659e+00 5.503629e+00 5.598365e+00 5.450352e+00 5.987102e+00 5.485782e+00 6.012309e+00 5.438362e+00 5.453039e+00 6.259771e+00 5.846973e+00
4.047179e+00 4.085567e+00 4.026361e+00 4.304162e+00 4.043303e+00 4.261702e+00 4.530288e+00 4.035923e+00 4.006140e+00 4.180816e+00 4.592003e+00 4.032403e+00 4.372083e+00 4.392635e+00 4.284936e+00 4.407818e+00 4.044193e+00 4.237242e+00 4.508919e+00 4.059186e+00 4.043556e+00 4.616690e+00 4.671877e+00 4.027971e+00 4.331518e+00 4.364122e+00 4.220712e+00 4.003850e+00 4.410077e+00 4.027402e+00 4.371753e+00 4.170463e+00 4.504956e+00 4.054987e+00 4.051149e+00 4.600339e+00 4.102311e+00 4.009197e+00 3.994203e+00 4.012669e+00 4.090604e+00 4.232023e+00 4.035591e+00 4.473326e+00 4.025774e+00 4.072415e+00 4.027820e+00 4.392715e+00 4.168806e+00 4.067854e+00 4.065542e+00 4.297589e+00 4.101937e+00 4.473183e+00 4.083435e+00 4.376769e+00 4.447238e+00 4.001554e+00 3.986843e+00 4.390396e+00 4.289291e+00 4.057554e+00 4.031495e+00 4.617571e+00 4.028613e+00 4.061329e+00 4.440894e+00 4.049645e+00 4.039373e+00 4.700532e+00 4.430831e+00 4.126763e+00 4.039690e+00 3.993355e+00 3.990936e+00 4.373147e+00 3.959397e+00 4.596382e+00 4.038618e+00 4.028457e+00 4.045018e+00 3.990012e+00 4.617066e+00 4.035982e+00 4.555098e+00 4.379049e+00 4.233566e+00 4.199222e+00 4.040662e+00 4.084637e+00 4.016636e+00 4.054074e+00 4.047980e+00 4.193048e+00 4.312877e+00 4.223636e+00 4.202211e+00 4.021867e+00 4.039072e+00 4.185566e+00 4.028563e+00 4.420783e+00 4.046228e+00 4.470597e+00 4.001735e+00 4.037345e+00 4.605928e+00 4.393037e+00
2.996942e+00 3.006167e+00 2.945699e+00 3.166920e+00 2.958689e+00 3.181553e+00 3.346685e+00 2.943366e+00 2.948711e+00 3.079544e+00 3.382943e+00 2.982848e+00 3.221499e+00 3.232754e+00 3.147552e+00 3.267620e+00 2.999198e+00 3.123767e+00 3.324841e+00 2.943502e+00 2.947915e+00 3.388724e+00 3.430156e+00 2.946662e+00 3.185922e+00 3.202538e+00 3.100766e+00 2.920768e+00 3.224393e+00 2.936459e+00 3.228888e+00 3.024196e+00 3.312166e+00 2.985460e+00 2.980839e+00 3.390621e+00 2.986963e+00 2.939285e+00 2.910139e+00 2.967746e+00 2.967186e+00 3.103564e+00 2.961793e+00 3.283162e+00 2.924042e+00 2.969512e+00 2.942491e+00 3.210281e+00 3.085310e+00 2.961184e+00 2.985833e+00 3.130918e+00 3.015924e+00 3.304659e+00 2.965725e+00 3.195444e+00 3.263109e+00 2.939477e+00 2.919311e+00 3.209803e+00 3.142258e+00 2.958267e+00 2.956353e+00 3.376382e+00 2.969587e+00 2.991624e+00 3.270152e+00 2.928219e+00 2.953768e+00 3.416604e+00 3.240156e+00 3.042651e+00 2.954134e+00 2.923037e+00 2.934928e+00 3.220655e+00 2.959327e+00 3.389181e+00 2.951629e+00 2.936087e+00 2.924921e+00 2.939859e+00 3.405236e+00 2.968414e+00 3.362092e+00 3.246556e+00 3.155333e+00 3.034274e+00 2.952207e+00 2.957138e+00 2.932443e+00 3.006412e+00 2.947912e+00 3.064783e+00 3.143943e+00 3.144759e+00 3.085453e+00 2.935331e+00 2.952356e+00 3.031318e+00 2.906776e+00 3.291322e+00 2.939295e+00 3.299804e+00 2.912556e+00 2.965893e+00 3.437461e+00 3.218077e+00
2.156292e+00 2.182870e+00 2.126653e+00 2.352263e+00 2.153206e+00 2.302056e+00 2.451323e+00 2.126273e+00 2.154251e+00 2.194630e+00 2.486852e+00 2.138483e+00 2.390112e+00 2.391734e+00 2.302816e+00 2.411634e+00 2.165711e+00 2.268886e+00 2.451638e+00 2.137964e+00 2.126696e+00 2.487564e+00 2.538050e+00 2.121403e+00 2.349403e+00 2.308554e+00 2.245872e+00 2.129629e+00 2.383443e+00 2.108299e+00 2.354251e+00 2.237506e+00 2.422569e+00 2.142829e+00 2.147042e+00 2.505464e+00 2.188427e+00 2.117260e+00 2.132975e+00 2.135386e+00 2.155575e+00 2.242570e+00 2.158692e+00 2.447311e+00 2.113264e+00 2.167058e+00 2.129323e+00 2.355342e+00 2.258163e+00 2.160401e+00 2.166618e+00 2.283262e+00 2.177437e+00 2.447004e+00 2.162122e+00 2.379907e+00 2.400296e+00 2.128979e+00 2.093177e+00 2.353550e+00 2.324717e+00 2.124486e+00 2.145648e+00 2.478517e+00 2.178011e+00 2.154970e+00 2.365705e+00 2.143961e+00 2.131065e+00 2.527774e+00 2.439567e+00 2.206982e+00 2.163281e+00 2.134433e+00 2.129119e+00 2.355906e+00 2.133209e+00 2.491408e+00 2.122454e+00 2.158406e+00 2.121504e+00 2.098521e+00 2.518736e+00 2.156004e+00 2.485408e+00 2.386759e+00 2.286578e+00 2.222822e+00 2.158602e+00 2.124572e+00 2.103176e+00 2.151385e+00 2.140747e+00 2.253750e+00 2.305610e+00 2.298289e+00 2.249411e+00 2.129424e+00 2.133112e+00 2.210021e+00 2.115819e+00 2.407437e+00 2.159757e+00 2.440305e+00 2.117855e+00 2.127594e+00 2.534522e+00 2.386377e+00
1.562431e+00 1.593204e+00 1.526346e+00 1.699613e+00 1.580581e+00 1.683032e+00 1.798046e+00 1.502922e+00 1.549447e+00 1.621988e+00 1.814756e+00 1.558795e+00 1.744346e+00 1.743732e+00 1.678186e+00 1.768832e+00 1.580553e+00 1.623624e+00 1.790608e+00 1.561723e+00 1.540299e+00 1.836528e+00 1.839356e+00 1.535435e+00 1.719981e+00 1.719531e+00 1.644726e+00 1.540719e+00 1.770893e+00 1.504785e+00 1.731548e+00 1.617475e+00 1.765535e+00 1.554239e+00 1.560884e+00 1.831235e+00 1.581225e+00 1.521086e+00 1.507525e+00 1.543592e+00 1.569196e+00 1.652759e+00 1.571159e+00 1.783182e+00 1.561447e+00 1.546949e+00 1.541993e+00 1.770817e+00 1.648026e+00 1.547153e+00 1.541878e+00 1.674651e+00 1.585712e+00 1.810868e+00 1.560027e+00 1.726284e+00 1.766074e+00 1.535368e+00 1.533268e+00 1.737548e+00 1.686752e+00 1.543393e+00 1.539867e+00 1.815378e+00 1.537014e+00 1.552132e+00 1.757745e+00 1.534978e+00 1.528935e+00 1.840413e+00 1.766354e+00 1.603139e+00 1.566441e+00 1.526682e+00 1.507004e+00 1.733822e+00 1.524804e+00 1.813394e+00 1.533967e+00 1.542786e+00 1.499797e+00 1.530222e+00 1.836054e+00 1.550917e+00 1.815392e+00 1.736120e+00 1.681269e+00 1.613287e+00 1.560599e+00 1.553013e+00 1.520219e+00 1.546616e+00 1.539224e+00 1.630611e+00 1.668767e+00 1.675654e+00 1.641510e+00 1.534814e+00 1.557374e+00 1.603617e+00 1.527731e+00 1.755735e+00 1.535347e+00 1.779408e+00 1.514906e+00 1.529442e+00 1.863439e+00 1.732366e+00
1.120034e+00 1.129732e+00 1.105213e+00 1.263988e+00 1.127498e+00 1.241684e+00 1.326526e+00 1.091136e+00 1.095964e+00 1.191921e+00 1.336943e+00 1.105205e+00 1.269412e+00 1.290401e+00 1.236294e+00 1.301063e+00 1.139763e+00 1.182852e+00 1.303818e+00 1.103920e+00 1.103563e+00 1.347548e+00 1.349664e+00 1.113983e+00 1.241472e+00 1.266195e+00 1.201903e+00 1.089453e+00 1.283532e+00 1.091575e+00 1.267946e+00 1.161945e+00 1.293629e+00 1.105025e+00 1.110251e+00 1.343123e+00 1.127208e+00 1.080055e+00 1.091062e+00 1.107270e+00 1.124864e+00 1.216709e+00 1.111541e+00 1.298125e+00 1.113732e+00 1.115157e+00 1.080630e+00 1.289878e+00 1.180139e+00 1.099889e+00 1.119832e+00 1.213793e+00 1.143294e+00 1.341130e+00 1.119582e+00 1.274697e+00 1.286917e+00 1.118855e+00 1.083640e+00 1.249360e+00 1.232354e+00 1.102636e+00 1.102027e+00 1.313470e+00 1.093253e+00 1.136036e+00 1.286427e+00 1.105821e+00 1.075579e+00 1.348798e+00 1.297758e+00 1.157765e+00 1.108157e+00 1.097371e+00 1.083369e+00 1.260034e+00 1.078964e+00 1.332315e+00 1.108623e+00 1.122135e+00 1.091566e+00 1.103228e+00 1.370720e+00 1.114347e+00 1.329685e+00 1.254676e+00 1.209196e+00 1.160171e+00 1.111513e+00 1.116331e+00 1.082276e+00 1.129819e+00 1.089874e+00 1.186513e+00 1.231983e+00 1.214491e+00 1.177935e+00 1.118120e+00 1.102405e+00 1.162721e+00 1.086837e+00 1.289828e+00 1.109264e+00 1.319447e+00 1.090858e+00 1.100850e+00 1.346708e+00 1.275814e+00
7.993860e-01 8.205631e-01 7.665846e-01 9.011383e-01 7.914660e-01 8.883472e-01 9.804317e-01 7.639330e-01 7.778686e-01 8.352063e-01 9.812733e-01 7.983895e-01 9.343635e-01 9.375628e-01 8.973654e-01 9.979869e-01 8.157748e-01 8.501825e-01 9.591517e-01 7.969700e-01 7.959357e-01 9.884289e-01 9.765758e-01 7.717919e-01 9.124295e-01 8.869261e-01 8.785140e-01 7.738072e-01 9.384013e-01 7.814048e-01 9.140070e-01 8.411397e-01 9.551313e-01 8.040618e-01 7.968257e-01 9.897251e-01 8.102039e-01 7.741139e-01 7.696401e-01 7.898636e-01 8.037991e-01 8.698170e-01 7.952973e-01 9.498307e-01 7.899063e-01 7.959152e-01 7.854852e-01 9.405425e-01 8.403490e-01 8.025491e-01 7.994384e-01 8.672135e-01 8.323512e-01 9.899251e-01 7.944371e-01 9.026081e-01 9.405014e-01 7.890016e-01 7.817121e-01 9.101942e-01 8.879629e-01 7.896194e-01 7.746928e-01 9.633462e-01 7.938551e-01 8.111739e-01 9.418548e-01 7.767196e-01 7.737875e-01 9.751240e-01 9.634309e-01 8.303416e-01 7.866710e-01 7.889431e-01 7.795535e-01 9.329646e-01 7.657598e-01 9.810797e-01 7.764460e-01 7.861045e-01 7.728955e-01 7.786286e-01 9.921770e-01 7.898112e-01 9.817737e-01 9.288625e-01 8.748801e-01 8.390566e-01 7.993326e-01 7.970470e-01 7.851628e-01 7.997646e-01 7.922828e-01 8.448458e-01 8.883436e-01 8.744916e-01 8.621715e-01 7.848760e-01 8.013537e-01 8.261160e-01 7.723897e-01 9.554266e-01 7.963303e-01 9.737446e-01 7.695251e-01 7.858357e-01 9.742974e-01 9.317000e-01
5.691079e-01 5.828255e-01 5.484524e-01 6.550204e-01 5.676223e-01 6.372619e-01 7.235855e-01 5.533617e-01 5.588295e-01 6.012715e-01 7.181345e-01 5.633473e-01 6.814478e-01 6.967684e-01 6.561506e-01 7.101492e-01 5.866293e-01 6.061873e-01 7.109818e-01 5.732056e-01 5.708594e-01 7.210559e-01 7.131470e-01 5.531096e-01 6.551478e-01 6.693187e-01 6.244911e-01 5.553414e-01 6.865338e-01 5.550115e-01 6.670085e-01 6.114701e-01 6.978213e-01 5.631473e-01 5.661368e-01 7.349613e-01 5.794503e-01 5.489729e-01 5.676094e-01 5.606209e-01 5.823625e-01 6.262780e-01 5.670918e-01 7.028906e-01 5.630476e-01 5.782648e-01 5.689088e-01 7.015959e-01 6.110794e-01 5.607030e-01 5.567528e-01 6.384044e-01 5.905749e-01 7.188145e-01 5.594509e-01 6.832173e-01 6.891574e-01 5.663571e-01 5.548963e-01 6.580326e-01 6.523267e-01 5.607556e-01 5.552074e-01 7.002058e-01 5.616849e-01 5.720351e-01 6.851528e-01 5.608729e-01 5.454060e-01 7.260991e-01 7.154829e-01 5.865198e-01 5.586256e-01 5.501697e-01 5.509436e-01 6.807750e-01 5.430573e-01 7.170690e-01 5.722562e-01 5.610622e-01 5.619156e-01 5.591334e-01 7.163512e-01 5.566189e-01 7.276673e-01 6.853721e-01 6.347508e-01 6.139123e-01 5.623139e-01 5.723418e-01 5.430559e-01 5.644567e-01 5.532583e-01 6.105881e-01 6.533522e-01 6.309546e-01 6.215233e-01 5.620035e-01 5.650508e-01 6.067078e-01 5.569339e-01 7.009081e-01 5.584660e-01 7.152469e-01 5.418570e-01 5.569399e-01 7.299787e-01 6.751026e-01
4.094680e-01 4.084464e-01 3.861678e-01 4.700692e-01 4.028824e-01 4.702844e-01 5.350535e-01 3.881357e-01 3.932792e-01 4.432376e-01 5.287546e-01 4.126097e-01 4.922733e-01 5.050400e-01 4.779507e-01 5.277686e-01 4.113955e-01 4.346815e-01 5.132194e-01 4.118448e-01 4.065780e-01 5.324580e-01 5.207679e-01 3.968896e-01 4.733840e-01 4.835712e-01 4.562763e-01 4.011424e-01 5.059678e-01 3.899134e-01 4.838092e-01 4.325688e-01 5.156484e-01 3.937962e-01 4.033596e-01 5.251840e-01 4.088959e-01 3.872898e-01 3.903361e-01 4.013451e-01 4.125084e-01 4.576817e-01 3.933460e-01 5.065072e-01 3.965200e-01 4.053060e-01 3.963106e-01 5.053295e-01 4.416637e-01 4.015881e-01 3.991732e-01 4.542771e-01 4.219045e-01 5.320337e-01 4.099903e-01 4.899939e-01 5.058418e-01 3.933868e-01 3.848736e-01 4.826237e-01 4.847209e-01 4.005533e-01 3.915588e-01 5.086103e-01 4.029795e-01 4.078462e-01 5.080595e-01 3.953297e-01 3.880462e-01 5.265835e-01 5.144267e-01 4.280941e-01 4.113621e-01 3.893793e-01 3.886242e-01 4.961259e-01 3.857437e-01 5.254972e-01 3.930085e-01 3.932475e-01 3.963638e-01 3.900170e-01 5.363371e-01 3.997579e-01 5.247221e-01 4.973683e-01 4.600082e-01 4.374936e-01 4.081140e-01 4.009871e-01 3.846169e-01 4.065696e-01 3.965259e-01 4.335209e-01 4.696972e-01 4.630883e-01 4.435515e-01 3.950065e-01 3.956304e-01 4.414671e-01 3.855663e-01 5.147715e-01 4.074774e-01 5.267190e-01 3.982109e-01 3.988792e-01 5.311070e-01 4.933667e-01
2.467169e-01 2.566057e-01 2.326860e-01 3.000124e-01 2.436342e-01 2.929246e-01 3.402217e-01 2.338200e-01 2.405713e-01 2.747384e-01 3.369347e-01 2.443424e-01 3.143569e-01 3.226186e-01 3.006833e-01 3.371817e-01 2.484602e-01 2.714710e-01 3.362375e-01 2.476037e-01 2.438549e-01 3.410612e-01 3.297612e-01 2.365198e-01 3.056260e-01 3.119118e-01 2.823838e-01 2.367456e-01 3.242689e-01 2.337255e-01 3.099850e-01 2.727925e-01 3.251139e-01 2.435742e-01 2.489218e-01 3.381775e-01 2.541279e-01 2.342582e-01 2.368267e-01 2.484339e-01 2.494987e-01 2.817082e-01 2.435546e-01 3.346707e-01 2.440736e-01 2.428673e-01 2.441021e-01 3.223855e-01 2.695472e-01 2.466343e-01 2.492907e-01 2.806996e-01 2.569525e-01 3.455954e-01 2.474465e-01 3.134555e-01 3.278477e-01 2.421951e-01 2.372296e-01 3.052029e-01 3.075190e-01 2.438832e-01 2.382939e-01 3.196340e-01 2.438939e-01 2.485389e-01 3.230609e-01 2.468005e-01 2.390808e-01 3.338387e-01 3.337329e-01 2.638182e-01 2.520103e-01 2.381384e-01 2.325226e-01 3.169971e-01 2.308557e-01 3.370407e-01 2.432272e-01 2.351981e-01 2.371496e-01 2.368490e-01 3.385409e-01 2.433499e-01 3.380237e-01 3.207282e-01 2.880844e-01 2.670435e-01 2.409281e-01 2.418211e-01 2.373222e-01 2.459857e-01 2.391111e-01 2.775139e-01 2.977257e-01 2.877013e-01 2.758264e-01 2.431659e-01 2.361018e-01 2.666530e-01 2.337506e-01 3.289857e-01 2.412795e-01 3.418913e-01 2.329702e-01 2.404683e-01 3.372860e-01 3.204253e-01
1.253624e-01 1.291726e-01 1.180705e-01 1.628823e-01 1.268943e-01 1.571936e-01 1.908518e-01 1.189917e-01 1.199462e-01 1.437525e-01 1.855927e-01 1.235521e-01 1.714116e-01 1.809197e-01 1.641073e-01 1.933185e-01 1.279908e-01 1.412480e-01 1.847543e-01 1.263772e-01 1.246273e-01 1.877915e-01 1.784870e-01 1.192027e-01 1.627955e-01 1.681941e-01 1.506200e-01 1.191567e-01 1.780335e-01 1.164027e-01 1.667400e-01 1.415619e-01 1.793296e-01 1.266952e-01 1.289627e-01 1.864180e-01 1.314002e-01 1.189300e-01 1.182363e-01 1.239120e-01 1.310355e-01 1.497972e-01 1.245342e-01 1.821868e-01 1.254171e-01 1.279585e-01 1.233722e-01 1.771243e-01 1.466013e-01 1.282993e-01 1.275443e-01 1.538406e-01 1.384416e-01 1.943732e-01 1.262399e-01 1.746404e-01 1.803827e-01 1.223167e-01 1.161034e-01 1.670059e-01 1.625223e-01 1.257596e-01 1.179051e-01 1.717471e-01 1.231579e-01 1.272476e-01 1.822607e-01 1.239765e-01 1.195471e-01 1.829899e-01 1.890042e-01 1.367182e-01 1.242494e-01 1.195986e-01 1.178466e-01 1.729034e-01 1.169057e-01 1.880066e-01 1.237018e-01 1.196761e-01 1.201953e-01 1.187121e-01 1.816997e-01 1.270468e-01 1.877364e-01 1.735127e-01 1.559461e-01 1.373323e-01 1.240266e-01 1.268299e-01 1.186214e-01 1.281423e-01 1.230001e-01 1.496836e-01 1.565317e-01 1.556378e-01 1.501238e-01 1.218508e-01 1.202549e-01 1.408113e-01 1.194543e-01 1.871846e-01 1.248700e-01 1.883068e-01 1.190182e-01 1.231597e-01 1.858563e-01 1.760855e-01
7.078324e-02 7.092866e-02 6.188969e-02 8.825480e-02 6.742040e-02 8.503028e-02 1.093438e-01 6.060901e-02 6.389142e-02 7.845104e-02 1.035186e-01 6.470710e-02 9.861127e-02 1.022906e-01 9.189423e-02 1.085985e-01 6.866837e-02 7.480176e-02 1.027979e-01 6.695369e-02 6.621525e-02 1.057967e-01 9.950228e-02 6.563738e-02 9.155864e-02 9.501378e-02 8.222398e-02 5.992247e-02 1.019418e-01 5.987413e-02 9.530284e-02 7.569080e-02 1.040015e-01 6.601064e-02 6.711972e-02 1.050703e-01 6.898222e-02 6.043442e-02 6.072275e-02 6.459898e-02 6.841939e-02 8.496915e-02 6.592450e-02 1.058069e-01 6.425996e-02 6.646031e-02 6.516473e-02 1.011808e-01 8.065333e-02 6.711238e-02 6.614575e-02 8.546702e-02 7.255558e-02 1.124533e-01 6.739304e-02 9.900404e-02 1.020559e-01 6.415174e-02 6.135199e-02 9.033530e-02 9.568616e-02 6.345515e-02 6.236567e-02 9.373932e-02 6.446076e-02 6.547551e-02 9.974839e-02 6.774258e-02 6.171985e-02 1.035030e-01 1.079689e-01 7.271403e-02 6.620300e-02 5.999568e-02 5.909235e-02 9.728982e-02 6.212734e-02 1.077189e-01 6.532149e-02 6.498299e-02 6.171170e-02 6.324464e-02 9.982986e-02 6.693392e-02 1.078833e-01 9.750487e-02 8.470923e-02 7.497470e-02 6.687292e-02 6.717800e-02 6.281309e-02 6.709266e-02 6.445542e-02 8.145050e-02 8.832687e-02 8.321795e-02 8.022109e-02 6.280344e-02 6.225859e-02 7.500753e-02 6.146003e-02 1.022411e-01 6.514007e-02 1.064244e-01 5.934792e-02 6.387749e-02 1.015209e-01 9.810111e-02
3.417585e-02 3.913601e-02 3.273098e-02 5.135072e-02 3.606933e-02 4.924546e-02 6.366943e-02 3.317028e-02 3.169197e-02 4.235635e-02 5.836389e-02 3.460389e-02 5.586052e-02 6.181374e-02 5.413903e-02 6.492901e-02 3.837526e-02 4.056108e-02 6.005499e-02 3.580222e-02 3.503526e-02 6.243463e-02 5.678273e-02 3.377715e-02 5.224193e-02 5.410990e-02 4.913653e-02 3.421505e-02 5.868951e-02 3.273982e-02 5.346881e-02 4.195491e-02 5.823458e-02 3.598329e-02 3.572431e-02 5.998548e-02 3.772178e-02 3.269536e-02 3.365600e-02 3.506786e-02 3.738885e-02 4.644654e-02 3.381375e-02 6.226969e-02 3.450647e-02 3.524725e-02 3.442286e-02 6.223058e-02 4.483835e-02 3.814001e-02 3.549856e-02 4.811104e-02 4.052042e-02 6.639464e-02 3.678239e-02 5.590855e-02 5.830903e-02 3.354120e-02 3.268605e-02 5.360929e-02 5.574778e-02 3.472540e-02 3.359977e-02 5.238735e-02 3.395188e-02 3.745284e-02 5.957143e-02 3.473470e-02 3.496726e-02 6.029179e-02 6.378689e-02 4.068193e-02 3.537083e-02 3.395047e-02 3.307787e-02 5.410891e-02 3.142934e-02 6.245476e-02 3.521575e-02 3.412783e-02 3.303647e-02 3.158560e-02 5.931410e-02 3.591307e-02 6.325435e-02 5.732021e-02 4.784750e-02 4.240518e-02 3.541827e-02 3.477538e-02 3.320608e-02 3.622431e-02 3.373589e-02 4.442647e-02 5.053851e-02 4.998049e-02 4.654928e-02 3.309729e-02 3.331773e-02 4.258300e-02 3.395329e-02 6.272328e-02 3.459396e-02 6.360334e-02 3.082054e-02 3.436982e-02 5.917840e-02 5.736500e-02
2.082566e-02 2.221501e-02 1.683040e-02 2.989185e-02 2.060480e-02 2.953420e-02 3.841349e-02 1.929543e-02 1.896131e-02 2.517012e-02 3.555308e-02 1.909670e-02 3.257811e-02 3.603913e-02 3.268243e-02 3.997799e-02 2.241895e-02 2.333176e-02 3.782288e-02 2.054791e-02 2.073336e-02 3.819254e-02 3.306598e-02 1.851325e-02 3.099692e-02 3.334535e-02 2.846750e-02 1.815402e-02 3.636029e-02 1.830917e-02 3.284495e-02 2.384050e-02 3.516513e-02 2.065017e-02 1.991328e-02 3.754821e-02 2.153735e-02 1.658051e-02 1.881419e-02 1.985604e-02 2.088425e-02 2.721331e-02 2.015402e-02 3.827898e-02 1.813482e-02 2.007323e-02 1.931688e-02 3.647060e-02 2.619641e-02 2.071693e-02 2.033871e-02 2.824525e-02 2.302124e-02 3.913106e-02 1.990379e-02 3.410759e-02 3.585818e-02 1.827163e-02 1.831560e-02 3.044390e-02 3.101275e-02 1.799930e-02 1.877130e-02 3.093988e-02 1.979679e-02 2.016161e-02 3.593599e-02 1.874407e-02 1.823682e-02 3.480732e-02 3.990722e-02 2.215724e-02 1.964697e-02 1.957348e-02 1.728771e-02 3.391154e-02 1.687315e-02 3.813128e-02 1.824335e-02 1.840443e-02 1.758628e-02 1.918708e-02 3.573544e-02 1.984323e-02 3.694678e-02 3.518908e-02 2.934446e-02 2.278161e-02 1.998193e-02 1.930946e-02 1.801211e-02 2.016455e-02 1.848324e-02 2.608650e-02 2.935528e-02 2.747719e-02 2.531199e-02 1.828567e-02 1.877745e-02 2.405781e-02 1.943240e-02 3.864655e-02 1.952219e-02 3.959540e-02 1.737360e-02 1.886513e-02 3.440399e-02 3.479718e-02
1.210881e-02 1.297727e-02 1.055050e-02 1.917940e-02 1.170357e-02 1.837378e-02 2.275289e-02 1.095696e-02 1.143933e-02 1.430289e-02 2.229621e-02 1.133176e-02 2.057069e-02 2.344489e-02 1.917622e-02 2.378606e-02 1.241510e-02 1.521140e-02 2.344591e-02 1.164206e-02 1.149674e-02 2.221291e-02 1.999043e-02 9.784075e-03 1.921330e-02 1.978068e-02 1.608429e-02 1.105408e-02 2.180078e-02 1.040630e-02 1.899174e-02 1.463034e-02 2.136011e-02 1.130616e-02 1.177400e-02 2.187883e-02 1.238493e-02 9.659281e-03 1.067061e-02 1.190512e-02 1.303958e-02 1.687346e-02 1.131471e-02 2.403819e-02 1.176370e-02 1.293200e-02 1.101826e-02 2.366770e-02 1.516448e-02 1.088026e-02 1.105474e-02 1.735947e-02 1.416981e-02 2.548556e-02 1.172877e-02 1.957585e-02 2.136584e-02 1.034290e-02 1.006606e-02 1.827669e-02 2.043137e-02 1.121987e-02 1.057404e-02 1.881265e-02 1.158174e-02 1.229667e-02 2.233020e-02 1.116321e-02 9.725366e-03 2.227816e-02 2.448737e-02 1.323542e-02 1.244806e-02 1.076512e-02 1.108672e-02 2.036595e-02 1.005195e-02 2.323097e-02 1.069482e-02 1.009441e-02 1.102971e-02 1.095919e-02 2.159592e-02 1.181924e-02 2.392989e-02 2.170234e-02 1.660285e-02 1.387867e-02 1.113160e-02 1.166441e-02 9.866721e-03 1.230215e-02 1.080446e-02 1.586986e-02 1.695550e-02 1.782035e-02 1.622742e-02 1.099114e-02 1.028161e-02 1.405240e-02 1.079323e-02 2.432744e-02 1.073488e-02 2.489293e-02 9.739956e-03 9.877987e-03 2.081758e-02 2.177496e-02
6.676073e-03 7.122599e-03 5.925585e-03 1.159152e-02 7.126521e-03 1.035949e-02 1.428769e-02 5.701468e-03 6.300401e-03 9.133768e-03 1.363777e-02 6.774800e-03 1.241726e-02 1.518691e-02 1.158703e-02 1.589821e-02 8.062746e-03 8.796792e-03 1.442581e-02 6.407365e-03 6.771730e-03 1.324183e-02 1.279104e-02 6.108706e-03 1.180785e-02 1.336691e-02 1.018028e-02 6.141758e-03 1.264393e-02 5.946652e-03 1.250229e-02 8.827927e-03 1.313978e-02 6.505894e-03 7.052691e-03 1.308244e-02 7.432266e-03 5.557477e-03 6.252653e-03 7.158797e-03 7.592325e-03 1.019787e-02 7.168555e-03 1.470551e-02 6.017471e-03 6.932263e-03 6.542580e-03 1.408409e-02 9.749957e-03 6.977624e-03 6.913529e-03 9.815965e-03 8.695003e-03 1.579836e-02 6.643261e-03 1.229746e-02 1.428773e-02 6.406216e-03 5.868681e-03 1.262368e-02 1.283025e-02 6.617855e-03 6.566776e-03 1.041361e-02 6.968527e-03 7.202878e-03 1.403846e-02 6.644935e-03 6.426405e-03 1.353739e-02 1.635353e-02 7.692996e-03 6.219953e-03 5.647723e-03 6.324956e-03 1.250821e-02 5.795252e-03 1.425672e-02 6.822308e-03 6.379123e-03 6.080741e-03 5.915442e-03 1.331503e-02 6.997466e-03 1.421421e-02 1.360966e-02 1.042247e-02 8.229155e-03 6.778785e-03 6.842584e-03 6.313429e-03 6.343615e-03 6.395697e-03 8.761708e-03 1.138854e-02 1.072610e-02 1.011434e-02 6.712669e-03 6.540139e-03 8.532992e-03 5.980027e-03 1.547052e-02 7.015209e-03 1.495834e-02 5.677080e-03 6.798617e-03 1.285118e-02 1.304235e-02
4.801653e-03 5.046880e-03 3.643009e-03 7.609385e-03 4.456954e-03 7.187783e-03 1.039000e-02 3.492660e-03 3.336923e-03 5.712502e-03 8.819944e-03 4.113198e-03 8.040009e-03 9.655763e-03 7.386329e-03 1.019461e-02 4.348247e-03 5.597590e-03 8.656693e-03 3.588960e-03 4.175274e-03 9.546634e-03 7.715910e-03 4.513762e-03 7.825421e-03 8.456888e-03 6.564697e-03 4.015971e-03 8.931677e-03 3.981001e-03 7.719822e-03 5.670566e-03 9.018580e-03 4.267005e-03 4.301989e-03 8.332296e-03 4.918192e-03 3.004032e-03 4.096987e-03 4.074583e-03 4.515271e-03 6.419449e-03 4.330016e-03 9.574424e-03 4.578389e-03 4.652813e-03 4.079929e-03 1.030979e-02 5.727067e-03 4.585828e-03 5.034309e-03 7.009979e-03 5.019137e-03 1.073152e-02 4.061585e-03 8.975312e-03 8.843917e-03 3.905644e-03 3.606555e-03 7.727438e-03 8.208983e-03 4.222657e-03 4.216484e-03 7.317848e-03 3.940003e-03 4.712819e-03 9.251508e-03 4.199018e-03 3.855901e-03 7.320076e-03 9.632393e-03 5.134037e-03 4.482729e-03 3.824539e-03 3.555243e-03 8.497030e-03 3.775918e-03 8.479077e-03 3.941536e-03 3.845714e-03 3.867804e-03 3.613680e-03 8.849527e-03 4.927836e-03 8.687357e-03 8.751231e-03 6.216644e-03 5.921192e-03 4.545903e-03 4.074038e-03 3.640374e-03 4.382812e-03 3.438299e-03 5.678673e-03 6.680749e-03 6.971767e-03 5.910609e-03 3.963213e-03 3.623342e-03 5.371479e-03 3.808964e-03 9.754784e-03 4.561726e-03 1.013947e-02 3.541336e-03 4.133991e-03 7.987569e-03 7.952070e-03
2.662802e-03 3.345758e-03 2.095853e-03 4.762490e-03 2.667423e-03 4.477307e-03 6.437943e-03 2.030496e-03 2.427942e-03 3.773535e-03 6.043744e-03 2.922691e-03 5.729650e-03 6.886877e-03 4.726367e-03 6.719602e-03 3.068178e-03 3.509269e-03 5.493651e-03 2.428284e-03 2.693151e-03 5.739567e-03 4.463218e-03 2.520526e-03 5.507917e-03 5.342583e-03 4.630149e-03 2.419659e-03 6.921886e-03 2.129875e-03 5.253054e-03 3.381086e-03 5.615975e-03 2.604862e-03 2.351652e-03 5.797979e-03 3.062219e-03 2.210712e-03 2.381928e-03 2.621767e-03 3.411959e-03 3.459827e-03 2.859582e-03 6.491387e-03 2.262986e-03 2.820956e-03 2.665945e-03 6.518333e-03 3.772253e-03 2.934100e-03 2.982492e-03 4.346343e-03 3.252925e-03 6.320874e-03 2.745995e-03 5.268054e-03 5.650888e-03 2.475840e-03 2.377467e-03 5.208639e-03 5.201495e-03 2.583572e-03 2.646938e-03 4.691578e-03 3.031564e-03 2.697706e-03 6.094392e-03 2.411461e-03 2.300241e-03 4.976608e-03 6.772039e-03 3.126189e-03 2.774099e-03 2.063310e-03 1.970020e-03 5.257945e-03 2.059424e-03 5.707870e-03 2.591051e-03 2.397128e-03 2.331150e-03 2.303950e-03 5.307151e-03 3.031667e-03 6.161586e-03 5.644529e-03 4.174972e-03 3.273098e-03 2.905135e-03 2.584590e-03 2.368332e-03 2.998857e-03 2.444743e-03 3.927637e-03 4.580368e-03 4.111855e-03 3.923801e-03 2.766683e-03 2.331364e-03 3.708171e-03 2.320378e-03 5.937642e-03 2.546673e-03 6.634049e-03 2.318610e-03 2.586433e-03 5.008041e-03 5.881302e-03
1.704392e-03 1.670037e-03 1.220160e-03 3.208465e-03 1.509694e-03 2.918241e-03 4.591953e-03 1.683322e-03 1.877383e-03 2.221763e-03 3.504013e-03 1.837525e-03 3.350898e-03 4.560295e-03 2.975080e-03 4.899376e-03 2.221617e-03 1.782059e-03 3.748439e-03 1.774285e-03 1.657637e-03 4.324373e-03 3.163801e-03 1.307052e-03 3.386914e-03 3.552714e-03 2.767988e-03 1.613865e-03 4.139864e-03 1.673714e-03 3.071187e-03 2.573545e-03 3.897543e-03 1.581592e-03 2.216438e-03 3.414125e-03 1.701551e-03 1.681830e-03 1.668329e-03 1.851544e-03 1.580414e-03 2.092700e-03 1.654779e-03 4.584855e-03 1.983540e-03 2.013735e-03 1.764464e-03 4.311645e-03 2.563253e-03 1.593637e-03 1.702347e-03 2.693054e-03 1.725872e-03 4.273111e-03 1.582890e-03 3.761551e-03 4.208991e-03 1.550922e-03 1.673412e-03 3.421614e-03 3.671979e-03 1.697284e-03 1.475883e-03 2.442664e-03 1.657026e-03 1.912885e-03 3.851866e-03 1.595943e-03 1.460679e-03 3.501820e-03 4.545026e-03 2.103016e-03 1.686002e-03 1.681770e-03 1.278763e-03 3.555093e-03 1.176803e-03 3.650266e-03 1.366828e-03 1.687595e-03 1.264770e-03 1.653671e-03 3.564252e-03 1.681059e-03 4.018323e-03 3.719957e-03 2.786802e-03 2.523929e-03 1.742904e-03 1.805730e-03 1.291096e-03 2.230387e-03 1.414735e-03 2.470108e-03 3.026629e-03 2.815199e-03 2.457046e-03 1.295882e-03 1.382674e-03 2.137587e-03 1.386329e-03 4.084755e-03 1.539201e-03 4.322756e-03 1.445982e-03 1.460095e-03 3.136181e-03 4.137480e-03
1.076143e-03 1.266625e-03 9.182175e-04 1.677459e-03 9.705216e-04 1.851488e-03 2.348125e-03 7.808680e-04 9.752118e-04 1.435574e-03 1.885848e-03 8.618290e-04 2.036834e-03 2.579811e-03 1.852414e-03 2.662118e-03 9.340883e-04 1.157632e-03 2.342464e-03 9.036091e-04 1.033506e-03 2.255920e-03 1.748741e-03 8.026264e-04 1.810992e-03 1.975014e-03 1.587007e-03 8.270929e-04 2.163616e-03 8.073317e-04 1.998746e-03 1.251113e-03 1.915895e-03 8.508886e-04 8.721111e-04 1.972265e-03 1.126497e-03 7.330786e-04 8.151241e-04 1.038520e-03 1.054039e-03 1.350924e-03 8.801121e-04 2.189107e-03 9.001799e-04 9.610754e-04 9.986353e-04 2.217867e-03 1.498460e-03 1.114200e-03 1.047853e-03 1.469803e-03 1.230943e-03 2.479058e-03 9.767302e-04 2.038607e-03 2.238310e-03 9.070316e-04 7.357425e-04 2.002767e-03 1.977181e-03 9.501447e-04 9.078077e-04 1.489693e-03 9.695743e-04 8.776155e-04 2.211255e-03 1.017503e-03 7.068708e-04 1.792514e-03 2.776324e-03 1.020698e-03 9.762682e-04 8.988906e-04 8.501745e-04 2.073273e-03 8.296025e-04 2.047856e-03 8.373563e-04 9.401767e-04 9.119688e-04 7.887982e-04 1.991986e-03 9.655300e-04 2.583464e-03 2.158046e-03 1.554410e-03 1.213392e-03 1.061021e-03 9.624899e-04 8.849505e-04 8.403164e-04 7.820770e-04 1.316927e-03 1.745691e-03 1.435656e-03 1.411535e-03 8.964922e-04 8.556231e-04 1.410296e-03 8.895473e-04 2.517015e-03 9.196459e-04 2.355831e-03 6.624483e-04 8.301893e-04 1.769143e-03 2.218637e-03
4.492834e-04 4.646976e-04 3.458799e-04 8.546344e-04 4.418386e-04 8.845401e-04 1.051644e-03 3.649574e-04 3.319995e-04 5.575138e-04 8.712126e-04 4.279370e-04 9.276485e-04 1.183652e-03 9.513824e-04 1.266989e-03 4.324839e-04 3.955292e-04 1.049832e-03 4.602358e-04 4.414583e-04 8.965400e-04 7.943778e-04 3.189433e-04 8.458011e-04 8.732949e-04 8.386110e-04 3.650714e-04 1.115964e-03 3.444468e-04 8.948992e-04 6.279178e-04 9.992284e-04 3.653298e-04 5.060833e-04 9.794806e-04 4.412706e-04 3.010730e-04 3.918904e-04 4.358812e-04 4.235964e-04 7.469845e-04 3.839317e-04 1.042057e-03 4.491041e-04 4.035789e-04 5.311319e-04 1.093775e-03 7.561960e-04 4.176453e-04 5.104106e-04 7.778326e-04 4.983349e-04 1.054944e-03 4.310790e-04 8.558389e-04 1.100723e-03 3.836237e-04 3.129313e-04 9.321850e-04 8.701898e-04 4.344410e-04 4.101729e-04 7.237561e-04 3.942791e-04 3.985712e-04 1.016023e-03 3.719421e-04 3.278499e-04 8.102364e-04 1.197399e-03 5.443995e-04 5.145751e-04 2.508669e-04 2.822753e-04 8.181826e-04 2.753082e-04 8.993688e-04 3.139409e-04 4.350726e-04 3.069572e-04 3.629300e-04 8.928635e-04 4.749257e-04 1.125693e-03 9.028551e-04 7.178019e-04 5.639364e-04 3.464464e-04 3.537059e-04 3.266498e-04 4.220546e-04 3.855292e-04 5.168136e-04 6.707806e-04 7.808963e-04 7.081060e-04 4.345573e-04 3.661250e-04 5.190521e-04 3.396513e-04 1.089219e-03 4.252436e-04 1.194249e-03 3.522083e-04 4.142846e-04 8.997837e-04 1.045281e-03
2.079061e-04 2.426569e-04 1.062091e-04 4.109320e-04 1.826243e-04 3.362111e-04 6.341763e-04 1.590052e-04 1.758986e-04 2.768036e-04 3.889973e-04 1.767608e-04 3.412071e-04 5.195035e-04 4.289744e-04 6.231551e-04 2.416649e-04 2.139280e-04 5.598145e-04 1.715460e-04 1.585554e-04 4.603685e-04 3.132372e-04 1.289418e-04 4.767694e-04 4.642760e-04 2.840051e-04 1.754819e-04 4.416449e-04 1.702049e-04 4.059971e-04 3.009167e-04 4.302085e-04 1.483984e-04 1.398520e-04 4.744070e-04 2.057260e-04 1.356375e-04 1.711215e-04 1.418525e-04 1.759570e-04 3.638736e-04 2.295877e-04 4.535171e-04 2.006324e-04 1.806416e-04 1.934827e-04 5.655576e-04 3.545007e-04 2.066269e-04 2.239635e-04 3.056273e-04 2.817277e-04 4.590288e-04 2.175362e-04 5.313246e-04 5.398708e-04 1.532354e-04 1.657703e-04 4.489459e-04 3.935444e-04 2.132283e-04 1.408425e-04 3.177122e-04 1.590082e-04 1.483432e-04 4.565147e-04 1.813301e-04 2.112333e-04 3.170376e-04 5.989790e-04 2.883565e-04 1.835437e-04 1.411392e-04 1.642312e-04 4.285385e-04 1.883123e-04 4.129008e-04 2.168750e-04 1.755816e-04 1.939472e-04 1.716664e-04 3.897042e-04 1.461003e-04 5.172778e-04 5.590340e-04 3.458177e-04 2.835456e-04 1.825967e-04 3.007197e-04 1.182259e-04 1.992485e-04 1.301170e-04 3.170085e-04 3.823227e-04 3.712132e-04 3.378665e-04 1.884556e-04 1.417987e-04 2.472577e-04 1.825788e-04 5.525219e-04 1.991606e-04 5.453643e-04 1.304228e-04 1.590727e-04 4.244656e-04 4.468165e-04
6.389588e-05 8.513379e-05 5.556621e-05 1.301041e-04 6.450433e-05 1.390771e-04 2.331009e-04 3.947051e-05 5.338647e-05 7.405610e-05 1.317756e-04 8.402380e-05 1.410576e-04 2.030687e-04 1.667025e-04 2.007493e-04 5.865832e-05 1.065742e-04 1.401945e-04 7.926566e-05 6.638566e-05 1.441609e-04 1.233638e-04 7.117044e-05 1.374383e-04 1.854178e-04 1.130503e-04 4.809357e-05 1.652457e-04 8.458640e-05 1.735688e-04 1.038284e-04 1.763790e-04 5.206110e-05 8.500447e-05 1.776453e-04 7.485576e-05 3.950253e-05 5.335310e-05 7.525792e-05 6.654922e-05 1.071388e-04 7.669295e-05 1.839910e-04 6.023821e-05 6.643939e-05 6.182184e-05 2.054316e-04 1.281838e-04 6.274252e-05 4.514674e-05 1.548765e-04 8.426752e-05 2.542837e-04 5.064209e-05 1.577303e-04 1.999133e-04 5.862020e-05 5.141789e-05 1.394839e-04 1.639285e-04 8.300123e-05 5.277595e-05 7.946633e-05 8.674858e-05 4.848792e-05 1.867483e-04 8.062230e-05 4.294764e-05 9.854086e-05 2.244935e-04 6.930052e-05 4.258380e-05 8.506206e-05 3.471407e-05 1.723011e-04 6.959181e-05 1.332335e-04 6.939409e-05 5.296950e-05 6.123106e-05 5.541456e-05 1.453122e-04 5.376958e-05 1.701685e-04 1.900236e-04 1.126773e-04 8.715236e-05 6.165992e-05 9.144805e-05 4.508490e-05 7.779172e-05 7.005977e-05 1.202443e-04 1.164891e-04 1.169067e-04 1.036637e-04 5.586519e-05 5.350560e-05 9.598770e-05 5.403270e-05 1.830907e-04 5.052478e-05 2.082679e-04 6.677144e-05 6.630750e-05 1.189763e-04 1.881945e-04
2.086781e-05 2.332271e-05 6.933157e-06 4.016070e-05 1.590500e-05 1.860679e-05 4.403263e-05 1.639986e-05 1.151731e-05 2.074576e-05 3.721135e-05 2.083592e-05 2.784066e-05 3.211973e-05 4.422892e-05 6.731340e-05 9.293186e-06 1.633487e-05 4.434111e-05 1.147585e-05 2.303828e-05 2.586618e-05 2.568404e-05 2.787644e-05 3.989298e-05 4.663621e-05 2.802992e-05 2.302147e-05 5.180361e-05 1.842815e-05 4.433792e-05 3.461638e-05 4.960982e-05 2.362144e-05 2.570680e-05 5.624634e-05 2.344969e-05 4.597427e-06 2.339817e-06 2.105931e-05 2.290864e-05 3.429836e-05 1.377667e-05 4.861767e-05 9.370064e-06 1.862301e-05 1.134821e-05 4.401407e-05 3.013160e-05 2.998352e-05 1.609339e-05 3.240282e-05 1.370437e-05 5.103072e-05 1.654121e-05 3.898034e-05 6.089222e-05 1.395431e-05 9.088611e-06 4.351116e-05 4.159827e-05 1.601667e-05 1.197127e-05 2.552152e-05 1.407846e-05 1.363891e-05 4.888903e-05 1.599278e-05 1.615518e-05 3.017422e-05 5.086966e-05 1.372751e-05 4.522358e-06 2.542784e-05 1.192497e-05 3.250906e-05 6.923150e-06 3.709434e-05 9.296425e-06 1.393005e-05 9.592655e-06 1.860839e-05 3.475683e-05 9.204644e-06 2.578633e-05 4.648457e-05 2.077033e-05 3.998906e-05 1.836813e-05 1.167673e-05 1.823056e-05 1.818306e-05 2.571883e-05 2.088039e-05 3.733044e-05 2.312370e-05 1.891353e-05 1.165508e-05 1.624485e-05 3.231891e-05 1.149477e-05 4.469058e-05 9.167335e-06 5.746005e-05 1.634809e-05 9.211408e-06 2.960473e-05 4.014264e-05
0.000000e+00 4.159044e-06 4.214160e-06 1.024191e-05 4.195581e-06 4.173481e-06 4.119973e-06 2.027919e-06 4.111468e-06 4.039899e-06 1.228305e-05 8.212785e-06 6.297879e-06 1.240733e-05 1.668432e-05 8.282902e-06 6.100450e-06 8.419025e-06 6.350768e-06 1.992883e-06 3.969836e-06 1.025390e-05 4.046295e-06 4.271963e-06 1.428957e-05 1.455065e-05 4.131050e-06 1.040438e-05 1.048014e-05 3.970141e-06 1.654919e-05 2.084916e-06 8.391489e-06 2.022390e-06 4.078383e-06 6.096845e-06 8.349056e-06 2.073637e-06 0.000000e+00 6.237404e-06 4.169152e-06 4.043027e-06 0.000000e+00 6.354932e-06 1.034225e-05 6.107962e-06 7.982508e-06 6.361506e-06 6.294366e-06 6.244920e-06 4.114794e-06 6.234225e-06 4.055989e-06 1.447009e-05 2.012287e-06 1.264854e-05 7.957759e-06 0.000000e+00 0.000000e+00 8.258116e-06 8.346911e-06 2.067113e-06 2.034309e-06 8.184487e-06 2.123021e-06 4.051851e-06 0.000000e+00 6.199045e-06 6.324953e-06 0.000000e+00 1.854933e-05 6.122313e-06 1.002572e-05 4.100770e-06 2.063702e-06 6.090812e-06 0.000000e+00 1.648740e-05 6.291648e-06 2.102868e-06 4.227595e-06 4.220579e-06 1.636680e-05 8.385092e-06 1.045131e-05 1.236490e-05 1.024456e-05 6.086830e-06 4.028702e-06 0.000000e+00 4.090727e-06 0.000000e+00 6.177990e-06 4.091092e-06 1.027061e-05 1.024634e-05 8.347523e-06 8.318553e-06 5.934588e-06 2.131620e-06 6.151489e-06 8.355878e-06 2.057883e-06 1.222574e-05 1.032161e-05 0.000000e+00 1.025822e-05 1.446075e-05
0.000000e+00 3.668807e-06 3.682422e-06 3.585696e-06 1.899080e-06 1.906274e-06 3.745797e-06 1.839379e-06 0.000000e+00 3.802465e-06 0.000000e+00 0.000000e+00 3.641357e-06 1.839617e-06 1.813444e-06 3.661064e-06 0.000000e+00 3.725288e-06 3.730601e-06 3.629038e-06 1.902182e-06 1.915771e-06 1.874493e-06 3.661972e-06 1.788675e-06 1.897738e-06 0.000000e+00 0.000000e+00 3.627504e-06 1.907690e-06 3.645464e-06 5.528046e-06 3.811226e-06 1.870443e-06 1.845671e-06 5.607924e-06 0.000000e+00 0.000000e+00 0.000000e+00 0.000000e+00 1.881618e-06 0.000000e+00 1.872082e-06 3.577011e-06 0.000000e+00 0.000000e+00 0.000000e+00 3.699061e-06 5.531334e-06 1.859492e-06 0.000000e+00 0.000000e+00 0.000000e+00 3.614263e-06 1.918958e-06 3.570644e-06 0.000000e+00 0.000000e+00 0.000000e+00 0.000000e+00 0.000000e+00 5.412736e-06 0.000000e+00 0.000000e+00 0.000000e+00 0.000000e+00 9.324741e-06 1.834963e-06 3.767553e-06 0.000000e+00 3.622595e-06 0.000000e+00 3.636784e-06 3.736829e-06 0.000000e+00 0.000000e+00 1.896611e-06 1.829946e-06 0.000000e+00 1.855220e-06 0.000000e+00 0.000000e+00 1.912518e-06 1.751957e-06 5.553548e-06 0.000000e+00 0.000000e+00 1.768789e-06 1.858818e-06 0.000000e+00 0.000000e+00 0.000000e+00 0.000000e+00 3.691758e-06 0.000000e+00 0.000000e+00 0.000000e+00 0.000000e+00 0.000000e+00 0.000000e+00 3.643507e-06 3.661588e-06 0.000000e+00 3.654364e-06 0.000000e+00 0.000000e+00 1.753588e-06 0.000000e+00
