# Version 0.0
# Data /lustre/isaac24/proj/UTK0244/cbaillar/Bayes_HEP/Detroit_tune_Project/input/Data/Data__200__pp__PHENIX_2025_I2820229__d03-x01-y01.dat
# Observable: $\frac{1}{N_{jet}}\frac{dN}{d\xi}$
# Subobservable: $\xi$
# Design Design_Rivet.dat
# design_point1 design_point2 design_point3 design_point4 design_point5 design_point6 design_point7 design_point8 design_point9 design_point10 design_point11 design_point12 design_point13 design_point14 design_point15 design_point16 design_point17 design_point18 design_point19 design_point20 design_point21 design_point22 design_point23 design_point24 design_point25 design_point26 design_point27 design_point28 design_point29 design_point30 design_point31 design_point32 design_point33 design_point34 design_point35 design_point36 design_point37 design_point38 design_point39 design_point40 design_point41 design_point42 design_point43 design_point44 design_point45 design_point46 design_point47 design_point48 design_point49 design_point50 design_point51 design_point52 design_point53 design_point54 design_point55 design_point56 design_point57 design_point58 design_point59 design_point60 design_point61 design_point62 design_point63 design_point64 design_point65 design_point66 design_point67 design_point68 design_point69 design_point70 design_point71 design_point72 design_point73 design_point74 design_point75 design_point76 design_point77 design_point78 design_point79 design_point80 design_point81 design_point82 design_point83 design_point84 design_point85 design_point86 design_point87 design_point88 design_point89 design_point90 design_point91 design_point92 design_point93 design_point94 design_point95 design_point96 design_point97 design_point98 design_point99 design_point100 design_point101 design_point102 design_point103 design_point104 design_point105 design_point106 design_point107 design_point108
3.103247e-03 3.089873e-03 3.113277e-03 3.028138e-03 3.086882e-03 3.014581e-03 2.958371e-03 3.102056e-03 3.099051e-03 3.064502e-03 2.962007e-03 3.099478e-03 3.041258e-03 2.950634e-03 2.981711e-03 2.947487e-03 3.078914e-03 2.990801e-03 3.011812e-03 4.393956e-03 4.358329e-03 4.240514e-03 7.234569e-02 4.401513e-03 4.262772e-03 4.266146e-03 4.242457e-03 3.113929e-03 2.960317e-03 3.105927e-03 3.015116e-03 3.034709e-03 2.961280e-03 3.109240e-03 3.092021e-03 4.043662e-03 3.145079e-03 3.103212e-03 3.148963e-03 3.115033e-03 3.087562e-03 3.054454e-03 3.102533e-03 2.937211e-03 3.078819e-03 3.088917e-03 4.262051e-03 4.182005e-03 4.252072e-03 4.376038e-03 4.389734e-03 4.335376e-03 4.467455e-03 4.161270e-03 3.106676e-03 4.232430e-03 4.217949e-03 4.362879e-03 4.364219e-03 4.326116e-03 4.167130e-03 4.367099e-03 4.452972e-03 1.541214e-01 4.358247e-03 4.381030e-03 4.184696e-03 4.362177e-03 4.395579e-03 8.584197e-02 4.192517e-03 4.359759e-03 3.108176e-03 4.433627e-03 4.369330e-03 4.222425e-03 4.381973e-03 4.161504e-03 4.444474e-03 4.390699e-03 4.385401e-03 2.198767e-03 1.696198e-02 4.367383e-03 4.177150e-03 4.204040e-03 4.307000e-03 4.359047e-03 4.374361e-03 4.444124e-03 2.537112e-03 3.214687e-03 3.096934e-03 3.065816e-03 4.402601e-03 4.292043e-03 4.302378e-03 4.351831e-03 4.440493e-03 3.081887e-03 4.391416e-03 4.176612e-03 4.406391e-03 4.204465e-03 4.448966e-03 4.397829e-03 2.749667e-02 4.265353e-03
4.018018e-03 4.007044e-03 4.036081e-03 3.978946e-03 4.008528e-03 3.973499e-03 3.934023e-03 4.011810e-03 4.010626e-03 4.000670e-03 3.939357e-03 4.004835e-03 4.020381e-03 3.926069e-03 3.957134e-03 3.935256e-03 4.003398e-03 3.943365e-03 4.010718e-03 5.689448e-03 5.659134e-03 5.620199e-03 9.274083e-02 5.681054e-03 5.619815e-03 5.638947e-03 5.591376e-03 4.025768e-03 3.944018e-03 4.007860e-03 3.966941e-03 3.976851e-03 3.923396e-03 4.033220e-03 4.005194e-03 5.378086e-03 4.111591e-03 4.001444e-03 4.072331e-03 4.032186e-03 4.003613e-03 3.998112e-03 4.011459e-03 3.911001e-03 3.991954e-03 4.002371e-03 5.611369e-03 5.553427e-03 5.603154e-03 5.662025e-03 5.675375e-03 5.747167e-03 5.814026e-03 5.548360e-03 4.025016e-03 5.604007e-03 5.590140e-03 5.655884e-03 5.632649e-03 5.714096e-03 5.544923e-03 5.649769e-03 5.753444e-03 1.932015e-01 5.646324e-03 5.670267e-03 5.562799e-03 5.645879e-03 5.674122e-03 1.195199e-01 5.615964e-03 5.671824e-03 4.014694e-03 5.730432e-03 5.639612e-03 5.583715e-03 5.654307e-03 5.517693e-03 5.750003e-03 5.676795e-03 5.645514e-03 2.836738e-03 2.207688e-02 5.681578e-03 5.557230e-03 5.603527e-03 5.658326e-03 5.677424e-03 5.660166e-03 5.755247e-03 3.274009e-03 4.182688e-03 4.003909e-03 4.002123e-03 5.781432e-03 5.630737e-03 5.629501e-03 5.617586e-03 5.731051e-03 4.010966e-03 5.660294e-03 5.571276e-03 5.699602e-03 5.578805e-03 5.741494e-03 5.668103e-03 3.643013e-02 5.679749e-03
4.235383e-03 4.231717e-03 4.218842e-03 4.228855e-03 4.215179e-03 4.211425e-03 4.207698e-03 4.209247e-03 4.212347e-03 4.219517e-03 4.201660e-03 4.219170e-03 4.278388e-03 4.204904e-03 4.218070e-03 4.207001e-03 4.197751e-03 4.205389e-03 4.281467e-03 5.975185e-03 5.941981e-03 6.019863e-03 9.683932e-02 5.966479e-03 5.973815e-03 6.021648e-03 5.961711e-03 4.222707e-03 4.206028e-03 4.204407e-03 4.215489e-03 4.213385e-03 4.188356e-03 4.238814e-03 4.215335e-03 5.722173e-03 4.347687e-03 4.198584e-03 4.275204e-03 4.239319e-03 4.222094e-03 4.223438e-03 4.210911e-03 4.180472e-03 4.194911e-03 4.217401e-03 5.944408e-03 5.942749e-03 5.952326e-03 5.951350e-03 5.983662e-03 6.111211e-03 6.138169e-03 5.946868e-03 4.231313e-03 5.976581e-03 5.956720e-03 5.938233e-03 5.909540e-03 6.076843e-03 5.935583e-03 5.949086e-03 6.044226e-03 2.008559e-01 5.948673e-03 5.970812e-03 5.935869e-03 5.934432e-03 5.963487e-03 1.240628e-01 6.010552e-03 5.970722e-03 4.226456e-03 6.029574e-03 5.926748e-03 5.930618e-03 5.935415e-03 5.902287e-03 6.053308e-03 5.982303e-03 5.937600e-03 2.983753e-03 2.361660e-02 5.981319e-03 5.927914e-03 5.970030e-03 5.978915e-03 5.982051e-03 5.954029e-03 6.062565e-03 3.437786e-03 4.388467e-03 4.204355e-03 4.235220e-03 6.130648e-03 5.949322e-03 5.944897e-03 5.910068e-03 6.027856e-03 4.222746e-03 5.952309e-03 5.938728e-03 5.976342e-03 5.971893e-03 6.034387e-03 5.966089e-03 3.874749e-02 6.072823e-03
3.964118e-03 3.965182e-03 3.946642e-03 4.001417e-03 3.940740e-03 3.978395e-03 4.025311e-03 3.930999e-03 3.935762e-03 3.961446e-03 4.003749e-03 3.948703e-03 4.049470e-03 4.027970e-03 4.016808e-03 4.028663e-03 3.936463e-03 3.994582e-03 4.097337e-03 5.608763e-03 5.555860e-03 5.734958e-03 9.156982e-02 5.587785e-03 5.660936e-03 5.753748e-03 5.647707e-03 3.956521e-03 4.016201e-03 3.927244e-03 3.987522e-03 3.973831e-03 4.021291e-03 3.967364e-03 3.952871e-03 5.453192e-03 4.084004e-03 3.925648e-03 3.994070e-03 3.975443e-03 3.951188e-03 3.982572e-03 3.954753e-03 3.985575e-03 3.922457e-03 3.948947e-03 5.650213e-03 5.663411e-03 5.631355e-03 5.580878e-03 5.610544e-03 5.797608e-03 5.765375e-03 5.673016e-03 3.964277e-03 5.675410e-03 5.650903e-03 5.542651e-03 5.522491e-03 5.751109e-03 5.649581e-03 5.557943e-03 5.654258e-03 1.999152e-01 5.566206e-03 5.589258e-03 5.664659e-03 5.558243e-03 5.578780e-03 1.151254e-01 5.722225e-03 5.619496e-03 3.951409e-03 5.630324e-03 5.531942e-03 5.655031e-03 5.547551e-03 5.626910e-03 5.653200e-03 5.589270e-03 5.547808e-03 2.786482e-03 2.232183e-02 5.602237e-03 5.651958e-03 5.672464e-03 5.637446e-03 5.636823e-03 5.569938e-03 5.677984e-03 3.214140e-03 4.122329e-03 3.940760e-03 3.975916e-03 5.805103e-03 5.621411e-03 5.599132e-03 5.526952e-03 5.631232e-03 3.971147e-03 5.578071e-03 5.693663e-03 5.602202e-03 5.724976e-03 5.624752e-03 5.579652e-03 3.695361e-02 5.789748e-03
3.471143e-03 3.488182e-03 3.454639e-03 3.565092e-03 3.464089e-03 3.545341e-03 3.652874e-03 3.439923e-03 3.452759e-03 3.508563e-03 3.621534e-03 3.457977e-03 3.632714e-03 3.656585e-03 3.622884e-03 3.661546e-03 3.459328e-03 3.612635e-03 3.712151e-03 4.905681e-03 4.879109e-03 5.192434e-03 8.863547e-02 4.874948e-03 5.082132e-03 5.215330e-03 5.056362e-03 3.448531e-03 3.643897e-03 3.439186e-03 3.559069e-03 3.524514e-03 3.679645e-03 3.467960e-03 3.469650e-03 4.929803e-03 3.602022e-03 3.428799e-03 3.493757e-03 3.471220e-03 3.467930e-03 3.529003e-03 3.454771e-03 3.617809e-03 3.432425e-03 3.455058e-03 5.056525e-03 5.114376e-03 5.029192e-03 4.898438e-03 4.916938e-03 5.195061e-03 5.069240e-03 5.135803e-03 3.476954e-03 5.099892e-03 5.096222e-03 4.852076e-03 4.829822e-03 5.142963e-03 5.108059e-03 4.871964e-03 4.948513e-03 1.659029e-01 4.875003e-03 4.899957e-03 5.149152e-03 4.879554e-03 4.859283e-03 1.057903e-01 5.187932e-03 4.949885e-03 3.466605e-03 4.913081e-03 4.835533e-03 5.053136e-03 4.839371e-03 5.092272e-03 4.959216e-03 4.897439e-03 4.853864e-03 2.430684e-03 2.031460e-02 4.950029e-03 5.119173e-03 5.115441e-03 4.998385e-03 4.987153e-03 4.877046e-03 4.971102e-03 2.806214e-03 3.619550e-03 3.440953e-03 3.529269e-03 5.150999e-03 4.995929e-03 4.960722e-03 4.836579e-03 4.940210e-03 3.497482e-03 4.859816e-03 5.155197e-03 4.911115e-03 5.227717e-03 4.928034e-03 4.879902e-03 3.282277e-02 5.225704e-03
2.902354e-03 2.909566e-03 2.853883e-03 3.019769e-03 2.892207e-03 3.016700e-03 3.166795e-03 2.845272e-03 2.861575e-03 2.953272e-03 3.139012e-03 2.870473e-03 3.105568e-03 3.168059e-03 3.117362e-03 3.174740e-03 2.892167e-03 3.102186e-03 3.201951e-03 4.082648e-03 4.058871e-03 4.486307e-03 7.174655e-02 4.047952e-03 4.352197e-03 4.499794e-03 4.327143e-03 2.862614e-03 3.161088e-03 2.844556e-03 3.031628e-03 2.981470e-03 3.216880e-03 2.900495e-03 2.891594e-03 4.241040e-03 3.023563e-03 2.836874e-03 2.903016e-03 2.892607e-03 2.893737e-03 2.977225e-03 2.880821e-03 3.130891e-03 2.855316e-03 2.868104e-03 4.301912e-03 4.417568e-03 4.270659e-03 4.071367e-03 4.087049e-03 4.455478e-03 4.251593e-03 4.447301e-03 2.894568e-03 4.376560e-03 4.390797e-03 4.034686e-03 4.002164e-03 4.380691e-03 4.406609e-03 4.056718e-03 4.097955e-03 1.758327e-01 4.052422e-03 4.087212e-03 4.428128e-03 4.057134e-03 4.032945e-03 9.206209e-02 4.492719e-03 4.145904e-03 2.892910e-03 4.081806e-03 4.011036e-03 4.349712e-03 4.014001e-03 4.400075e-03 4.114012e-03 4.061292e-03 4.034935e-03 2.016251e-03 1.735028e-02 4.137048e-03 4.437860e-03 4.405787e-03 4.219187e-03 4.199632e-03 4.060663e-03 4.137186e-03 2.327187e-03 3.022732e-03 2.864194e-03 2.966495e-03 4.378647e-03 4.225977e-03 4.186455e-03 4.016451e-03 4.096052e-03 2.941914e-03 4.029762e-03 4.458974e-03 4.077574e-03 4.525300e-03 4.087803e-03 4.048998e-03 2.819523e-02 4.502031e-03
3.457565e-03 3.468461e-03 3.396849e-03 3.622589e-03 3.437272e-03 3.648917e-03 3.893565e-03 3.373390e-03 3.394460e-03 3.534067e-03 3.821174e-03 3.412503e-03 3.769723e-03 3.869935e-03 3.797866e-03 3.898727e-03 3.442391e-03 3.783892e-03 3.924566e-03 4.851264e-03 4.815925e-03 5.469030e-03 9.360948e-02 4.784468e-03 5.241572e-03 5.518414e-03 5.225991e-03 3.402632e-03 3.848183e-03 3.370570e-03 3.673020e-03 3.578716e-03 3.956484e-03 3.431036e-03 3.436738e-03 5.180621e-03 3.620937e-03 3.349940e-03 3.421671e-03 3.430913e-03 3.457392e-03 3.582329e-03 3.421895e-03 3.839612e-03 3.390634e-03 3.430250e-03 5.197849e-03 5.398253e-03 5.166527e-03 4.831289e-03 4.865432e-03 5.398486e-03 5.092887e-03 5.452737e-03 3.438708e-03 5.313927e-03 5.343395e-03 4.780159e-03 4.742196e-03 5.309758e-03 5.384478e-03 4.816595e-03 4.847682e-03 1.779641e-01 4.821121e-03 4.849379e-03 5.404881e-03 4.813395e-03 4.782836e-03 1.007991e-01 5.508256e-03 4.948678e-03 3.435160e-03 4.833851e-03 4.746137e-03 5.274093e-03 4.760104e-03 5.385264e-03 4.891216e-03 4.814219e-03 4.759314e-03 2.397907e-03 2.096829e-02 4.951239e-03 5.395058e-03 5.384512e-03 5.093024e-03 5.023354e-03 4.817254e-03 4.901808e-03 2.745478e-03 3.594157e-03 3.386578e-03 3.540272e-03 5.250999e-03 5.070671e-03 5.002486e-03 4.770284e-03 4.850078e-03 3.502765e-03 4.782561e-03 5.440545e-03 4.844891e-03 5.558155e-03 4.822772e-03 4.793795e-03 3.455499e-02 5.473014e-03
