# Version 0.0
# Data /lustre/isaac24/proj/UTK0244/cbaillar/Bayes_HEP/Detroit_tune_Project/input/Data/Data__200__pp__STAR_2020_I1783875__d26-x01-y01.dat
# Observable: $1/N_{jets}$
# Subobservable: $z_{g}$
# Design Design_Rivet.dat
# design_point1 design_point2 design_point3 design_point4 design_point5 design_point6 design_point7 design_point8 design_point9 design_point10 design_point11 design_point12 design_point13 design_point14 design_point15 design_point16 design_point17 design_point18 design_point19 design_point20 design_point21 design_point22 design_point23 design_point24 design_point25 design_point26 design_point27 design_point28 design_point29 design_point30 design_point31 design_point32 design_point33 design_point34 design_point35 design_point36 design_point37 design_point38 design_point39 design_point40 design_point41 design_point42 design_point43 design_point44 design_point45 design_point46 design_point47 design_point48 design_point49 design_point50 design_point51 design_point52 design_point53 design_point54 design_point55 design_point56 design_point57 design_point58 design_point59 design_point60 design_point61 design_point62 design_point63 design_point64 design_point65 design_point66 design_point67 design_point68 design_point69 design_point70 design_point71 design_point72 design_point73 design_point74 design_point75 design_point76 design_point77 design_point78 design_point79 design_point80 design_point81 design_point82 design_point83 design_point84 design_point85 design_point86 design_point87 design_point88 design_point89 design_point90 design_point91 design_point92 design_point93 design_point94 design_point95 design_point96 design_point97 design_point98 design_point99 design_point100 design_point101 design_point102 design_point103 design_point104 design_point105 design_point106 design_point107 design_point108
3.718009e+00 3.714427e+00 3.720319e+00 3.712708e+00 3.722854e+00 3.711242e+00 3.699575e+00 3.721954e+00 3.720509e+00 3.713061e+00 3.698626e+00 3.714213e+00 3.710452e+00 3.699139e+00 3.700591e+00 3.703300e+00 3.711290e+00 3.704618e+00 3.699800e+00 3.723533e+00 3.715956e+00 3.700803e+00 3.698547e+00 3.721023e+00 3.706395e+00 3.710921e+00 3.700758e+00 3.722667e+00 3.700739e+00 3.718141e+00 3.700346e+00 3.707414e+00 3.706132e+00 3.721941e+00 3.720423e+00 3.692471e+00 3.719193e+00 3.725294e+00 3.727736e+00 3.719672e+00 3.712959e+00 3.711938e+00 3.719541e+00 3.699493e+00 3.725610e+00 3.713361e+00 3.713813e+00 3.700033e+00 3.705247e+00 3.716904e+00 3.718160e+00 3.709961e+00 3.724820e+00 3.688675e+00 3.716891e+00 3.708167e+00 3.704101e+00 3.715174e+00 3.723848e+00 3.714141e+00 3.700735e+00 3.717485e+00 3.723336e+00 3.471698e+00 3.715173e+00 3.717000e+00 3.700068e+00 3.716572e+00 3.721185e+00 3.618756e+00 3.696967e+00 3.713443e+00 3.718244e+00 3.726779e+00 3.710838e+00 3.704667e+00 3.720518e+00 3.699802e+00 3.720977e+00 3.721600e+00 3.714155e+00 3.719671e+00 3.669501e+00 3.720359e+00 3.701074e+00 3.709447e+00 3.714998e+00 3.715946e+00 3.717632e+00 3.724431e+00 3.716362e+00 3.730557e+00 3.715135e+00 3.713531e+00 3.716048e+00 3.712277e+00 3.709808e+00 3.719463e+00 3.723246e+00 3.716423e+00 3.712126e+00 3.695355e+00 3.719476e+00 3.695241e+00 3.719553e+00 3.723738e+00 3.610752e+00 3.702245e+00
3.138733e+00 3.146776e+00 3.134081e+00 3.137811e+00 3.144855e+00 3.139604e+00 3.135263e+00 3.142599e+00 3.134397e+00 3.143204e+00 3.137671e+00 3.145171e+00 3.130279e+00 3.130298e+00 3.139599e+00 3.131183e+00 3.144909e+00 3.138259e+00 3.134711e+00 3.138469e+00 3.139127e+00 3.135820e+00 3.117433e+00 3.140722e+00 3.130700e+00 3.136586e+00 3.134507e+00 3.140031e+00 3.131553e+00 3.142656e+00 3.140373e+00 3.139866e+00 3.131151e+00 3.146024e+00 3.139731e+00 3.126523e+00 3.148196e+00 3.145325e+00 3.140106e+00 3.144385e+00 3.139662e+00 3.141004e+00 3.137674e+00 3.130838e+00 3.144206e+00 3.143688e+00 3.133360e+00 3.130831e+00 3.139772e+00 3.140535e+00 3.136047e+00 3.142077e+00 3.145329e+00 3.126067e+00 3.142000e+00 3.135806e+00 3.131416e+00 3.140772e+00 3.147448e+00 3.140854e+00 3.131519e+00 3.142790e+00 3.145237e+00 3.081761e+00 3.143859e+00 3.140819e+00 3.132824e+00 3.143231e+00 3.138121e+00 3.160041e+00 3.137421e+00 3.138526e+00 3.133856e+00 3.139316e+00 3.138267e+00 3.131184e+00 3.138715e+00 3.134967e+00 3.148814e+00 3.141715e+00 3.142061e+00 3.144041e+00 3.119627e+00 3.136950e+00 3.135424e+00 3.129257e+00 3.137853e+00 3.143115e+00 3.145995e+00 3.141792e+00 3.139591e+00 3.147100e+00 3.140201e+00 3.140465e+00 3.136604e+00 3.139423e+00 3.138999e+00 3.143761e+00 3.136045e+00 3.140989e+00 3.143062e+00 3.126523e+00 3.140463e+00 3.129516e+00 3.149653e+00 3.135164e+00 3.057896e+00 3.129366e+00
2.687581e+00 2.684569e+00 2.683648e+00 2.689269e+00 2.679739e+00 2.682735e+00 2.684417e+00 2.675427e+00 2.685575e+00 2.688939e+00 2.688442e+00 2.682404e+00 2.684119e+00 2.686708e+00 2.684514e+00 2.690723e+00 2.681121e+00 2.688798e+00 2.696691e+00 2.685266e+00 2.687990e+00 2.688803e+00 2.596852e+00 2.685397e+00 2.691620e+00 2.688258e+00 2.688437e+00 2.683931e+00 2.684741e+00 2.682189e+00 2.690948e+00 2.686958e+00 2.692103e+00 2.684684e+00 2.684924e+00 2.680725e+00 2.687214e+00 2.681673e+00 2.686013e+00 2.688421e+00 2.687752e+00 2.686131e+00 2.683362e+00 2.690900e+00 2.684845e+00 2.690500e+00 2.686722e+00 2.688352e+00 2.685699e+00 2.683072e+00 2.681774e+00 2.690874e+00 2.687120e+00 2.693921e+00 2.683998e+00 2.680080e+00 2.683115e+00 2.685238e+00 2.683313e+00 2.683700e+00 2.696465e+00 2.683778e+00 2.686351e+00 2.893082e+00 2.683188e+00 2.684787e+00 2.688281e+00 2.687647e+00 2.688658e+00 2.579001e+00 2.688591e+00 2.686905e+00 2.687404e+00 2.682560e+00 2.688448e+00 2.685364e+00 2.684979e+00 2.686956e+00 2.684938e+00 2.688681e+00 2.689196e+00 2.681090e+00 2.690455e+00 2.682407e+00 2.688308e+00 2.686395e+00 2.682426e+00 2.687721e+00 2.688962e+00 2.687621e+00 2.685757e+00 2.685107e+00 2.690622e+00 2.687889e+00 2.691887e+00 2.685074e+00 2.688270e+00 2.684742e+00 2.687879e+00 2.687616e+00 2.688451e+00 2.687904e+00 2.680877e+00 2.691802e+00 2.685716e+00 2.684956e+00 2.690618e+00 2.684063e+00
2.343959e+00 2.345732e+00 2.342834e+00 2.341029e+00 2.342409e+00 2.346076e+00 2.354355e+00 2.345364e+00 2.349071e+00 2.348749e+00 2.351160e+00 2.343614e+00 2.352456e+00 2.352700e+00 2.354344e+00 2.348444e+00 2.348310e+00 2.345013e+00 2.349144e+00 2.343997e+00 2.343737e+00 2.354928e+00 2.342615e+00 2.343692e+00 2.348538e+00 2.346284e+00 2.345747e+00 2.349114e+00 2.354729e+00 2.346845e+00 2.348547e+00 2.346711e+00 2.350328e+00 2.341258e+00 2.344837e+00 2.355841e+00 2.339508e+00 2.342783e+00 2.341709e+00 2.346397e+00 2.346485e+00 2.352317e+00 2.347450e+00 2.348946e+00 2.340544e+00 2.341637e+00 2.344934e+00 2.354888e+00 2.351777e+00 2.340752e+00 2.350241e+00 2.348140e+00 2.343165e+00 2.356900e+00 2.345464e+00 2.349207e+00 2.350995e+00 2.342965e+00 2.342581e+00 2.355054e+00 2.351500e+00 2.343704e+00 2.344021e+00 2.352201e+00 2.346630e+00 2.347681e+00 2.355258e+00 2.348771e+00 2.340096e+00 2.395515e+00 2.355957e+00 2.344089e+00 2.346124e+00 2.351018e+00 2.346401e+00 2.350975e+00 2.342213e+00 2.348914e+00 2.348563e+00 2.340898e+00 2.346232e+00 2.343335e+00 2.368742e+00 2.339924e+00 2.355659e+00 2.351601e+00 2.343644e+00 2.348403e+00 2.338673e+00 2.347155e+00 2.345161e+00 2.341995e+00 2.343763e+00 2.353505e+00 2.346900e+00 2.351561e+00 2.344050e+00 2.342512e+00 2.347392e+00 2.344613e+00 2.346963e+00 2.357649e+00 2.340800e+00 2.350024e+00 2.342578e+00 2.347568e+00 2.376325e+00 2.359200e+00
2.108431e+00 2.106385e+00 2.112720e+00 2.119563e+00 2.109379e+00 2.114415e+00 2.118676e+00 2.110637e+00 2.107381e+00 2.109067e+00 2.114756e+00 2.111608e+00 2.115650e+00 2.118222e+00 2.115713e+00 2.117249e+00 2.109069e+00 2.114075e+00 2.114350e+00 2.108330e+00 2.113628e+00 2.114375e+00 2.106538e+00 2.111934e+00 2.110536e+00 2.114330e+00 2.122177e+00 2.108590e+00 2.117155e+00 2.110776e+00 2.117107e+00 2.112145e+00 2.113614e+00 2.108306e+00 2.109332e+00 2.124758e+00 2.108806e+00 2.110046e+00 2.105567e+00 2.105902e+00 2.110510e+00 2.117156e+00 2.110050e+00 2.120722e+00 2.104271e+00 2.106115e+00 2.113520e+00 2.121029e+00 2.112786e+00 2.112945e+00 2.109868e+00 2.111241e+00 2.108351e+00 2.119943e+00 2.113304e+00 2.115878e+00 2.119265e+00 2.108598e+00 2.107903e+00 2.114206e+00 2.118754e+00 2.112490e+00 2.104629e+00 1.924528e+00 2.109844e+00 2.108767e+00 2.114883e+00 2.111587e+00 2.107702e+00 2.137275e+00 2.120598e+00 2.109219e+00 2.114755e+00 2.106976e+00 2.112582e+00 2.117862e+00 2.105626e+00 2.117660e+00 2.102213e+00 2.107075e+00 2.110182e+00 2.110743e+00 2.128277e+00 2.113019e+00 2.117651e+00 2.119536e+00 2.109556e+00 2.109070e+00 2.113172e+00 2.105767e+00 2.108717e+00 2.106519e+00 2.108455e+00 2.109640e+00 2.107542e+00 2.113301e+00 2.114798e+00 2.106817e+00 2.106392e+00 2.114557e+00 2.108270e+00 2.122070e+00 2.111973e+00 2.119146e+00 2.105421e+00 2.108279e+00 2.118118e+00 2.117477e+00
1.957566e+00 1.957030e+00 1.956019e+00 1.957992e+00 1.957659e+00 1.960452e+00 1.961248e+00 1.957685e+00 1.953784e+00 1.952901e+00 1.962464e+00 1.950857e+00 1.957609e+00 1.963725e+00 1.960562e+00 1.959506e+00 1.955167e+00 1.955396e+00 1.962424e+00 1.953161e+00 1.955765e+00 1.961803e+00 1.971348e+00 1.951827e+00 1.962904e+00 1.955179e+00 1.964724e+00 1.948267e+00 1.962550e+00 1.948960e+00 1.959004e+00 1.958071e+00 1.957411e+00 1.954248e+00 1.947309e+00 1.974726e+00 1.955336e+00 1.952495e+00 1.950897e+00 1.951844e+00 1.953032e+00 1.957115e+00 1.955516e+00 1.967735e+00 1.949587e+00 1.954961e+00 1.959315e+00 1.961516e+00 1.958620e+00 1.955135e+00 1.953843e+00 1.956910e+00 1.949919e+00 1.965922e+00 1.956491e+00 1.960220e+00 1.958404e+00 1.957502e+00 1.951596e+00 1.952947e+00 1.958055e+00 1.951736e+00 1.956238e+00 1.911950e+00 1.954051e+00 1.956437e+00 1.960975e+00 1.949170e+00 1.953471e+00 1.926606e+00 1.957787e+00 1.954610e+00 1.957190e+00 1.952977e+00 1.960825e+00 1.958289e+00 1.954419e+00 1.959879e+00 1.954255e+00 1.953344e+00 1.953141e+00 1.955204e+00 1.974676e+00 1.957723e+00 1.957312e+00 1.960320e+00 1.959958e+00 1.955541e+00 1.955081e+00 1.946715e+00 1.953138e+00 1.941661e+00 1.956591e+00 1.955188e+00 1.952660e+00 1.954947e+00 1.955750e+00 1.959590e+00 1.951008e+00 1.955758e+00 1.953263e+00 1.965101e+00 1.955173e+00 1.964716e+00 1.954702e+00 1.953301e+00 2.004394e+00 1.958646e+00
1.861788e+00 1.854779e+00 1.861112e+00 1.856769e+00 1.852622e+00 1.861032e+00 1.861046e+00 1.855177e+00 1.858921e+00 1.858902e+00 1.863149e+00 1.862257e+00 1.860833e+00 1.865066e+00 1.862169e+00 1.864393e+00 1.861208e+00 1.863159e+00 1.864327e+00 1.854452e+00 1.854212e+00 1.861929e+00 1.947135e+00 1.857207e+00 1.861110e+00 1.861429e+00 1.861231e+00 1.855164e+00 1.863573e+00 1.861683e+00 1.858441e+00 1.860037e+00 1.859232e+00 1.853476e+00 1.861536e+00 1.879446e+00 1.853894e+00 1.854752e+00 1.853195e+00 1.855491e+00 1.858546e+00 1.854965e+00 1.854551e+00 1.862069e+00 1.857254e+00 1.857246e+00 1.858398e+00 1.862741e+00 1.857837e+00 1.858786e+00 1.853546e+00 1.855849e+00 1.853595e+00 1.866123e+00 1.856487e+00 1.866086e+00 1.867983e+00 1.860873e+00 1.859591e+00 1.853236e+00 1.862904e+00 1.854942e+00 1.850671e+00 2.062893e+00 1.856524e+00 1.857891e+00 1.866883e+00 1.853750e+00 1.860909e+00 1.855250e+00 1.859790e+00 1.858052e+00 1.854646e+00 1.850845e+00 1.854983e+00 1.865777e+00 1.858976e+00 1.867048e+00 1.854304e+00 1.857176e+00 1.853653e+00 1.850598e+00 1.873167e+00 1.859741e+00 1.861337e+00 1.860661e+00 1.857326e+00 1.854304e+00 1.854138e+00 1.856994e+00 1.859702e+00 1.854407e+00 1.855382e+00 1.857634e+00 1.854484e+00 1.857999e+00 1.859785e+00 1.850824e+00 1.859371e+00 1.857310e+00 1.858092e+00 1.860480e+00 1.858803e+00 1.865332e+00 1.854927e+00 1.855544e+00 1.888602e+00 1.863398e+00
1.795414e+00 1.802924e+00 1.798305e+00 1.801625e+00 1.800795e+00 1.801383e+00 1.805727e+00 1.801983e+00 1.801840e+00 1.799241e+00 1.805062e+00 1.799860e+00 1.807062e+00 1.804086e+00 1.804480e+00 1.807462e+00 1.798181e+00 1.804113e+00 1.797578e+00 1.802655e+00 1.800861e+00 1.804520e+00 1.854318e+00 1.795861e+00 1.805898e+00 1.802599e+00 1.804284e+00 1.803402e+00 1.806070e+00 1.796991e+00 1.804112e+00 1.804871e+00 1.803635e+00 1.799483e+00 1.802636e+00 1.804302e+00 1.795754e+00 1.798950e+00 1.801734e+00 1.796713e+00 1.801304e+00 1.795900e+00 1.800026e+00 1.801747e+00 1.804759e+00 1.802332e+00 1.803172e+00 1.803286e+00 1.804386e+00 1.802210e+00 1.805509e+00 1.802739e+00 1.796616e+00 1.810251e+00 1.797650e+00 1.806369e+00 1.805716e+00 1.798084e+00 1.794102e+00 1.802089e+00 1.801636e+00 1.801679e+00 1.795699e+00 1.874214e+00 1.800114e+00 1.797996e+00 1.803631e+00 1.799463e+00 1.800174e+00 1.909616e+00 1.809425e+00 1.805313e+00 1.797949e+00 1.797965e+00 1.798209e+00 1.805722e+00 1.802451e+00 1.808264e+00 1.794691e+00 1.800309e+00 1.799714e+00 1.804529e+00 1.810510e+00 1.800301e+00 1.805497e+00 1.806058e+00 1.808491e+00 1.798485e+00 1.795863e+00 1.797415e+00 1.801573e+00 1.795833e+00 1.800549e+00 1.798297e+00 1.801748e+00 1.799457e+00 1.802632e+00 1.802508e+00 1.797667e+00 1.796568e+00 1.797383e+00 1.808289e+00 1.800398e+00 1.801583e+00 1.794007e+00 1.802845e+00 1.882399e+00 1.805755e+00
