# Version 0.0
# Data /lustre/isaac24/proj/UTK0244/cbaillar/Bayes_HEP/Knoxville_Project/input_all_108/Data/Data__200__pp__BRAHMS_2007_I742956__d10-x01-y01.dat
# Observable: $\frac{1}{2\pi{p_{T}}}\frac{d^2\sigma}{dp_{T}dy}\left[mb(GeV^{-2})c^3\right]$
# Subobservable: $p_T \left[GeV\right]$
# Title: Invariant Cross Section for Kaon$^-$ (y= 3.3)
# XScale: linear
# YScale: log
# XLims: 7.000000e-01 3.800000e+00
# YLims: 9.000000e-07 1.100000e+00
# Design Design_Rivet.dat
# design_point1 design_point2 design_point3 design_point4 design_point5 design_point6 design_point7 design_point8 design_point9 design_point10 design_point11 design_point12 design_point13 design_point14 design_point15 design_point16 design_point17 design_point18 design_point19 design_point20 design_point21 design_point22 design_point23 design_point24 design_point25 design_point26 design_point27 design_point28 design_point29 design_point30 design_point31 design_point32 design_point33 design_point34 design_point35 design_point36 design_point37 design_point38 design_point39 design_point40 design_point41 design_point42 design_point43 design_point44 design_point45 design_point46 design_point47 design_point48 design_point49 design_point50 design_point51 design_point52 design_point53 design_point54 design_point55 design_point56 design_point57 design_point58 design_point59 design_point60 design_point61 design_point62 design_point63 design_point64 design_point65 design_point66 design_point67 design_point68 design_point69 design_point70 design_point71 design_point72 design_point73 design_point74 design_point75 design_point76 design_point77 design_point78 design_point79 design_point80 design_point81 design_point82 design_point83 design_point84 design_point85 design_point86 design_point87 design_point88 design_point89 design_point90 design_point91 design_point92 design_point93 design_point94 design_point95 design_point96 design_point97 design_point98 design_point99 design_point100 design_point101 design_point102 design_point103 design_point104 design_point105 design_point106 design_point107 design_point108
6.809730e-03 6.808424e-03 6.731159e-03 6.974010e-03 6.717739e-03 6.959643e-03 6.848230e-03 6.757723e-03 6.797007e-03 6.897771e-03 7.048886e-03 6.791302e-03 6.968643e-03 6.857225e-03 6.851375e-03 6.935299e-03 6.863454e-03 6.884011e-03 6.996925e-03 6.799822e-03 6.820292e-03 7.085689e-03 7.143601e-03 6.807815e-03 6.904222e-03 6.755073e-03 6.849654e-03 6.707591e-03 6.942787e-03 6.786430e-03 6.881987e-03 6.935207e-03 7.110912e-03 6.898302e-03 6.926595e-03 7.199228e-03 6.845355e-03 6.816385e-03 6.742952e-03 6.735814e-03 6.858909e-03 6.929748e-03 6.812864e-03 7.163753e-03 6.840653e-03 6.876520e-03 6.748097e-03 6.876063e-03 6.812049e-03 6.785561e-03 6.770885e-03 7.002187e-03 6.789662e-03 6.981671e-03 6.794818e-03 6.843057e-03 6.907308e-03 6.735418e-03 6.859912e-03 6.942265e-03 6.969315e-03 6.729358e-03 6.665388e-03 6.996464e-03 6.813088e-03 6.649198e-03 7.022186e-03 6.858743e-03 6.895840e-03 9.141693e-03 6.891371e-03 6.819836e-03 6.791520e-03 6.734922e-03 6.758876e-03 6.952659e-03 6.706168e-03 7.032829e-03 6.757814e-03 6.782858e-03 6.772505e-03 6.828584e-03 7.154051e-03 6.816870e-03 7.029469e-03 6.930206e-03 6.869373e-03 6.962835e-03 6.821999e-03 6.823196e-03 6.761331e-03 6.850646e-03 6.738655e-03 6.958658e-03 7.014082e-03 7.005601e-03 6.805368e-03 6.822076e-03 6.784739e-03 6.838117e-03 6.745179e-03 6.926819e-03 6.780887e-03 6.988024e-03 6.750053e-03 6.712973e-03 7.009343e-03 6.830118e-03
5.578525e-03 5.719493e-03 5.755226e-03 5.711774e-03 5.712235e-03 5.793339e-03 5.836285e-03 5.652592e-03 5.521558e-03 5.666588e-03 5.967582e-03 5.616355e-03 5.814887e-03 5.866127e-03 5.774982e-03 5.874027e-03 5.688214e-03 5.753142e-03 6.012311e-03 5.728596e-03 5.615190e-03 5.896026e-03 6.014062e-03 5.574742e-03 5.818198e-03 5.735650e-03 5.662097e-03 5.515801e-03 5.793249e-03 5.592078e-03 5.839827e-03 5.644758e-03 5.916811e-03 5.647700e-03 5.553861e-03 5.978541e-03 5.741748e-03 5.568098e-03 5.448582e-03 5.725041e-03 5.673978e-03 5.797219e-03 5.658466e-03 5.816860e-03 5.596909e-03 5.699282e-03 5.533529e-03 5.859368e-03 5.694714e-03 5.640480e-03 5.735531e-03 5.819173e-03 5.711170e-03 5.925654e-03 5.670695e-03 5.766654e-03 5.847967e-03 5.595446e-03 5.648615e-03 5.790052e-03 5.679395e-03 5.717482e-03 5.589589e-03 5.948017e-03 5.641673e-03 5.673528e-03 5.801353e-03 5.706951e-03 5.693661e-03 7.699198e-03 5.721842e-03 5.760305e-03 5.597249e-03 5.605203e-03 5.615513e-03 5.808290e-03 5.588657e-03 5.904046e-03 5.567856e-03 5.685741e-03 5.555977e-03 5.541774e-03 5.960226e-03 5.580262e-03 6.033102e-03 5.845376e-03 5.751853e-03 5.655101e-03 5.709326e-03 5.576739e-03 5.629256e-03 5.684942e-03 5.585349e-03 5.727496e-03 5.776802e-03 5.640483e-03 5.735951e-03 5.566883e-03 5.694038e-03 5.724615e-03 5.589338e-03 5.824406e-03 5.630966e-03 5.900020e-03 5.567555e-03 5.589952e-03 5.898239e-03 5.782098e-03
4.677694e-03 4.763497e-03 4.528176e-03 4.885008e-03 4.679709e-03 4.738844e-03 4.966118e-03 4.666882e-03 4.732711e-03 4.720642e-03 5.029648e-03 4.666550e-03 4.913554e-03 4.941664e-03 4.756215e-03 5.009351e-03 4.663040e-03 4.774999e-03 4.989033e-03 4.677476e-03 4.672868e-03 4.967391e-03 5.007176e-03 4.616932e-03 4.867508e-03 4.743965e-03 4.794666e-03 4.599000e-03 4.930712e-03 4.696087e-03 4.865404e-03 4.795731e-03 4.907550e-03 4.600625e-03 4.691884e-03 5.058517e-03 4.653400e-03 4.646570e-03 4.664666e-03 4.666963e-03 4.660742e-03 4.891988e-03 4.692259e-03 4.981454e-03 4.687185e-03 4.783423e-03 4.611545e-03 4.939238e-03 4.765409e-03 4.665546e-03 4.670602e-03 4.833532e-03 4.643970e-03 5.032663e-03 4.664990e-03 4.894752e-03 4.959954e-03 4.651112e-03 4.667289e-03 4.959367e-03 4.787935e-03 4.638796e-03 4.757221e-03 4.981522e-03 4.669972e-03 4.605457e-03 4.955693e-03 4.589552e-03 4.645325e-03 6.433229e-03 4.871276e-03 4.698104e-03 4.699061e-03 4.597282e-03 4.491061e-03 4.873178e-03 4.583209e-03 4.984854e-03 4.712500e-03 4.617062e-03 4.625492e-03 4.586313e-03 4.992929e-03 4.745119e-03 4.930544e-03 4.864489e-03 4.790019e-03 4.633852e-03 4.605676e-03 4.642962e-03 4.663365e-03 4.642254e-03 4.633863e-03 4.865811e-03 4.808241e-03 4.746153e-03 4.728263e-03 4.670532e-03 4.590761e-03 4.659170e-03 4.653003e-03 4.924002e-03 4.660520e-03 4.898635e-03 4.683011e-03 4.708556e-03 5.105209e-03 4.881912e-03
3.873494e-03 3.896088e-03 3.795288e-03 4.117776e-03 3.867833e-03 4.016449e-03 4.233880e-03 3.822491e-03 3.953290e-03 3.944707e-03 4.242860e-03 3.896088e-03 4.049350e-03 4.063706e-03 4.064458e-03 4.101093e-03 3.823473e-03 4.070538e-03 4.106434e-03 3.893430e-03 3.878592e-03 4.225505e-03 4.190813e-03 3.762388e-03 4.040141e-03 4.048489e-03 3.945995e-03 3.903258e-03 4.102833e-03 3.869338e-03 4.067232e-03 3.975675e-03 4.058820e-03 3.840160e-03 3.876243e-03 4.196738e-03 3.899823e-03 3.810331e-03 3.810034e-03 3.946616e-03 3.937128e-03 4.039625e-03 3.897573e-03 4.108145e-03 3.883839e-03 3.869512e-03 3.748365e-03 4.136234e-03 3.916288e-03 3.875334e-03 3.860114e-03 4.064362e-03 3.938964e-03 4.248341e-03 3.898947e-03 4.028174e-03 4.144098e-03 3.888136e-03 3.787765e-03 4.087427e-03 4.056530e-03 3.804104e-03 3.864384e-03 4.079583e-03 3.878817e-03 3.822143e-03 4.143014e-03 3.828501e-03 3.832601e-03 5.282813e-03 4.166102e-03 3.970047e-03 3.905564e-03 3.839232e-03 3.781051e-03 4.119710e-03 3.863712e-03 4.219378e-03 3.739666e-03 3.806622e-03 3.787847e-03 3.835568e-03 4.325359e-03 3.860573e-03 4.159133e-03 4.063290e-03 3.976221e-03 3.992240e-03 3.863243e-03 3.882288e-03 3.800514e-03 3.882846e-03 3.856887e-03 3.943047e-03 4.082123e-03 3.935276e-03 3.967016e-03 3.868525e-03 3.860903e-03 3.892163e-03 3.886703e-03 4.133118e-03 3.824203e-03 4.062826e-03 3.798390e-03 3.869524e-03 4.120150e-03 4.116173e-03
3.253939e-03 3.202849e-03 3.084437e-03 3.355984e-03 3.144577e-03 3.306923e-03 3.428325e-03 3.148362e-03 3.175699e-03 3.269993e-03 3.483861e-03 3.151739e-03 3.390518e-03 3.421667e-03 3.332020e-03 3.507374e-03 3.258478e-03 3.249723e-03 3.496469e-03 3.195332e-03 3.115648e-03 3.526804e-03 3.551430e-03 3.121591e-03 3.357620e-03 3.236515e-03 3.270042e-03 3.166602e-03 3.448664e-03 3.200993e-03 3.358330e-03 3.254291e-03 3.550119e-03 3.176639e-03 3.196062e-03 3.543729e-03 3.215274e-03 3.132077e-03 3.142463e-03 3.306631e-03 3.140691e-03 3.342600e-03 3.117256e-03 3.435470e-03 3.079248e-03 3.202211e-03 3.202341e-03 3.406798e-03 3.325008e-03 3.200382e-03 3.236211e-03 3.353467e-03 3.230047e-03 3.496915e-03 3.192956e-03 3.430783e-03 3.464294e-03 3.165501e-03 3.151863e-03 3.329699e-03 3.365472e-03 3.181111e-03 3.139056e-03 3.460682e-03 3.170127e-03 3.276143e-03 3.520024e-03 3.134592e-03 3.142995e-03 4.515990e-03 3.458828e-03 3.215999e-03 3.275519e-03 3.133687e-03 3.099467e-03 3.381406e-03 3.155622e-03 3.490408e-03 3.104962e-03 3.161726e-03 3.132951e-03 3.222581e-03 3.543198e-03 3.156484e-03 3.551820e-03 3.387429e-03 3.351443e-03 3.248934e-03 3.236176e-03 3.145702e-03 3.205348e-03 3.180761e-03 3.242843e-03 3.312462e-03 3.389378e-03 3.372076e-03 3.407832e-03 3.096494e-03 3.180020e-03 3.242457e-03 3.153017e-03 3.342941e-03 3.211323e-03 3.425669e-03 3.147114e-03 3.164126e-03 3.497861e-03 3.319753e-03
2.682309e-03 2.644503e-03 2.575407e-03 2.819402e-03 2.650307e-03 2.794528e-03 3.008085e-03 2.619808e-03 2.588661e-03 2.705309e-03 2.928654e-03 2.637667e-03 2.872555e-03 2.957648e-03 2.863221e-03 2.921727e-03 2.648558e-03 2.721257e-03 2.878009e-03 2.663104e-03 2.652886e-03 2.911115e-03 2.969006e-03 2.544131e-03 2.880145e-03 2.755797e-03 2.819404e-03 2.581310e-03 2.859270e-03 2.654678e-03 2.938064e-03 2.737892e-03 2.916608e-03 2.623458e-03 2.631372e-03 2.993900e-03 2.652133e-03 2.575470e-03 2.521271e-03 2.682561e-03 2.707682e-03 2.798806e-03 2.671257e-03 2.897231e-03 2.608028e-03 2.661319e-03 2.690189e-03 2.911293e-03 2.711151e-03 2.576897e-03 2.561009e-03 2.794728e-03 2.682992e-03 2.956162e-03 2.543380e-03 2.898704e-03 2.842006e-03 2.677286e-03 2.536261e-03 2.853545e-03 2.822312e-03 2.648921e-03 2.571913e-03 2.911468e-03 2.651553e-03 2.613816e-03 2.900541e-03 2.606526e-03 2.628628e-03 3.844380e-03 2.945303e-03 2.718476e-03 2.585479e-03 2.535792e-03 2.571610e-03 2.791505e-03 2.579261e-03 2.939152e-03 2.696102e-03 2.583236e-03 2.582975e-03 2.605676e-03 3.021662e-03 2.609296e-03 2.888264e-03 2.827208e-03 2.815307e-03 2.736161e-03 2.715860e-03 2.644782e-03 2.645237e-03 2.589059e-03 2.618855e-03 2.680944e-03 2.806744e-03 2.699732e-03 2.696644e-03 2.604860e-03 2.574970e-03 2.658128e-03 2.498723e-03 2.835142e-03 2.572968e-03 2.944934e-03 2.621200e-03 2.536047e-03 3.012696e-03 2.860586e-03
1.420647e-03 1.456226e-03 1.366770e-03 1.549445e-03 1.421580e-03 1.518945e-03 1.639219e-03 1.363418e-03 1.358845e-03 1.466193e-03 1.620232e-03 1.418127e-03 1.548957e-03 1.617832e-03 1.548731e-03 1.646347e-03 1.420278e-03 1.483913e-03 1.588303e-03 1.429156e-03 1.399685e-03 1.581016e-03 1.600853e-03 1.370302e-03 1.524287e-03 1.545283e-03 1.447644e-03 1.414235e-03 1.600750e-03 1.367572e-03 1.527945e-03 1.477177e-03 1.599402e-03 1.413974e-03 1.426512e-03 1.596740e-03 1.398649e-03 1.412361e-03 1.400803e-03 1.381410e-03 1.433120e-03 1.491960e-03 1.393311e-03 1.599275e-03 1.391626e-03 1.430652e-03 1.384021e-03 1.624534e-03 1.462943e-03 1.411201e-03 1.417079e-03 1.519459e-03 1.449019e-03 1.604420e-03 1.385327e-03 1.572751e-03 1.557251e-03 1.386188e-03 1.417349e-03 1.541804e-03 1.529587e-03 1.369424e-03 1.416612e-03 1.558746e-03 1.407534e-03 1.434546e-03 1.583988e-03 1.394962e-03 1.435403e-03 2.010416e-03 1.640533e-03 1.433055e-03 1.469327e-03 1.361947e-03 1.318593e-03 1.587053e-03 1.374624e-03 1.620649e-03 1.394142e-03 1.381460e-03 1.415069e-03 1.372754e-03 1.612694e-03 1.432424e-03 1.626228e-03 1.565148e-03 1.504746e-03 1.447807e-03 1.425213e-03 1.392438e-03 1.344512e-03 1.404755e-03 1.369395e-03 1.477150e-03 1.533962e-03 1.512600e-03 1.463841e-03 1.411267e-03 1.376664e-03 1.475518e-03 1.370796e-03 1.587360e-03 1.385104e-03 1.594280e-03 1.377519e-03 1.415194e-03 1.621232e-03 1.606770e-03
9.951586e-04 9.883560e-04 9.260106e-04 1.069846e-03 9.789393e-04 1.052457e-03 1.163568e-03 9.612395e-04 9.817209e-04 1.049218e-03 1.144833e-03 9.697759e-04 1.111166e-03 1.117889e-03 1.073748e-03 1.143960e-03 9.835843e-04 1.019411e-03 1.146394e-03 9.608272e-04 9.427817e-04 1.183828e-03 1.075663e-03 9.202059e-04 1.069372e-03 1.094867e-03 1.057881e-03 9.807339e-04 1.127705e-03 9.789335e-04 1.104701e-03 1.009825e-03 1.100953e-03 9.727580e-04 9.812468e-04 1.123771e-03 9.607446e-04 9.530367e-04 9.692385e-04 9.882236e-04 9.819992e-04 1.047463e-03 9.692946e-04 1.137368e-03 9.634220e-04 9.739687e-04 1.017606e-03 1.094418e-03 1.038029e-03 9.603029e-04 9.483005e-04 1.043939e-03 9.681828e-04 1.151349e-03 9.409433e-04 1.103956e-03 1.089084e-03 9.440455e-04 9.246530e-04 1.096380e-03 1.085175e-03 9.547421e-04 9.408224e-04 1.135797e-03 9.311871e-04 9.567121e-04 1.093010e-03 9.779229e-04 9.658240e-04 1.474272e-03 1.148310e-03 9.783090e-04 9.688988e-04 9.447435e-04 9.287722e-04 1.085277e-03 9.717380e-04 1.166063e-03 9.794741e-04 9.890465e-04 9.533543e-04 9.210264e-04 1.139318e-03 9.648762e-04 1.127996e-03 1.088893e-03 1.047292e-03 1.014615e-03 9.579330e-04 9.449337e-04 9.428927e-04 9.748195e-04 9.478779e-04 1.016358e-03 1.034907e-03 1.003038e-03 1.031226e-03 9.360202e-04 9.716977e-04 9.941261e-04 9.703030e-04 1.130414e-03 9.757365e-04 1.122803e-03 9.394631e-04 9.674751e-04 1.183804e-03 1.084541e-03
7.000694e-04 6.899904e-04 6.509577e-04 7.869930e-04 6.635127e-04 7.533224e-04 8.352610e-04 6.408772e-04 6.435908e-04 7.039310e-04 8.291601e-04 6.621280e-04 8.018656e-04 8.255202e-04 7.842477e-04 8.638434e-04 6.816030e-04 7.041587e-04 8.495424e-04 6.589068e-04 6.302130e-04 8.306016e-04 7.995750e-04 6.501178e-04 7.857347e-04 7.621470e-04 7.353260e-04 6.595266e-04 8.151674e-04 6.280054e-04 7.757531e-04 7.251415e-04 7.946592e-04 6.666277e-04 6.727137e-04 8.021633e-04 6.797385e-04 6.477320e-04 6.689138e-04 6.754127e-04 6.622902e-04 7.467879e-04 6.689503e-04 8.241924e-04 6.362994e-04 6.502627e-04 6.743560e-04 7.983339e-04 7.003606e-04 6.463929e-04 6.718414e-04 7.216646e-04 7.183653e-04 8.160257e-04 6.762230e-04 7.914100e-04 8.062729e-04 6.752621e-04 6.427421e-04 8.011195e-04 7.848219e-04 6.860539e-04 6.440317e-04 7.741923e-04 6.579784e-04 6.595826e-04 8.059067e-04 6.612921e-04 6.331994e-04 1.033685e-03 8.265518e-04 7.086214e-04 6.585765e-04 6.234572e-04 6.245714e-04 7.729183e-04 6.219095e-04 7.845398e-04 6.457960e-04 6.690988e-04 6.497321e-04 6.511961e-04 8.409683e-04 6.913728e-04 8.204180e-04 8.090007e-04 7.387324e-04 6.754772e-04 6.714110e-04 6.724233e-04 6.363600e-04 6.703863e-04 6.279431e-04 6.919285e-04 7.632875e-04 7.351116e-04 7.188713e-04 6.671865e-04 6.550180e-04 7.133618e-04 6.301095e-04 8.468315e-04 6.753945e-04 8.202087e-04 6.435362e-04 6.328771e-04 8.118985e-04 8.005220e-04
4.854380e-04 4.652313e-04 4.196096e-04 5.683499e-04 4.489036e-04 5.342729e-04 6.202574e-04 4.453817e-04 4.500330e-04 5.183626e-04 6.044844e-04 4.524662e-04 5.794758e-04 6.001388e-04 5.440526e-04 6.276773e-04 4.945650e-04 4.998401e-04 6.320645e-04 4.822953e-04 4.702771e-04 5.959526e-04 5.830654e-04 4.511010e-04 5.532630e-04 5.535433e-04 5.356733e-04 4.556060e-04 5.712714e-04 4.556083e-04 5.657191e-04 5.023456e-04 6.012550e-04 4.584986e-04 4.755225e-04 6.198903e-04 4.407887e-04 4.507865e-04 4.394830e-04 4.875913e-04 4.853694e-04 5.040507e-04 4.711950e-04 6.403559e-04 4.650948e-04 4.619077e-04 4.617284e-04 6.246289e-04 5.118482e-04 4.703216e-04 4.703874e-04 5.261235e-04 4.988552e-04 6.238660e-04 4.786824e-04 5.538299e-04 5.865838e-04 4.754773e-04 4.477737e-04 5.644531e-04 5.736971e-04 4.401570e-04 4.552247e-04 5.506498e-04 4.796920e-04 4.591438e-04 5.697670e-04 4.317891e-04 4.748905e-04 7.840434e-04 6.011678e-04 4.910471e-04 4.715409e-04 4.776904e-04 4.587105e-04 5.501079e-04 4.317287e-04 6.244647e-04 4.652676e-04 4.356851e-04 4.591035e-04 4.401764e-04 6.051923e-04 4.777223e-04 5.886754e-04 5.724539e-04 5.178779e-04 4.743582e-04 4.687579e-04 4.414861e-04 4.491600e-04 4.609773e-04 4.723594e-04 5.493368e-04 5.473906e-04 5.727337e-04 4.975370e-04 4.549744e-04 4.513539e-04 4.921217e-04 4.842805e-04 6.028556e-04 4.534752e-04 6.095447e-04 4.278447e-04 4.491819e-04 6.067439e-04 6.225190e-04
3.235209e-04 3.284736e-04 3.279451e-04 3.928896e-04 3.338373e-04 3.978620e-04 4.723709e-04 2.930337e-04 3.062427e-04 3.770882e-04 4.337756e-04 3.539166e-04 4.072932e-04 4.283285e-04 3.983142e-04 4.599038e-04 3.337478e-04 3.526798e-04 4.534595e-04 3.557952e-04 3.164808e-04 4.483156e-04 4.427087e-04 3.039375e-04 3.923246e-04 4.213440e-04 3.909479e-04 3.392939e-04 4.065276e-04 3.327191e-04 3.982698e-04 3.491478e-04 4.594184e-04 3.510837e-04 3.545812e-04 4.418546e-04 3.422319e-04 3.141813e-04 3.185138e-04 3.184322e-04 3.115893e-04 3.839528e-04 3.513788e-04 4.488019e-04 3.485913e-04 3.640879e-04 3.318538e-04 4.292206e-04 3.716673e-04 3.174383e-04 3.451474e-04 3.790241e-04 3.575686e-04 4.815824e-04 3.365629e-04 4.144648e-04 4.240395e-04 3.207863e-04 3.273660e-04 4.036072e-04 4.485120e-04 3.192798e-04 3.301193e-04 3.972867e-04 3.211849e-04 3.342902e-04 4.208117e-04 3.243410e-04 3.094832e-04 5.795910e-04 4.522519e-04 3.769624e-04 3.093348e-04 2.989857e-04 3.129734e-04 3.976995e-04 3.105675e-04 4.581601e-04 3.127115e-04 3.275078e-04 3.240264e-04 3.279967e-04 4.465576e-04 3.102273e-04 4.375587e-04 4.322124e-04 3.863272e-04 3.416682e-04 3.319900e-04 3.197171e-04 3.276801e-04 3.228785e-04 3.248714e-04 3.731412e-04 3.679840e-04 4.012999e-04 3.649456e-04 3.354247e-04 3.303210e-04 3.414450e-04 3.279506e-04 4.417235e-04 3.304525e-04 4.739202e-04 3.276270e-04 3.354918e-04 4.172114e-04 4.260307e-04
2.257144e-04 2.327486e-04 2.478077e-04 2.738964e-04 2.526044e-04 2.833770e-04 3.404361e-04 2.175287e-04 2.369380e-04 2.446376e-04 3.111681e-04 2.339410e-04 3.261560e-04 3.261916e-04 3.116485e-04 3.492842e-04 2.349960e-04 2.696915e-04 3.216680e-04 2.425680e-04 2.460051e-04 3.290306e-04 3.093224e-04 2.241070e-04 3.226542e-04 3.330363e-04 2.707723e-04 2.307683e-04 3.526353e-04 2.126387e-04 2.864542e-04 2.483735e-04 3.100331e-04 2.555129e-04 2.683985e-04 3.097167e-04 2.562182e-04 2.048464e-04 1.964565e-04 2.403947e-04 2.547791e-04 2.669259e-04 2.536347e-04 3.165873e-04 2.689834e-04 2.472252e-04 2.444083e-04 3.025742e-04 2.870603e-04 2.311048e-04 2.377311e-04 2.898295e-04 2.443775e-04 3.623594e-04 2.367683e-04 3.295870e-04 3.002240e-04 2.427465e-04 2.159933e-04 2.941765e-04 3.103077e-04 2.484022e-04 2.483246e-04 2.865952e-04 2.372838e-04 2.430725e-04 3.180245e-04 2.506066e-04 2.449070e-04 4.338968e-04 3.406569e-04 2.572157e-04 2.155621e-04 2.244155e-04 2.540923e-04 3.049446e-04 2.310314e-04 3.235210e-04 2.392804e-04 2.330734e-04 2.245563e-04 2.150783e-04 3.366900e-04 2.409063e-04 3.110277e-04 3.172758e-04 2.807333e-04 2.512256e-04 2.444593e-04 2.458711e-04 2.294166e-04 2.440954e-04 2.521107e-04 2.598890e-04 2.964957e-04 2.906407e-04 2.887067e-04 2.275287e-04 2.253612e-04 2.522055e-04 2.474242e-04 3.300295e-04 2.644452e-04 3.325129e-04 2.063353e-04 2.412655e-04 3.190495e-04 3.171019e-04
1.758657e-04 1.883887e-04 1.889491e-04 2.172772e-04 1.775927e-04 2.145018e-04 2.700892e-04 1.569916e-04 1.727678e-04 2.141974e-04 2.564036e-04 1.708139e-04 2.191471e-04 2.434468e-04 2.339053e-04 2.493124e-04 2.048251e-04 1.966168e-04 2.631778e-04 1.897098e-04 2.109466e-04 2.577154e-04 2.296319e-04 1.671790e-04 2.182120e-04 2.554741e-04 1.850562e-04 1.772464e-04 2.724770e-04 1.491079e-04 2.402189e-04 1.935867e-04 2.508825e-04 1.666881e-04 1.811424e-04 2.329816e-04 1.983498e-04 1.684194e-04 1.595957e-04 1.829913e-04 1.764797e-04 2.324334e-04 1.809184e-04 2.318317e-04 1.704690e-04 1.762447e-04 1.996766e-04 2.471706e-04 1.999858e-04 1.898691e-04 1.613274e-04 2.036076e-04 2.105201e-04 2.703812e-04 1.797249e-04 2.436080e-04 2.559717e-04 1.737680e-04 1.776669e-04 2.432197e-04 2.320575e-04 1.903469e-04 1.784156e-04 2.243718e-04 1.639967e-04 1.879814e-04 2.430474e-04 2.085648e-04 1.408191e-04 3.322577e-04 2.525873e-04 1.673361e-04 1.688653e-04 1.707260e-04 1.755531e-04 2.430870e-04 1.702333e-04 2.744458e-04 1.896718e-04 1.871556e-04 1.851309e-04 1.727262e-04 2.411818e-04 1.803136e-04 2.595568e-04 2.290405e-04 2.316666e-04 1.949573e-04 1.778719e-04 1.762622e-04 1.698717e-04 1.711869e-04 1.647383e-04 2.015628e-04 2.237276e-04 2.163914e-04 1.934520e-04 1.809915e-04 1.653196e-04 2.065373e-04 1.674847e-04 2.524706e-04 1.674061e-04 2.628887e-04 1.711252e-04 1.714488e-04 2.654162e-04 2.501130e-04
1.462527e-04 1.500507e-04 1.341671e-04 1.959541e-04 1.391229e-04 1.651181e-04 2.145109e-04 1.063360e-04 1.143183e-04 1.841112e-04 1.759556e-04 1.484607e-04 1.839772e-04 1.881863e-04 1.592571e-04 2.028101e-04 1.204554e-04 1.544321e-04 2.064405e-04 1.212072e-04 1.113013e-04 2.154341e-04 1.693080e-04 1.210883e-04 1.778075e-04 1.784429e-04 1.649052e-04 1.335852e-04 1.960640e-04 1.257323e-04 2.081099e-04 1.678711e-04 1.986758e-04 1.271738e-04 1.314789e-04 1.741147e-04 1.341412e-04 1.384991e-04 1.426813e-04 9.539187e-05 1.387502e-04 1.765462e-04 1.380642e-04 2.148265e-04 1.468361e-04 1.349555e-04 1.425072e-04 1.929168e-04 1.513071e-04 1.303738e-04 1.131142e-04 1.535279e-04 1.439972e-04 2.157646e-04 1.342511e-04 1.722461e-04 2.024352e-04 1.283365e-04 1.061743e-04 1.888493e-04 1.541088e-04 1.083939e-04 1.303251e-04 1.636606e-04 1.517980e-04 1.303369e-04 1.994908e-04 1.318185e-04 1.341181e-04 2.319638e-04 1.762325e-04 1.484719e-04 1.320832e-04 1.407309e-04 1.439652e-04 1.928021e-04 1.420780e-04 1.852531e-04 1.210255e-04 1.428992e-04 1.377834e-04 1.342880e-04 2.039280e-04 1.457982e-04 1.875090e-04 1.855311e-04 1.848586e-04 1.519072e-04 1.321864e-04 1.275270e-04 1.293527e-04 1.256465e-04 1.429488e-04 1.461909e-04 1.672259e-04 1.709572e-04 1.711511e-04 1.170519e-04 1.364976e-04 1.447226e-04 1.301932e-04 1.890907e-04 1.299456e-04 1.896565e-04 1.536331e-04 1.255153e-04 2.013440e-04 1.764937e-04
9.755157e-05 1.007527e-04 8.104305e-05 1.416732e-04 1.095796e-04 1.278614e-04 1.682677e-04 8.985779e-05 9.794125e-05 1.256084e-04 1.307225e-04 8.964655e-05 1.208580e-04 1.401449e-04 1.468845e-04 1.540592e-04 1.070293e-04 1.227810e-04 1.556925e-04 1.163573e-04 1.096940e-04 1.551633e-04 1.310700e-04 1.054567e-04 1.098041e-04 1.383197e-04 1.205933e-04 1.101689e-04 1.571227e-04 1.008192e-04 1.387762e-04 1.125433e-04 1.247690e-04 8.148469e-05 8.970471e-05 1.574911e-04 1.001160e-04 1.052925e-04 1.119968e-04 9.750749e-05 8.951020e-05 1.438015e-04 9.235198e-05 1.551282e-04 1.023864e-04 1.141640e-04 1.120625e-04 1.485022e-04 1.148220e-04 9.791623e-05 1.078939e-04 1.478854e-04 1.074543e-04 1.722243e-04 9.227110e-05 1.268821e-04 1.521262e-04 1.174364e-04 1.094881e-04 1.081348e-04 1.366923e-04 7.780262e-05 7.751454e-05 1.293135e-04 1.075943e-04 1.202740e-04 1.554942e-04 8.696744e-05 8.979623e-05 1.638028e-04 1.776914e-04 1.169646e-04 1.126916e-04 9.522094e-05 9.007443e-05 1.513783e-04 1.004238e-04 1.526026e-04 8.164487e-05 1.078376e-04 1.117529e-04 9.260188e-05 1.666580e-04 1.187360e-04 1.402130e-04 1.418606e-04 1.286985e-04 1.027577e-04 1.125308e-04 1.073489e-04 1.189348e-04 8.760346e-05 8.676525e-05 1.192997e-04 1.329239e-04 1.334374e-04 1.251872e-04 1.053039e-04 1.032664e-04 1.206400e-04 1.052506e-04 1.552488e-04 9.764836e-05 1.629102e-04 1.049671e-04 9.225566e-05 1.365975e-04 1.607085e-04
7.956162e-05 1.128435e-04 7.393179e-05 9.762668e-05 9.028496e-05 1.166320e-04 1.167811e-04 5.183030e-05 5.970332e-05 9.482879e-05 9.761743e-05 7.681216e-05 1.128383e-04 1.201733e-04 1.125056e-04 1.084052e-04 8.003313e-05 8.481589e-05 1.144822e-04 6.017046e-05 7.931252e-05 1.058476e-04 9.747761e-05 7.693788e-05 1.108401e-04 1.107240e-04 9.760079e-05 6.385833e-05 1.366191e-04 7.695597e-05 1.242280e-04 8.508851e-05 1.220956e-04 1.039168e-04 8.272462e-05 1.228174e-04 7.977369e-05 7.335915e-05 6.382241e-05 7.951945e-05 8.576012e-05 9.986059e-05 7.045428e-05 1.222274e-04 1.000397e-04 8.477621e-05 6.786348e-05 1.300608e-04 7.672516e-05 6.345357e-05 8.220509e-05 1.039111e-04 8.762494e-05 1.133203e-04 7.025653e-05 1.089347e-04 1.127918e-04 6.383797e-05 5.970668e-05 1.218885e-04 1.164085e-04 7.694579e-05 8.208641e-05 1.051736e-04 9.946964e-05 7.718604e-05 1.344338e-04 5.617098e-05 8.242908e-05 1.582666e-04 1.296706e-04 9.035630e-05 7.074439e-05 8.271630e-05 5.605893e-05 9.711812e-05 7.380877e-05 1.296258e-04 7.704330e-05 7.103803e-05 8.243085e-05 7.380653e-05 1.119746e-04 8.243809e-05 1.201643e-04 1.165633e-04 9.948465e-05 9.493336e-05 7.125557e-05 7.415170e-05 7.386898e-05 1.001277e-04 7.372925e-05 9.957684e-05 1.045776e-04 7.936654e-05 9.966544e-05 9.035203e-05 6.785465e-05 9.531669e-05 7.934840e-05 1.279147e-04 8.767833e-05 1.352628e-04 8.509785e-05 7.704620e-05 9.995526e-05 1.141176e-04
4.132085e-05 3.610538e-05 3.842127e-05 5.621147e-05 4.299474e-05 4.812719e-05 5.987229e-05 3.440816e-05 2.657211e-05 4.358113e-05 5.394223e-05 4.576873e-05 5.703550e-05 6.345624e-05 5.360301e-05 6.942280e-05 3.977150e-05 4.573493e-05 4.959968e-05 3.849547e-05 4.211125e-05 5.575070e-05 5.171581e-05 3.450480e-05 5.642766e-05 6.513991e-05 4.829829e-05 2.799965e-05 5.082006e-05 3.145120e-05 5.287991e-05 5.251698e-05 5.125179e-05 3.409107e-05 3.975503e-05 6.028794e-05 3.901957e-05 3.828989e-05 3.110205e-05 3.841631e-05 4.496082e-05 4.766987e-05 4.739240e-05 6.283202e-05 3.745381e-05 4.337550e-05 4.477013e-05 5.561961e-05 5.085822e-05 4.755806e-05 4.098307e-05 4.702612e-05 4.539372e-05 5.745861e-05 4.818066e-05 5.604486e-05 5.604258e-05 3.397764e-05 2.802660e-05 4.818559e-05 5.766763e-05 4.590575e-05 3.122533e-05 4.207922e-05 3.479947e-05 4.652173e-05 6.048601e-05 3.882149e-05 3.076829e-05 7.405411e-05 6.862641e-05 4.464944e-05 3.724568e-05 3.462717e-05 4.188257e-05 5.636903e-05 3.855798e-05 6.802878e-05 3.423029e-05 3.726467e-05 4.303691e-05 3.894567e-05 6.021444e-05 4.223668e-05 5.529022e-05 5.616073e-05 5.085468e-05 5.188796e-05 3.174433e-05 2.627240e-05 4.196971e-05 3.719783e-05 4.212591e-05 4.337843e-05 4.693577e-05 5.310361e-05 4.944764e-05 3.131619e-05 3.446673e-05 4.123826e-05 3.834551e-05 5.942664e-05 5.134284e-05 5.657836e-05 3.449837e-05 4.202262e-05 4.880011e-05 5.734191e-05
3.412794e-05 2.594475e-05 2.406096e-05 4.057367e-05 2.195755e-05 3.026707e-05 4.020391e-05 2.020978e-05 2.256185e-05 2.417107e-05 4.013771e-05 2.728199e-05 3.635328e-05 4.506366e-05 3.485524e-05 4.156753e-05 2.546272e-05 2.229208e-05 3.404876e-05 2.407955e-05 3.008430e-05 4.228499e-05 2.981927e-05 2.221056e-05 3.642805e-05 4.040845e-05 3.574586e-05 2.699201e-05 4.261614e-05 1.574731e-05 4.067632e-05 3.300459e-05 3.298367e-05 2.704258e-05 2.209955e-05 3.612224e-05 2.560589e-05 2.023257e-05 2.003253e-05 2.592278e-05 3.012039e-05 2.767531e-05 3.301622e-05 3.629197e-05 2.025386e-05 2.709396e-05 2.702129e-05 3.799225e-05 3.523746e-05 2.380416e-05 2.006168e-05 3.118720e-05 3.019370e-05 4.914686e-05 2.411021e-05 4.031156e-05 3.420828e-05 2.257395e-05 2.553047e-05 3.127802e-05 3.526926e-05 2.554505e-05 2.058249e-05 2.888339e-05 2.701213e-05 2.386365e-05 3.641891e-05 2.047948e-05 2.182006e-05 2.478056e-05 3.882763e-05 3.125357e-05 2.997997e-05 2.706627e-05 2.233835e-05 4.350746e-05 2.857868e-05 2.714294e-05 2.400096e-05 2.731238e-05 1.560761e-05 2.022255e-05 2.698979e-05 2.580487e-05 4.330005e-05 3.877986e-05 3.172958e-05 3.503267e-05 2.047754e-05 3.132199e-05 2.570569e-05 2.005621e-05 2.000341e-05 3.123121e-05 3.658740e-05 2.549608e-05 2.815358e-05 2.217101e-05 3.031846e-05 2.183293e-05 1.317708e-05 4.139687e-05 2.572529e-05 4.118149e-05 2.403962e-05 1.262380e-05 2.867765e-05 3.421162e-05
1.428848e-05 1.855349e-05 1.155453e-05 1.867441e-05 2.043672e-05 1.424361e-05 2.739240e-05 1.138912e-05 1.177181e-05 1.833913e-05 2.643049e-05 1.437063e-05 2.352728e-05 2.354045e-05 2.765541e-05 2.739342e-05 2.771999e-05 2.379697e-05 2.972728e-05 1.180733e-05 1.653103e-05 2.504890e-05 2.332327e-05 2.479344e-05 2.876495e-05 2.880189e-05 2.235064e-05 1.677836e-05 2.478370e-05 2.502259e-05 2.518811e-05 2.745717e-05 2.886940e-05 1.661936e-05 1.451263e-05 2.871268e-05 2.357923e-05 1.203249e-05 1.447846e-05 1.650004e-05 1.174093e-05 2.612791e-05 1.457671e-05 2.369836e-05 1.152116e-05 1.662475e-05 1.160383e-05 2.860769e-05 2.357254e-05 2.359413e-05 1.418419e-05 3.038507e-05 2.349327e-05 3.223655e-05 2.051431e-05 2.776169e-05 2.083964e-05 1.665809e-05 2.054957e-05 2.066756e-05 2.380406e-05 1.696129e-05 1.168224e-05 2.203830e-05 1.657229e-05 2.206136e-05 2.376866e-05 2.340120e-05 1.398924e-05 3.632246e-05 2.497633e-05 1.853388e-05 1.211890e-05 1.158389e-05 1.421859e-05 2.187971e-05 1.708230e-05 3.334001e-05 2.210553e-05 1.871840e-05 2.200021e-05 1.159328e-05 2.473887e-05 1.713177e-05 2.763126e-05 2.314534e-05 2.187610e-05 2.348396e-05 8.505225e-06 1.653238e-05 1.170695e-05 2.062179e-05 2.213879e-05 2.011898e-05 2.211823e-05 2.496982e-05 2.497964e-05 1.675164e-05 8.483693e-06 2.506469e-05 2.035029e-05 2.339512e-05 1.688653e-05 2.221892e-05 1.659181e-05 1.676051e-05 1.668537e-05 2.509918e-05
7.667275e-06 6.610987e-06 5.105824e-06 8.445229e-06 8.482097e-06 8.321811e-06 1.045875e-05 0.000000e+00 5.213108e-06 9.678369e-06 7.596847e-06 3.663728e-06 9.174119e-06 1.072252e-05 1.087650e-05 1.234560e-05 3.627476e-06 3.975815e-06 1.070453e-05 7.485500e-06 4.953143e-06 5.493227e-06 1.138026e-05 7.773593e-06 3.510805e-06 9.307856e-06 5.314649e-06 7.607924e-06 9.322069e-06 6.507734e-06 9.841702e-06 5.390395e-06 5.492144e-06 7.564973e-06 9.723058e-06 9.915098e-06 8.690516e-06 6.582023e-06 7.447079e-06 5.023639e-06 6.390261e-06 9.113281e-06 0.000000e+00 9.897119e-06 5.492538e-06 6.673498e-06 5.506675e-06 1.147066e-05 9.209161e-06 6.678605e-06 0.000000e+00 5.457785e-06 6.740210e-06 1.421118e-05 7.629438e-06 8.256740e-06 8.668967e-06 7.500406e-06 7.528488e-06 9.975891e-06 1.075611e-05 7.441375e-06 7.874689e-06 6.322642e-06 0.000000e+00 3.749418e-06 1.343636e-05 7.296761e-06 6.663493e-06 1.459632e-05 9.131921e-06 3.809196e-06 8.516087e-06 0.000000e+00 7.731428e-06 9.923855e-06 3.909296e-06 1.249074e-05 6.217506e-06 6.503967e-06 8.696275e-06 3.758261e-06 8.335713e-06 6.625442e-06 9.416972e-06 9.951879e-06 9.293418e-06 6.730063e-06 6.515180e-06 6.452471e-06 5.617456e-06 5.029733e-06 6.563358e-06 5.479666e-06 8.411691e-06 5.447852e-06 6.509448e-06 8.290909e-06 8.582388e-06 5.341531e-06 6.341305e-06 1.305474e-05 6.612202e-06 8.414496e-06 7.723773e-06 0.000000e+00 6.582492e-06 9.197378e-06
4.507400e-06 0.000000e+00 3.351323e-06 4.823648e-06 0.000000e+00 5.632253e-06 4.575337e-06 3.400663e-06 3.368166e-06 4.695994e-06 0.000000e+00 0.000000e+00 3.235238e-06 5.873871e-06 4.777379e-06 4.683389e-06 0.000000e+00 0.000000e+00 4.744534e-06 3.081396e-06 0.000000e+00 4.713216e-06 4.858115e-06 0.000000e+00 4.578850e-06 5.764784e-06 4.627168e-06 0.000000e+00 4.451215e-06 3.371447e-06 7.406669e-06 0.000000e+00 6.739247e-06 3.402813e-06 0.000000e+00 3.359519e-06 0.000000e+00 0.000000e+00 6.461615e-06 0.000000e+00 6.666464e-06 3.427711e-06 3.429311e-06 6.829025e-06 0.000000e+00 0.000000e+00 0.000000e+00 4.627520e-06 3.127723e-06 3.092966e-06 3.149189e-06 3.155125e-06 3.052023e-06 3.356514e-06 4.443554e-06 3.368907e-06 6.540072e-06 0.000000e+00 0.000000e+00 0.000000e+00 3.339770e-06 3.287420e-06 4.658929e-06 5.638704e-06 3.252096e-06 4.681498e-06 4.600546e-06 4.647167e-06 3.181336e-06 0.000000e+00 5.400125e-06 4.629872e-06 0.000000e+00 3.081714e-06 5.792889e-06 0.000000e+00 3.378709e-06 6.594201e-06 0.000000e+00 3.270244e-06 0.000000e+00 0.000000e+00 4.790377e-06 0.000000e+00 4.553437e-06 3.076753e-06 4.862761e-06 0.000000e+00 0.000000e+00 0.000000e+00 0.000000e+00 3.356557e-06 3.451718e-06 4.570638e-06 5.821774e-06 3.342736e-06 0.000000e+00 3.143051e-06 3.268539e-06 3.395685e-06 3.144319e-06 3.300421e-06 3.385609e-06 5.854971e-06 0.000000e+00 0.000000e+00 3.284067e-06 4.561782e-06
0.000000e+00 4.230377e-06 0.000000e+00 0.000000e+00 0.000000e+00 0.000000e+00 0.000000e+00 3.029878e-06 3.017362e-06 3.029784e-06 0.000000e+00 0.000000e+00 3.018015e-06 4.226589e-06 0.000000e+00 0.000000e+00 4.128787e-06 0.000000e+00 2.795226e-06 2.943650e-06 0.000000e+00 0.000000e+00 0.000000e+00 2.744700e-06 2.933005e-06 0.000000e+00 3.022672e-06 0.000000e+00 2.822876e-06 3.028391e-06 4.175292e-06 0.000000e+00 0.000000e+00 2.758250e-06 0.000000e+00 2.820618e-06 0.000000e+00 0.000000e+00 0.000000e+00 0.000000e+00 2.946517e-06 0.000000e+00 0.000000e+00 0.000000e+00 0.000000e+00 2.961971e-06 0.000000e+00 0.000000e+00 0.000000e+00 0.000000e+00 0.000000e+00 2.881227e-06 0.000000e+00 2.866288e-06 0.000000e+00 2.959740e-06 0.000000e+00 0.000000e+00 0.000000e+00 3.034844e-06 3.045696e-06 0.000000e+00 0.000000e+00 0.000000e+00 0.000000e+00 0.000000e+00 4.196894e-06 0.000000e+00 2.969496e-06 0.000000e+00 0.000000e+00 0.000000e+00 0.000000e+00 4.249815e-06 0.000000e+00 0.000000e+00 0.000000e+00 3.022077e-06 0.000000e+00 0.000000e+00 0.000000e+00 0.000000e+00 0.000000e+00 0.000000e+00 2.882891e-06 2.986440e-06 0.000000e+00 2.779224e-06 0.000000e+00 2.964613e-06 0.000000e+00 2.844174e-06 2.738172e-06 0.000000e+00 0.000000e+00 0.000000e+00 2.788887e-06 0.000000e+00 0.000000e+00 0.000000e+00 0.000000e+00 0.000000e+00 2.919698e-06 0.000000e+00 0.000000e+00 0.000000e+00 3.017209e-06 0.000000e+00
