# Version 0.0
# Data /lustre/isaac24/proj/UTK0244/cbaillar/Bayes_HEP/Detroit_tune_Project/input/Data/Data__200__pp__STAR_2019_I1771348__d03-x01-y02.dat
# Observable: $ \langle p^{ch}_{T} \rangle$
# Subobservable: Leading jet $p_{T} [GeV/c]$
# Design Design_Rivet.dat
# design_point1 design_point2 design_point3 design_point4 design_point5 design_point6 design_point7 design_point8 design_point9 design_point10 design_point11 design_point12 design_point13 design_point14 design_point15 design_point16 design_point17 design_point18 design_point19 design_point20 design_point21 design_point22 design_point23 design_point24 design_point25 design_point26 design_point27 design_point28 design_point29 design_point30 design_point31 design_point32 design_point33 design_point34 design_point35 design_point36 design_point37 design_point38 design_point39 design_point40 design_point41 design_point42 design_point43 design_point44 design_point45 design_point46 design_point47 design_point48 design_point49 design_point50 design_point51 design_point52 design_point53 design_point54 design_point55 design_point56 design_point57 design_point58 design_point59 design_point60 design_point61 design_point62 design_point63 design_point64 design_point65 design_point66 design_point67 design_point68 design_point69 design_point70 design_point71 design_point72 design_point73 design_point74 design_point75 design_point76 design_point77 design_point78 design_point79 design_point80 design_point81 design_point82 design_point83 design_point84 design_point85 design_point86 design_point87 design_point88 design_point89 design_point90 design_point91 design_point92 design_point93 design_point94 design_point95 design_point96 design_point97 design_point98 design_point99 design_point100 design_point101 design_point102 design_point103 design_point104 design_point105 design_point106 design_point107 design_point108
2.932590e-03 2.305877e-03 4.349330e-03 8.582159e-04 2.707721e-03 7.951570e-04 3.185394e-04 4.135728e-03 3.695224e-03 1.466633e-03 3.806927e-04 3.267198e-03 6.088925e-04 3.119789e-04 4.419191e-04 2.948249e-04 2.526710e-03 5.519456e-04 3.453713e-04 3.113418e-03 3.137120e-03 3.696867e-04 4.775873e-04 4.005652e-03 5.927407e-04 3.850160e-04 6.124331e-04 3.787480e-03 3.384561e-04 4.145852e-03 7.197180e-04 1.019941e-03 3.000168e-04 3.192654e-03 2.528095e-03 3.974305e-04 1.636070e-03 4.448009e-03 4.017768e-03 3.342922e-03 2.604484e-03 1.197295e-03 3.189340e-03 3.226552e-04 3.386950e-03 3.215454e-03 8.001967e-04 3.915419e-04 7.796593e-04 3.050379e-03 3.341840e-03 6.448551e-04 2.289199e-03 3.285556e-04 3.030866e-03 4.975114e-04 4.554868e-04 3.735330e-03 4.271897e-03 6.749583e-04 3.676166e-04 3.385005e-03 3.897747e-03 5.328115e-04 3.230678e-03 2.950847e-03 3.494462e-04 3.738123e-03 4.050542e-03 8.646019e-04 3.136393e-04 2.062742e-03 3.016498e-03 4.006487e-03 4.264574e-03 5.470553e-04 4.300076e-03 3.639525e-04 3.475553e-03 3.359535e-03 3.951242e-03 4.020454e-03 4.049371e-04 1.660270e-03 3.566634e-04 4.365831e-04 1.159435e-03 1.656020e-03 3.131588e-03 2.773649e-03 4.322095e-03 2.354544e-03 3.593095e-03 1.496934e-03 9.974856e-04 1.109656e-03 1.307391e-03 3.602357e-03 3.705056e-03 1.861809e-03 4.030685e-03 3.330735e-04 3.306782e-03 2.988178e-04 4.366390e-03 3.617396e-03 4.216025e-04 3.909841e-04
7.479549e-03 5.988438e-03 9.978131e-03 2.268273e-03 7.088580e-03 2.010255e-03 7.172723e-04 9.965277e-03 8.830948e-03 3.981994e-03 9.221295e-04 8.085168e-03 1.490100e-03 6.387403e-04 9.052018e-04 6.048968e-04 6.574665e-03 1.291705e-03 7.518401e-04 7.837316e-03 7.762205e-03 9.100511e-04 1.336587e-03 9.839486e-03 1.428755e-03 7.818566e-04 1.259113e-03 8.988816e-03 6.969114e-04 9.852783e-03 1.819632e-03 1.934534e-03 7.438475e-04 7.974831e-03 6.512898e-03 9.970875e-04 4.319227e-03 1.025142e-02 9.861608e-03 8.307467e-03 6.667263e-03 3.211403e-03 8.155830e-03 6.897006e-04 8.585519e-03 8.262377e-03 1.561894e-03 8.199214e-04 1.501768e-03 7.618302e-03 8.722586e-03 1.234758e-03 6.280777e-03 6.810004e-04 7.717955e-03 1.127126e-03 1.044962e-03 8.883402e-03 1.007459e-02 1.672606e-03 7.296559e-04 8.545651e-03 9.499647e-03 1.582249e-03 7.969284e-03 7.599333e-03 7.241161e-04 9.372692e-03 9.406083e-03 2.408469e-03 6.310565e-04 5.882092e-03 7.968915e-03 9.617839e-03 9.914587e-03 1.302550e-03 1.008041e-02 8.623642e-04 8.656410e-03 8.279015e-03 9.568085e-03 9.765406e-03 1.051968e-03 4.021708e-03 8.152535e-04 9.514632e-04 3.112599e-03 4.566753e-03 8.130602e-03 7.118915e-03 1.033891e-02 5.873607e-03 8.834615e-03 4.144047e-03 2.762601e-03 2.942703e-03 3.578638e-03 8.721216e-03 8.980908e-03 5.111046e-03 9.504553e-03 7.014785e-04 8.204841e-03 6.513671e-04 1.069020e-02 8.917476e-03 1.114444e-03 7.990464e-04
1.574843e-02 1.352148e-02 2.184882e-02 5.740009e-03 1.598266e-02 4.907270e-03 1.795555e-03 1.935208e-02 1.880780e-02 9.620739e-03 2.485818e-03 1.798034e-02 3.655837e-03 1.442173e-03 1.992075e-03 1.380290e-03 1.441105e-02 3.359842e-03 1.839960e-03 1.700817e-02 1.637016e-02 2.509265e-03 4.061491e-03 1.976117e-02 3.528085e-03 1.707352e-03 2.740167e-03 1.871483e-02 1.580723e-03 1.950386e-02 4.712328e-03 3.659867e-03 2.087789e-03 1.639716e-02 1.473872e-02 2.791850e-03 1.020586e-02 2.099310e-02 2.082107e-02 1.677509e-02 1.508600e-02 7.858380e-03 1.713255e-02 1.633564e-03 1.720819e-02 1.754543e-02 3.258750e-03 1.882079e-03 2.987530e-03 1.679680e-02 1.805826e-02 2.458869e-03 1.383616e-02 1.558282e-03 1.603722e-02 2.685024e-03 2.500624e-03 1.911177e-02 2.018517e-02 4.236861e-03 1.590112e-03 1.823899e-02 1.952849e-02 5.286216e-03 1.697526e-02 1.669578e-02 1.650957e-03 2.019455e-02 2.107321e-02 7.763335e-03 1.392254e-03 1.303652e-02 1.723232e-02 2.070310e-02 1.988390e-02 3.243492e-03 2.106260e-02 2.279354e-03 1.843707e-02 1.723380e-02 1.895776e-02 1.849233e-02 2.969744e-03 9.112231e-03 2.100799e-03 2.254198e-03 7.649402e-03 1.120407e-02 1.700360e-02 1.549346e-02 2.053884e-02 1.461134e-02 1.871176e-02 1.010153e-02 7.088907e-03 7.345224e-03 8.579584e-03 1.759084e-02 1.819944e-02 1.173664e-02 2.020635e-02 1.609152e-03 1.745231e-02 1.577485e-03 2.083825e-02 1.803477e-02 3.252356e-03 1.736840e-03
2.386205e-02 2.545239e-02 3.373167e-02 1.229507e-02 2.878923e-02 1.128407e-02 4.471009e-03 3.414240e-02 3.106227e-02 1.803340e-02 6.673225e-03 2.888735e-02 8.362398e-03 3.239374e-03 4.257278e-03 3.093421e-03 2.355384e-02 8.764464e-03 4.330156e-03 2.724218e-02 3.021959e-02 6.905564e-03 1.252234e-02 3.207165e-02 8.089822e-03 3.696440e-03 5.688745e-03 3.125702e-02 3.484880e-03 3.167732e-02 1.046443e-02 6.884194e-03 5.943397e-03 2.871586e-02 2.586650e-02 7.624887e-03 1.965929e-02 3.211894e-02 3.037602e-02 2.584963e-02 2.404023e-02 1.539547e-02 2.646337e-02 3.851804e-03 3.103008e-02 2.798980e-02 6.653632e-03 4.186989e-03 5.679726e-03 2.975652e-02 3.200345e-02 4.788159e-03 2.688949e-02 3.607700e-03 2.718684e-02 6.092518e-03 5.705022e-03 3.392021e-02 3.300322e-02 9.183462e-03 3.374210e-03 3.090946e-02 3.112038e-02 1.739173e-02 2.979850e-02 2.569072e-02 3.667388e-03 3.097060e-02 3.350890e-02 2.239706e-02 3.040218e-03 2.305192e-02 2.814465e-02 3.475126e-02 3.351785e-02 7.263153e-03 3.366415e-02 5.955556e-03 3.215189e-02 2.939973e-02 3.216202e-02 3.039846e-02 8.588468e-03 1.808383e-02 5.276453e-03 5.049311e-03 1.508935e-02 2.184063e-02 2.363915e-02 2.598146e-02 3.284545e-02 2.418875e-02 3.046004e-02 1.858625e-02 1.351672e-02 1.534003e-02 1.821096e-02 2.963917e-02 3.045669e-02 2.136358e-02 2.976722e-02 3.656803e-03 2.788633e-02 3.829407e-03 3.167819e-02 3.316938e-02 9.060142e-03 3.635701e-03
7.118707e-02 6.967808e-02 1.068988e-01 4.429595e-02 7.501205e-02 3.766937e-02 2.539181e-02 9.767670e-02 9.717665e-02 5.560227e-02 3.567574e-02 8.882443e-02 3.467567e-02 1.746455e-02 2.179931e-02 1.806548e-02 8.234516e-02 5.912273e-02 2.528719e-02 7.364882e-02 7.332987e-02 3.710964e-02 7.516811e-02 7.884369e-02 3.199368e-02 2.114208e-02 2.424424e-02 8.522371e-02 1.675526e-02 8.380846e-02 3.993391e-02 2.528653e-02 3.036287e-02 7.197940e-02 7.263182e-02 3.903391e-02 7.266857e-02 8.491446e-02 8.923087e-02 7.488029e-02 9.360837e-02 5.203935e-02 8.117145e-02 2.081543e-02 7.042320e-02 7.956501e-02 3.289588e-02 2.128775e-02 2.468216e-02 7.624235e-02 1.140903e-01 2.307643e-02 7.686606e-02 1.950193e-02 7.436352e-02 2.585653e-02 2.448899e-02 9.179570e-02 1.068260e-01 3.468861e-02 1.705284e-02 8.462554e-02 8.314157e-02 8.451366e-02 8.490070e-02 6.962615e-02 1.874140e-02 9.014541e-02 9.984715e-02 7.843220e-02 1.731167e-02 5.666182e-02 7.061011e-02 1.066567e-01 8.388798e-02 3.325154e-02 8.236650e-02 3.777864e-02 7.834797e-02 8.550462e-02 9.114219e-02 1.130501e-01 5.633367e-02 6.499556e-02 2.741937e-02 2.364057e-02 5.315316e-02 6.258140e-02 7.961822e-02 6.570886e-02 1.069740e-01 6.442572e-02 7.167489e-02 6.679397e-02 4.777922e-02 4.489547e-02 6.131367e-02 9.037291e-02 8.045056e-02 5.985370e-02 8.247549e-02 1.968116e-02 6.885072e-02 2.056391e-02 8.289331e-02 7.586648e-02 6.483379e-02 1.881242e-02
1.853736e-01 1.564655e-01 2.686737e-01 2.641478e-01 2.050494e-01 1.789064e-01 1.425172e-01 1.925978e-01 2.586537e-01 1.648972e-01 9.692789e-02 3.412874e-01 2.009851e-01 7.904851e-02 1.155349e-01 8.087845e-02 3.632423e-01 2.026390e-01 8.696776e-02 3.060577e-01 2.576040e-01 1.770594e-01 1.354602e-01 2.219932e-01 1.064161e-01 1.098018e-01 1.103609e-01 1.776329e-01 8.888451e-02 2.546252e-01 1.223046e-01 8.856971e-02 1.400218e-01 1.565578e-01 1.690045e-01 1.645667e-01 1.565799e-01 3.661627e-01 2.421415e-01 2.278942e-01 2.080102e-01 1.583697e-01 2.653930e-01 1.315623e-01 2.079242e-01 1.385182e-01 1.030678e-01 1.224205e-01 9.768206e-02 2.668047e-01 2.461560e-01 1.003092e-01 2.100452e-01 8.686231e-02 1.645558e-01 1.313337e-01 1.050107e-01 1.653781e-01 1.952559e-01 1.404721e-01 7.448018e-02 2.117667e-01 1.885118e-01 1.406985e-01 1.824344e-01 1.692545e-01 7.748830e-02 1.731284e-01 3.376821e-01 1.794259e-01 8.294617e-02 3.140128e-01 2.716488e-01 2.326496e-01 2.467424e-01 1.481205e-01 4.267370e-01 1.644812e-01 1.521791e-01 1.701129e-01 4.250351e-01 2.910942e-01 1.351036e-01 3.302942e-01 1.086719e-01 1.010488e-01 1.574981e-01 1.789741e-01 2.725164e-01 2.750770e-01 3.298452e-01 1.910325e-01 3.183576e-01 2.473652e-01 1.797215e-01 2.103860e-01 2.182137e-01 4.196137e-01 2.827545e-01 2.249755e-01 5.236752e-01 7.221180e-02 3.043728e-01 1.143568e-01 2.029107e-01 2.515889e-01 1.476306e-01 8.156801e-02
2.437905e-01 6.983119e-01 3.692186e-01 5.361107e-01 0.000000e+00 3.407751e-01 4.550502e-01 5.453537e-01 3.683090e-01 2.449037e-01 3.416705e-01 2.834177e-01 3.496896e-01 1.877004e-01 2.885929e-01 1.766787e-01 5.155320e-01 1.141995e+00 4.567784e-01 2.044014e+00 4.079703e-01 1.530171e-01 0.000000e+00 7.003671e-01 3.498408e-01 2.096091e-01 3.023929e-01 7.547549e-01 2.255191e-01 4.617755e-01 5.476098e-01 3.096805e-01 3.169947e-01 3.624157e-01 3.419628e-01 2.480696e-01 5.503794e-01 4.084512e-01 6.578612e-01 2.868288e-01 2.785093e-01 4.476078e-01 1.425079e+00 2.153334e-01 1.012355e+00 4.031381e-01 3.057896e-01 3.516469e-01 2.623211e-01 5.206126e-01 3.080381e-01 2.569275e-01 9.165903e-01 2.261042e-01 1.694506e+00 2.967041e-01 2.125922e-01 6.328889e-01 3.229583e-01 3.219884e-01 1.777524e-01 4.142838e-01 3.261127e-01 8.857941e-01 3.739298e-01 4.818397e-01 1.892666e-01 3.889229e-01 1.264770e+00 0.000000e+00 2.295884e-01 1.924579e+00 6.785234e-01 4.629657e-01 3.597151e-01 1.775064e-01 4.615186e-01 7.134801e-01 1.410172e+00 3.781814e-01 4.508418e-01 6.393471e-01 3.418789e-01 6.433815e-01 1.687645e-01 3.632234e-01 4.054209e-01 4.745109e-01 1.975055e-01 5.237707e-01 7.405399e-01 2.177773e+00 1.626578e-01 2.807925e-01 3.597461e-01 5.343800e-01 9.243079e-01 3.930952e-01 3.455110e-01 3.702612e-01 5.445093e-01 2.881962e-01 5.784162e-01 2.882986e-01 4.202975e-01 3.043366e-01 2.253353e-01 2.969832e-01
0.000000e+00 0.000000e+00 0.000000e+00 0.000000e+00 0.000000e+00 0.000000e+00 0.000000e+00 0.000000e+00 0.000000e+00 0.000000e+00 0.000000e+00 0.000000e+00 0.000000e+00 4.917789e-01 0.000000e+00 0.000000e+00 0.000000e+00 0.000000e+00 0.000000e+00 0.000000e+00 0.000000e+00 0.000000e+00 0.000000e+00 6.874215e-01 0.000000e+00 0.000000e+00 0.000000e+00 0.000000e+00 0.000000e+00 0.000000e+00 0.000000e+00 0.000000e+00 0.000000e+00 0.000000e+00 2.610541e+00 0.000000e+00 0.000000e+00 0.000000e+00 1.620646e+00 0.000000e+00 0.000000e+00 0.000000e+00 0.000000e+00 6.757234e-01 0.000000e+00 0.000000e+00 0.000000e+00 0.000000e+00 0.000000e+00 0.000000e+00 0.000000e+00 0.000000e+00 0.000000e+00 0.000000e+00 0.000000e+00 0.000000e+00 0.000000e+00 1.110604e+00 3.374920e+00 9.240930e-01 0.000000e+00 1.339199e+00 8.386845e-01 0.000000e+00 1.060493e+00 0.000000e+00 1.523473e+00 0.000000e+00 0.000000e+00 0.000000e+00 3.432422e-01 0.000000e+00 0.000000e+00 2.531275e-01 1.109749e+00 0.000000e+00 0.000000e+00 0.000000e+00 0.000000e+00 0.000000e+00 0.000000e+00 0.000000e+00 0.000000e+00 0.000000e+00 0.000000e+00 1.475989e+00 0.000000e+00 0.000000e+00 9.659517e-01 0.000000e+00 0.000000e+00 0.000000e+00 4.211490e-01 0.000000e+00 0.000000e+00 0.000000e+00 0.000000e+00 0.000000e+00 0.000000e+00 4.979399e-01 3.062717e+00 0.000000e+00 0.000000e+00 0.000000e+00 0.000000e+00 5.736883e-01 0.000000e+00 2.158339e+00
