# Version 0.0
# Data /lustre/isaac24/proj/UTK0244/cbaillar/Bayes_HEP/Detroit_tune_Project/input/Data/Data__200__pp__PHENIX_2025_I2820229__d06-x01-y03.dat
# Observable: $\frac{1}{N_{jet}}(j_T/p_T^{jet})\frac{dN}{d(j_T/p_T^{jet})}$
# Subobservable: $j_T/p_T^{jet}$
# Design Design_Rivet.dat
# design_point1 design_point2 design_point3 design_point4 design_point5 design_point6 design_point7 design_point8 design_point9 design_point10 design_point11 design_point12 design_point13 design_point14 design_point15 design_point16 design_point17 design_point18 design_point19 design_point20 design_point21 design_point22 design_point23 design_point24 design_point25 design_point26 design_point27 design_point28 design_point29 design_point30 design_point31 design_point32 design_point33 design_point34 design_point35 design_point36 design_point37 design_point38 design_point39 design_point40 design_point41 design_point42 design_point43 design_point44 design_point45 design_point46 design_point47 design_point48 design_point49 design_point50 design_point51 design_point52 design_point53 design_point54 design_point55 design_point56 design_point57 design_point58 design_point59 design_point60 design_point61 design_point62 design_point63 design_point64 design_point65 design_point66 design_point67 design_point68 design_point69 design_point70 design_point71 design_point72 design_point73 design_point74 design_point75 design_point76 design_point77 design_point78 design_point79 design_point80 design_point81 design_point82 design_point83 design_point84 design_point85 design_point86 design_point87 design_point88 design_point89 design_point90 design_point91 design_point92 design_point93 design_point94 design_point95 design_point96 design_point97 design_point98 design_point99 design_point100 design_point101 design_point102 design_point103 design_point104 design_point105 design_point106 design_point107 design_point108
2.269073e+02 7.079047e+03 1.979107e+03 4.683486e+03 1.859943e+05 2.736096e+03 4.896415e+03 1.446202e+03 3.435655e+03 1.004356e+04 3.967992e+02 4.100036e+03 9.938787e+02 3.100382e+02 1.957942e+05 8.863072e+03 8.581695e+02 4.119502e+02 2.510280e+04 1.214966e+03 2.588978e+03 3.573715e+03 6.013870e+03 4.791397e+02 4.041479e+02 8.018061e+02 1.431524e+04 1.110765e+04 2.668519e+03 3.924151e+03 4.772511e+03 3.549495e+03 3.079975e+03 4.952978e+03 2.180686e+02 9.539411e+03 1.856201e+04 1.584288e+04 5.492354e+03 1.538640e+03 3.861968e+04 2.656037e+05 1.985232e+04 1.369229e+03 1.512948e+05 5.149408e+03 3.701372e+02 5.426961e+02 8.220300e+02 9.290424e+03 1.060363e+03 5.721761e+02 1.408110e+03 2.391553e+03 3.614670e+02 2.373391e+04 3.450568e+04 8.674814e+03 5.180407e+03 1.060332e+03 3.246969e+03 3.796698e+04 6.338180e+02 1.160639e+04 3.185376e+02 9.807605e+02 1.171578e+05 1.012919e+04 8.242319e+03 6.639129e+03 4.916108e+02 1.997688e+03 1.133691e+03 8.762213e+03 3.290414e+03 1.288316e+04 8.287089e+02 5.736012e+02 6.737328e+03 3.438560e+02 3.847156e+04 8.266272e+02 3.941727e+03 3.025714e+03 3.045346e+04 1.717782e+04 4.103553e+02 1.404096e+03 1.336169e+03 7.876184e+02 2.156162e+02 3.085615e+02 5.317070e+02 3.089543e+02 7.122013e+02 1.253441e+04 3.125626e+04 5.037673e+03 6.543590e+02 1.274137e+04 1.925262e+04 5.562972e+03 7.270373e+03 7.714068e+03 2.633599e+03 2.989833e+03 5.427981e+03 5.016708e+03
8.682584e+00 8.711189e+00 8.666598e+00 8.813263e+00 8.668457e+00 8.824915e+00 8.918570e+00 8.627984e+00 8.641037e+00 8.741608e+00 8.912083e+00 8.660239e+00 8.949292e+00 8.942944e+00 8.910626e+00 8.954228e+00 8.677848e+00 8.830027e+00 9.045225e+00 1.228324e+01 1.223113e+01 1.274742e+01 2.551933e+02 1.222999e+01 1.255502e+01 1.268116e+01 1.252625e+01 8.659552e+00 8.948237e+00 8.635455e+00 8.813382e+00 8.790628e+00 8.869537e+00 8.698129e+00 8.687935e+00 1.270724e+01 8.884510e+00 8.604317e+00 8.726719e+00 8.680761e+00 8.686176e+00 8.777055e+00 8.660971e+00 8.923037e+00 8.639558e+00 8.667219e+00 1.245286e+01 1.264068e+01 1.247616e+01 1.226073e+01 1.228469e+01 1.272352e+01 1.252194e+01 1.265177e+01 8.671118e+00 1.263356e+01 1.259690e+01 1.221458e+01 1.213540e+01 1.265800e+01 1.264534e+01 1.219278e+01 1.234521e+01 4.754240e+02 1.221118e+01 1.227415e+01 1.264124e+01 1.224537e+01 1.220697e+01 3.246710e+02 1.272605e+01 1.233812e+01 8.673684e+00 1.229455e+01 1.215771e+01 1.253539e+01 1.217444e+01 1.255010e+01 1.233372e+01 1.224096e+01 1.219131e+01 6.100077e+00 5.584727e+01 1.232481e+01 1.260754e+01 1.262814e+01 1.243874e+01 1.233537e+01 1.225411e+01 1.240135e+01 7.044376e+00 8.909297e+00 8.657282e+00 8.764792e+00 1.264535e+01 1.241521e+01 1.236183e+01 1.215563e+01 1.229881e+01 8.751059e+00 1.216757e+01 1.265644e+01 1.228700e+01 1.264681e+01 1.231201e+01 1.220757e+01 9.198495e+01 1.278671e+01
3.470677e+00 3.475277e+00 3.468741e+00 3.498803e+00 3.462927e+00 3.496708e+00 3.502581e+00 3.449191e+00 3.453922e+00 3.479548e+00 3.513341e+00 3.465385e+00 3.544589e+00 3.508046e+00 3.512757e+00 3.519030e+00 3.463921e+00 3.481831e+00 3.557975e+00 4.911964e+00 4.885944e+00 5.022171e+00 9.664721e+01 4.890942e+00 4.963658e+00 4.995946e+00 4.960716e+00 3.464342e+00 3.515517e+00 3.455021e+00 3.496319e+00 3.488845e+00 3.475513e+00 3.475741e+00 3.467548e+00 5.006940e+00 3.540955e+00 3.445764e+00 3.492709e+00 3.471784e+00 3.467148e+00 3.487195e+00 3.463597e+00 3.513878e+00 3.448869e+00 3.458913e+00 4.926205e+00 4.976101e+00 4.944929e+00 4.895207e+00 4.908793e+00 5.038253e+00 4.994933e+00 4.973946e+00 3.467738e+00 4.985397e+00 4.979203e+00 4.890936e+00 4.857949e+00 5.009440e+00 4.980321e+00 4.877152e+00 4.936536e+00 1.848466e+02 4.877782e+00 4.910630e+00 4.966848e+00 4.889874e+00 4.890653e+00 1.267135e+02 5.009164e+00 4.917710e+00 3.468528e+00 4.924460e+00 4.865241e+00 4.957106e+00 4.872936e+00 4.945669e+00 4.936728e+00 4.892929e+00 4.876931e+00 2.443095e+00 2.193155e+01 4.914133e+00 4.968093e+00 4.988665e+00 4.943139e+00 4.910182e+00 4.898598e+00 4.958776e+00 2.817279e+00 3.561937e+00 3.456139e+00 3.487731e+00 5.011549e+00 4.938702e+00 4.912795e+00 4.863314e+00 4.922155e+00 3.485953e+00 4.863192e+00 4.976401e+00 4.906572e+00 4.961176e+00 4.928090e+00 4.882708e+00 3.647134e+01 5.035897e+00
1.491179e+00 1.493212e+00 1.486979e+00 1.496773e+00 1.486627e+00 1.497825e+00 1.493500e+00 1.481653e+00 1.480774e+00 1.488314e+00 1.500087e+00 1.487811e+00 1.513418e+00 1.494061e+00 1.501362e+00 1.497680e+00 1.485882e+00 1.487167e+00 1.515713e+00 2.111284e+00 2.094508e+00 2.141182e+00 4.160625e+01 2.100357e+00 2.122259e+00 2.124880e+00 2.122623e+00 1.488454e+00 1.499426e+00 1.482216e+00 1.491660e+00 1.496470e+00 1.473825e+00 1.487640e+00 1.490100e+00 2.130047e+00 1.515357e+00 1.480321e+00 1.497053e+00 1.489424e+00 1.489757e+00 1.493055e+00 1.486040e+00 1.497098e+00 1.483004e+00 1.483431e+00 2.102196e+00 2.119997e+00 2.113768e+00 2.100752e+00 2.105672e+00 2.152924e+00 2.139769e+00 2.123785e+00 1.488338e+00 2.126984e+00 2.124277e+00 2.096208e+00 2.088163e+00 2.138541e+00 2.125764e+00 2.091295e+00 2.118437e+00 8.269554e+01 2.096970e+00 2.109039e+00 2.119667e+00 2.097658e+00 2.097878e+00 5.479204e+01 2.137469e+00 2.106395e+00 1.488139e+00 2.113454e+00 2.091946e+00 2.117775e+00 2.093028e+00 2.105533e+00 2.114908e+00 2.099310e+00 2.093892e+00 1.048994e+00 9.375928e+00 2.105197e+00 2.115746e+00 2.128380e+00 2.117998e+00 2.104450e+00 2.101824e+00 2.126057e+00 1.209190e+00 1.524889e+00 1.484419e+00 1.500451e+00 2.146564e+00 2.114454e+00 2.101830e+00 2.088685e+00 2.114435e+00 1.493357e+00 2.092494e+00 2.119178e+00 2.109307e+00 2.108588e+00 2.109587e+00 2.100278e+00 1.550108e+01 2.151483e+00
5.898856e-01 5.888517e-01 5.886170e-01 5.882179e-01 5.877976e-01 5.896592e-01 5.819335e-01 5.850623e-01 5.876057e-01 5.875974e-01 5.882631e-01 5.896221e-01 5.931390e-01 5.822135e-01 5.872757e-01 5.834339e-01 5.863099e-01 5.817739e-01 5.935505e-01 8.355038e-01 8.261396e-01 8.371279e-01 1.844948e+01 8.321590e-01 8.293364e-01 8.261720e-01 8.311569e-01 5.892546e-01 5.832063e-01 5.870935e-01 5.893876e-01 5.884578e-01 5.731191e-01 5.920619e-01 5.897910e-01 8.416843e-01 5.991321e-01 5.862677e-01 5.961834e-01 5.908116e-01 5.891889e-01 5.865158e-01 5.887761e-01 5.848247e-01 5.860617e-01 5.885535e-01 8.244082e-01 8.294337e-01 8.320142e-01 8.303771e-01 8.338627e-01 8.440990e-01 8.446859e-01 8.331336e-01 5.850302e-01 8.358793e-01 8.320712e-01 8.339868e-01 8.293077e-01 8.379618e-01 8.300656e-01 8.276337e-01 8.379993e-01 2.579869e+01 8.278917e-01 8.298130e-01 8.283162e-01 8.276126e-01 8.299141e-01 2.317145e+01 8.350314e-01 8.274466e-01 5.892058e-01 8.360255e-01 8.282769e-01 8.290920e-01 8.279554e-01 8.228234e-01 8.379324e-01 8.343187e-01 8.288106e-01 4.149816e-01 3.736521e+00 8.297173e-01 8.259740e-01 8.347950e-01 8.312971e-01 8.285145e-01 8.329731e-01 8.398459e-01 4.782286e-01 6.031935e-01 5.887186e-01 5.863324e-01 8.404460e-01 8.271961e-01 8.266471e-01 8.279062e-01 8.379732e-01 5.890631e-01 8.303805e-01 8.273377e-01 8.347045e-01 8.219501e-01 8.369517e-01 8.299894e-01 6.103896e+00 8.412332e-01
1.803141e-01 1.805543e-01 1.815934e-01 1.792115e-01 1.794146e-01 1.771525e-01 1.708500e-01 1.811080e-01 1.815044e-01 1.819085e-01 1.749180e-01 1.797424e-01 1.798495e-01 1.747793e-01 1.753466e-01 1.732767e-01 1.814319e-01 1.753896e-01 1.785529e-01 2.536468e-01 2.535497e-01 2.532588e-01 5.099448e+00 2.575803e-01 2.507524e-01 2.468818e-01 2.530891e-01 1.822190e-01 1.737723e-01 1.822985e-01 1.755014e-01 1.806569e-01 1.696006e-01 1.809068e-01 1.806243e-01 2.498425e-01 1.852231e-01 1.807062e-01 1.800656e-01 1.809162e-01 1.804756e-01 1.790598e-01 1.816035e-01 1.762543e-01 1.815567e-01 1.806386e-01 2.490361e-01 2.455640e-01 2.523477e-01 2.559188e-01 2.554968e-01 2.531923e-01 2.573715e-01 2.479198e-01 1.803104e-01 2.481675e-01 2.514537e-01 2.570238e-01 2.537991e-01 2.525842e-01 2.482837e-01 2.533824e-01 2.608870e-01 8.654855e+00 2.549598e-01 2.563528e-01 2.475763e-01 2.535934e-01 2.570895e-01 6.697745e+00 2.510464e-01 2.536200e-01 1.807881e-01 2.566621e-01 2.556325e-01 2.520657e-01 2.559066e-01 2.449497e-01 2.548502e-01 2.537921e-01 2.603045e-01 1.281636e-01 1.128306e+00 2.547595e-01 2.504496e-01 2.531937e-01 2.549274e-01 2.517072e-01 2.573207e-01 2.580936e-01 1.472411e-01 1.849158e-01 1.798791e-01 1.806576e-01 2.566990e-01 2.535699e-01 2.519307e-01 2.535582e-01 2.569062e-01 1.806645e-01 2.565880e-01 2.435146e-01 2.556956e-01 2.463636e-01 2.581183e-01 2.538342e-01 1.882034e+00 2.526109e-01
1.938751e-02 1.886284e-02 1.939974e-02 1.898552e-02 1.961096e-02 1.761122e-02 1.856523e-02 1.860607e-02 1.836440e-02 1.943593e-02 1.806268e-02 1.912546e-02 1.724731e-02 1.795964e-02 1.996909e-02 1.735957e-02 1.933719e-02 1.987338e-02 1.898737e-02 2.340488e-02 2.710579e-02 2.455575e-02 0.000000e+00 2.640632e-02 2.646952e-02 2.667323e-02 2.604085e-02 1.774900e-02 1.847830e-02 1.751115e-02 1.803022e-02 1.888177e-02 1.786949e-02 1.752503e-02 1.853738e-02 2.905140e-02 1.898743e-02 1.920298e-02 1.930459e-02 1.914362e-02 1.829157e-02 1.807409e-02 2.055060e-02 1.861297e-02 1.976956e-02 2.124229e-02 2.757726e-02 2.606871e-02 2.571204e-02 2.737753e-02 2.806245e-02 2.634118e-02 2.652104e-02 2.430714e-02 1.977755e-02 2.397825e-02 2.671860e-02 2.727758e-02 2.818963e-02 2.501376e-02 2.586809e-02 2.637694e-02 2.749203e-02 0.000000e+00 2.586795e-02 2.557195e-02 2.640451e-02 2.628873e-02 2.762294e-02 0.000000e+00 2.313311e-02 2.774189e-02 2.031506e-02 2.519802e-02 2.709116e-02 2.748612e-02 2.623185e-02 2.652905e-02 2.865068e-02 2.393087e-02 2.567263e-02 1.439685e-02 1.330505e-01 2.669305e-02 2.543453e-02 2.732944e-02 2.788446e-02 2.560247e-02 2.708452e-02 2.830908e-02 1.630636e-02 1.796010e-02 2.051133e-02 1.936443e-02 2.496832e-02 2.628525e-02 2.796897e-02 2.614363e-02 2.788200e-02 1.891057e-02 2.681032e-02 2.649522e-02 2.374124e-02 2.433178e-02 2.640330e-02 2.562135e-02 1.407432e-01 2.837795e-02
