# Version 0.0
# Data /lustre/isaac24/proj/UTK0244/cbaillar/Bayes_HEP/Detroit_tune_Project/input/Data/Data__200__pp__STAR_2020_I1783875__d08-x01-y01.dat
# Observable: $1/N_{jets}$
# Subobservable: $z_{g}$
# Design Design_Rivet.dat
# design_point1 design_point2 design_point3 design_point4 design_point5 design_point6 design_point7 design_point8 design_point9 design_point10 design_point11 design_point12 design_point13 design_point14 design_point15 design_point16 design_point17 design_point18 design_point19 design_point20 design_point21 design_point22 design_point23 design_point24 design_point25 design_point26 design_point27 design_point28 design_point29 design_point30 design_point31 design_point32 design_point33 design_point34 design_point35 design_point36 design_point37 design_point38 design_point39 design_point40 design_point41 design_point42 design_point43 design_point44 design_point45 design_point46 design_point47 design_point48 design_point49 design_point50 design_point51 design_point52 design_point53 design_point54 design_point55 design_point56 design_point57 design_point58 design_point59 design_point60 design_point61 design_point62 design_point63 design_point64 design_point65 design_point66 design_point67 design_point68 design_point69 design_point70 design_point71 design_point72 design_point73 design_point74 design_point75 design_point76 design_point77 design_point78 design_point79 design_point80 design_point81 design_point82 design_point83 design_point84 design_point85 design_point86 design_point87 design_point88 design_point89 design_point90 design_point91 design_point92 design_point93 design_point94 design_point95 design_point96 design_point97 design_point98 design_point99 design_point100 design_point101 design_point102 design_point103 design_point104 design_point105 design_point106 design_point107 design_point108
6.432581e+00 6.448723e+00 6.408323e+00 6.557639e+00 6.432121e+00 6.558460e+00 6.644739e+00 6.406318e+00 6.416066e+00 6.497543e+00 6.668069e+00 6.419749e+00 6.585241e+00 6.647215e+00 6.643982e+00 6.667302e+00 6.442065e+00 6.569060e+00 6.674513e+00 6.429025e+00 6.429077e+00 6.661914e+00 6.542984e+00 6.410892e+00 6.595901e+00 6.608405e+00 6.599173e+00 6.417039e+00 6.672407e+00 6.412873e+00 6.572057e+00 6.527242e+00 6.576532e+00 6.426695e+00 6.437068e+00 6.661948e+00 6.455398e+00 6.402747e+00 6.407636e+00 6.430557e+00 6.429470e+00 6.516773e+00 6.431250e+00 6.680405e+00 6.432894e+00 6.439025e+00 6.524969e+00 6.668711e+00 6.579016e+00 6.426967e+00 6.428782e+00 6.607293e+00 6.445846e+00 6.703565e+00 6.438194e+00 6.632570e+00 6.630782e+00 6.426210e+00 6.408269e+00 6.579093e+00 6.665249e+00 6.426568e+00 6.399624e+00 6.853487e+00 6.421252e+00 6.436830e+00 6.680356e+00 6.397792e+00 6.407871e+00 6.524938e+00 6.699543e+00 6.458538e+00 6.425376e+00 6.407255e+00 6.407623e+00 6.594456e+00 6.406081e+00 6.661007e+00 6.427406e+00 6.423095e+00 6.406759e+00 6.410384e+00 6.572776e+00 6.463541e+00 6.668117e+00 6.650202e+00 6.514801e+00 6.462865e+00 6.430340e+00 6.432564e+00 6.399465e+00 6.433933e+00 6.414015e+00 6.483148e+00 6.514373e+00 6.515225e+00 6.507947e+00 6.413727e+00 6.412377e+00 6.470170e+00 6.402268e+00 6.679632e+00 6.427928e+00 6.628150e+00 6.406424e+00 6.420912e+00 6.518549e+00 6.662494e+00
3.762571e+00 3.762801e+00 3.753343e+00 3.790406e+00 3.764077e+00 3.796485e+00 3.812363e+00 3.763603e+00 3.761148e+00 3.774819e+00 3.819188e+00 3.762357e+00 3.796899e+00 3.819561e+00 3.810942e+00 3.817056e+00 3.765476e+00 3.798776e+00 3.815205e+00 3.756190e+00 3.774389e+00 3.810899e+00 3.806467e+00 3.760307e+00 3.801639e+00 3.811279e+00 3.805756e+00 3.755671e+00 3.813127e+00 3.758741e+00 3.792642e+00 3.788688e+00 3.791745e+00 3.765850e+00 3.767617e+00 3.815577e+00 3.777052e+00 3.748642e+00 3.755795e+00 3.764272e+00 3.768074e+00 3.784780e+00 3.761710e+00 3.824174e+00 3.762576e+00 3.760245e+00 3.786261e+00 3.826157e+00 3.794312e+00 3.768376e+00 3.762900e+00 3.807883e+00 3.772838e+00 3.822971e+00 3.755524e+00 3.808921e+00 3.815472e+00 3.757483e+00 3.759489e+00 3.799170e+00 3.815612e+00 3.758049e+00 3.759011e+00 3.503519e+00 3.766944e+00 3.761215e+00 3.817447e+00 3.751952e+00 3.755776e+00 3.783835e+00 3.831223e+00 3.765255e+00 3.767944e+00 3.765808e+00 3.768070e+00 3.803635e+00 3.765190e+00 3.817184e+00 3.757040e+00 3.761473e+00 3.764380e+00 3.754784e+00 3.806088e+00 3.765374e+00 3.819748e+00 3.808162e+00 3.791287e+00 3.762958e+00 3.764884e+00 3.761336e+00 3.758784e+00 3.762709e+00 3.760096e+00 3.780574e+00 3.784654e+00 3.782930e+00 3.778985e+00 3.763196e+00 3.762642e+00 3.777322e+00 3.762443e+00 3.820672e+00 3.766908e+00 3.804614e+00 3.759197e+00 3.761026e+00 3.797098e+00 3.819728e+00
2.523645e+00 2.527375e+00 2.529208e+00 2.516104e+00 2.529671e+00 2.521665e+00 2.513687e+00 2.529585e+00 2.528479e+00 2.518540e+00 2.505441e+00 2.532871e+00 2.517513e+00 2.508604e+00 2.512194e+00 2.511017e+00 2.528581e+00 2.517452e+00 2.507075e+00 2.524852e+00 2.527423e+00 2.505558e+00 2.571840e+00 2.523495e+00 2.508856e+00 2.506546e+00 2.514924e+00 2.529611e+00 2.512601e+00 2.532239e+00 2.519212e+00 2.517467e+00 2.509865e+00 2.526900e+00 2.529358e+00 2.509451e+00 2.522035e+00 2.529401e+00 2.525852e+00 2.523247e+00 2.531875e+00 2.521756e+00 2.523002e+00 2.504233e+00 2.524122e+00 2.524742e+00 2.522298e+00 2.501458e+00 2.514330e+00 2.529246e+00 2.522319e+00 2.513522e+00 2.530784e+00 2.510225e+00 2.525320e+00 2.513113e+00 2.513220e+00 2.531296e+00 2.533307e+00 2.518338e+00 2.512267e+00 2.532833e+00 2.534584e+00 2.564299e+00 2.526087e+00 2.519616e+00 2.506617e+00 2.535037e+00 2.530123e+00 2.458279e+00 2.507815e+00 2.523993e+00 2.524390e+00 2.529580e+00 2.529495e+00 2.517221e+00 2.536991e+00 2.509457e+00 2.520233e+00 2.528431e+00 2.532816e+00 2.527030e+00 2.513367e+00 2.524646e+00 2.505876e+00 2.510561e+00 2.522710e+00 2.518056e+00 2.528165e+00 2.528111e+00 2.537658e+00 2.534222e+00 2.535867e+00 2.526844e+00 2.512883e+00 2.522876e+00 2.519035e+00 2.527843e+00 2.527520e+00 2.520995e+00 2.525931e+00 2.504431e+00 2.522275e+00 2.509201e+00 2.533707e+00 2.528409e+00 2.515394e+00 2.508590e+00
1.886337e+00 1.882510e+00 1.890530e+00 1.859849e+00 1.883298e+00 1.862874e+00 1.844123e+00 1.889158e+00 1.889144e+00 1.875875e+00 1.842698e+00 1.891087e+00 1.866224e+00 1.843995e+00 1.843249e+00 1.843814e+00 1.885361e+00 1.859523e+00 1.838949e+00 1.889208e+00 1.886961e+00 1.844128e+00 1.831544e+00 1.890274e+00 1.856733e+00 1.854235e+00 1.854257e+00 1.891714e+00 1.839480e+00 1.889715e+00 1.863156e+00 1.872556e+00 1.859912e+00 1.885546e+00 1.885025e+00 1.841168e+00 1.885560e+00 1.902747e+00 1.895589e+00 1.889901e+00 1.883860e+00 1.867865e+00 1.891621e+00 1.840923e+00 1.887958e+00 1.884975e+00 1.867472e+00 1.839200e+00 1.860529e+00 1.885294e+00 1.885418e+00 1.852591e+00 1.882586e+00 1.835950e+00 1.888564e+00 1.851388e+00 1.850333e+00 1.884916e+00 1.893673e+00 1.857580e+00 1.841799e+00 1.889697e+00 1.899187e+00 1.827255e+00 1.890319e+00 1.890856e+00 1.842646e+00 1.897932e+00 1.896196e+00 1.857398e+00 1.835627e+00 1.879185e+00 1.885570e+00 1.891301e+00 1.894813e+00 1.854799e+00 1.889728e+00 1.837163e+00 1.884424e+00 1.891136e+00 1.890552e+00 1.893252e+00 1.864571e+00 1.881805e+00 1.843230e+00 1.850170e+00 1.868387e+00 1.880806e+00 1.888722e+00 1.885851e+00 1.894436e+00 1.888003e+00 1.894326e+00 1.876554e+00 1.869217e+00 1.871135e+00 1.871071e+00 1.889500e+00 1.890954e+00 1.878995e+00 1.884918e+00 1.839362e+00 1.885728e+00 1.847481e+00 1.888830e+00 1.886831e+00 1.868965e+00 1.844906e+00
1.533255e+00 1.528928e+00 1.532648e+00 1.502861e+00 1.527481e+00 1.500925e+00 1.486395e+00 1.540104e+00 1.533787e+00 1.517629e+00 1.478872e+00 1.529019e+00 1.496936e+00 1.481533e+00 1.487900e+00 1.478690e+00 1.530819e+00 1.495839e+00 1.481342e+00 1.533506e+00 1.527304e+00 1.484905e+00 1.493191e+00 1.537091e+00 1.490978e+00 1.489225e+00 1.493283e+00 1.536484e+00 1.473896e+00 1.534048e+00 1.501358e+00 1.505926e+00 1.500682e+00 1.531485e+00 1.527580e+00 1.481720e+00 1.521115e+00 1.540603e+00 1.535902e+00 1.527794e+00 1.532601e+00 1.511724e+00 1.527226e+00 1.475724e+00 1.533764e+00 1.530219e+00 1.509280e+00 1.476172e+00 1.500940e+00 1.529645e+00 1.533281e+00 1.489242e+00 1.518728e+00 1.466636e+00 1.534848e+00 1.485873e+00 1.487998e+00 1.537396e+00 1.534101e+00 1.495744e+00 1.477191e+00 1.532246e+00 1.539383e+00 1.415227e+00 1.532156e+00 1.525166e+00 1.478760e+00 1.538375e+00 1.535985e+00 1.527913e+00 1.468061e+00 1.527146e+00 1.529530e+00 1.535494e+00 1.536669e+00 1.492315e+00 1.535576e+00 1.485047e+00 1.537837e+00 1.530634e+00 1.534341e+00 1.536232e+00 1.499787e+00 1.522652e+00 1.477618e+00 1.482990e+00 1.509055e+00 1.528254e+00 1.526998e+00 1.531410e+00 1.533573e+00 1.536459e+00 1.530917e+00 1.513926e+00 1.513394e+00 1.512372e+00 1.515446e+00 1.535566e+00 1.535461e+00 1.524663e+00 1.535814e+00 1.476009e+00 1.532754e+00 1.487060e+00 1.540418e+00 1.537952e+00 1.516559e+00 1.476316e+00
1.329539e+00 1.323328e+00 1.332689e+00 1.296198e+00 1.329183e+00 1.298333e+00 1.274880e+00 1.328294e+00 1.329123e+00 1.310181e+00 1.268423e+00 1.321423e+00 1.285277e+00 1.278743e+00 1.274089e+00 1.267556e+00 1.325594e+00 1.296376e+00 1.270649e+00 1.329068e+00 1.324035e+00 1.273346e+00 1.314116e+00 1.331782e+00 1.287930e+00 1.283923e+00 1.290571e+00 1.327494e+00 1.268966e+00 1.331224e+00 1.291501e+00 1.302795e+00 1.289838e+00 1.326527e+00 1.321249e+00 1.273051e+00 1.320714e+00 1.324595e+00 1.329760e+00 1.326733e+00 1.319644e+00 1.306934e+00 1.328556e+00 1.265290e+00 1.325350e+00 1.327755e+00 1.299482e+00 1.275532e+00 1.291638e+00 1.326085e+00 1.328322e+00 1.286031e+00 1.324126e+00 1.264512e+00 1.322995e+00 1.275001e+00 1.280474e+00 1.325605e+00 1.325551e+00 1.292782e+00 1.273771e+00 1.319837e+00 1.327625e+00 1.325656e+00 1.327880e+00 1.327576e+00 1.265510e+00 1.330503e+00 1.324751e+00 1.358886e+00 1.260387e+00 1.322952e+00 1.326893e+00 1.332268e+00 1.329491e+00 1.286836e+00 1.326361e+00 1.270114e+00 1.327952e+00 1.327368e+00 1.329605e+00 1.333264e+00 1.300286e+00 1.321931e+00 1.273702e+00 1.271778e+00 1.306822e+00 1.323666e+00 1.326382e+00 1.330293e+00 1.328636e+00 1.321379e+00 1.330297e+00 1.313633e+00 1.305931e+00 1.303452e+00 1.309212e+00 1.328973e+00 1.329115e+00 1.314165e+00 1.330698e+00 1.267273e+00 1.320960e+00 1.281289e+00 1.331151e+00 1.325056e+00 1.319151e+00 1.271358e+00
1.208775e+00 1.203361e+00 1.220596e+00 1.181945e+00 1.207499e+00 1.177596e+00 1.160768e+00 1.212222e+00 1.213334e+00 1.197441e+00 1.158697e+00 1.215620e+00 1.170557e+00 1.160779e+00 1.163107e+00 1.156456e+00 1.205316e+00 1.178409e+00 1.153075e+00 1.211126e+00 1.209547e+00 1.159360e+00 1.189633e+00 1.212973e+00 1.175744e+00 1.170955e+00 1.169858e+00 1.216410e+00 1.156981e+00 1.213955e+00 1.178948e+00 1.187042e+00 1.181071e+00 1.214191e+00 1.205113e+00 1.153137e+00 1.202133e+00 1.220972e+00 1.219092e+00 1.205307e+00 1.211753e+00 1.189009e+00 1.210223e+00 1.153795e+00 1.208934e+00 1.211533e+00 1.191603e+00 1.157727e+00 1.176425e+00 1.209010e+00 1.210197e+00 1.172718e+00 1.205846e+00 1.148216e+00 1.206656e+00 1.163105e+00 1.157007e+00 1.210839e+00 1.213744e+00 1.175071e+00 1.157358e+00 1.212814e+00 1.216501e+00 1.128599e+00 1.210112e+00 1.211690e+00 1.152048e+00 1.219377e+00 1.218177e+00 1.160814e+00 1.147110e+00 1.203813e+00 1.212849e+00 1.210138e+00 1.206198e+00 1.171880e+00 1.210666e+00 1.159563e+00 1.214484e+00 1.212886e+00 1.211227e+00 1.213464e+00 1.173504e+00 1.203132e+00 1.153671e+00 1.163610e+00 1.186263e+00 1.202741e+00 1.210801e+00 1.207727e+00 1.216138e+00 1.207266e+00 1.209312e+00 1.196459e+00 1.190526e+00 1.189757e+00 1.191534e+00 1.214679e+00 1.212489e+00 1.199963e+00 1.221694e+00 1.153671e+00 1.213128e+00 1.166552e+00 1.212694e+00 1.211290e+00 1.182926e+00 1.155448e+00
1.154333e+00 1.155920e+00 1.164459e+00 1.132536e+00 1.158726e+00 1.123346e+00 1.106375e+00 1.161554e+00 1.160745e+00 1.143379e+00 1.103561e+00 1.159786e+00 1.123802e+00 1.103630e+00 1.107710e+00 1.103566e+00 1.151093e+00 1.124117e+00 1.104365e+00 1.159256e+00 1.154137e+00 1.106614e+00 1.108045e+00 1.164649e+00 1.120934e+00 1.117246e+00 1.115082e+00 1.159493e+00 1.106479e+00 1.159247e+00 1.120684e+00 1.135425e+00 1.128728e+00 1.155673e+00 1.158408e+00 1.107436e+00 1.152035e+00 1.161591e+00 1.161851e+00 1.161668e+00 1.155649e+00 1.137255e+00 1.156616e+00 1.101939e+00 1.157069e+00 1.154028e+00 1.136290e+00 1.099743e+00 1.123418e+00 1.156778e+00 1.158689e+00 1.111550e+00 1.153675e+00 1.095410e+00 1.160088e+00 1.113212e+00 1.107792e+00 1.158646e+00 1.164666e+00 1.125459e+00 1.102650e+00 1.160442e+00 1.158538e+00 1.218170e+00 1.157579e+00 1.159125e+00 1.102738e+00 1.160690e+00 1.163193e+00 1.180812e+00 1.095443e+00 1.152561e+00 1.159351e+00 1.157048e+00 1.158474e+00 1.120635e+00 1.161987e+00 1.107775e+00 1.162555e+00 1.157124e+00 1.162697e+00 1.164611e+00 1.120923e+00 1.149083e+00 1.100968e+00 1.106360e+00 1.136793e+00 1.151500e+00 1.153124e+00 1.156349e+00 1.161967e+00 1.155017e+00 1.155933e+00 1.142728e+00 1.144797e+00 1.138889e+00 1.141292e+00 1.158176e+00 1.159940e+00 1.147345e+00 1.167997e+00 1.102623e+00 1.162604e+00 1.116216e+00 1.161632e+00 1.159026e+00 1.132308e+00 1.106526e+00
