# Version 0.0
# Data /lustre/isaac24/proj/UTK0244/cbaillar/Bayes_HEP/Detroit_tune_Project/input/Data/Data__200__pp__STAR_2020_I1783875__d29-x01-y01.dat
# Observable: $1/N_{jets}$
# Subobservable: $z_{g}$
# Design Design_Rivet.dat
# design_point1 design_point2 design_point3 design_point4 design_point5 design_point6 design_point7 design_point8 design_point9 design_point10 design_point11 design_point12 design_point13 design_point14 design_point15 design_point16 design_point17 design_point18 design_point19 design_point20 design_point21 design_point22 design_point23 design_point24 design_point25 design_point26 design_point27 design_point28 design_point29 design_point30 design_point31 design_point32 design_point33 design_point34 design_point35 design_point36 design_point37 design_point38 design_point39 design_point40 design_point41 design_point42 design_point43 design_point44 design_point45 design_point46 design_point47 design_point48 design_point49 design_point50 design_point51 design_point52 design_point53 design_point54 design_point55 design_point56 design_point57 design_point58 design_point59 design_point60 design_point61 design_point62 design_point63 design_point64 design_point65 design_point66 design_point67 design_point68 design_point69 design_point70 design_point71 design_point72 design_point73 design_point74 design_point75 design_point76 design_point77 design_point78 design_point79 design_point80 design_point81 design_point82 design_point83 design_point84 design_point85 design_point86 design_point87 design_point88 design_point89 design_point90 design_point91 design_point92 design_point93 design_point94 design_point95 design_point96 design_point97 design_point98 design_point99 design_point100 design_point101 design_point102 design_point103 design_point104 design_point105 design_point106 design_point107 design_point108
6.106311e+00 6.126558e+00 6.084952e+00 6.201631e+00 6.099883e+00 6.203281e+00 6.297225e+00 6.086731e+00 6.098969e+00 6.153821e+00 6.261098e+00 6.092462e+00 6.234009e+00 6.299601e+00 6.244953e+00 6.295405e+00 6.114792e+00 6.251447e+00 6.260166e+00 6.098999e+00 6.108551e+00 6.261834e+00 6.073635e+00 6.081709e+00 6.236672e+00 6.286640e+00 6.203985e+00 6.083450e+00 6.261457e+00 6.085505e+00 6.218198e+00 6.162686e+00 6.340469e+00 6.099593e+00 6.114843e+00 6.228574e+00 6.149654e+00 6.079044e+00 6.089167e+00 6.099046e+00 6.120059e+00 6.176276e+00 6.096372e+00 6.264192e+00 6.101386e+00 6.112130e+00 6.213230e+00 6.261504e+00 6.187388e+00 6.106677e+00 6.102889e+00 6.213027e+00 6.136140e+00 6.253708e+00 6.103405e+00 6.241451e+00 6.247859e+00 6.086229e+00 6.075440e+00 6.215858e+00 6.240446e+00 6.091135e+00 6.084833e+00 5.837563e+00 6.100951e+00 6.112881e+00 6.253794e+00 6.112958e+00 6.078970e+00 6.168922e+00 6.257280e+00 6.143773e+00 6.100639e+00 6.111217e+00 6.067969e+00 6.241422e+00 6.074646e+00 6.262071e+00 6.093584e+00 6.095708e+00 6.081621e+00 6.080158e+00 6.154148e+00 6.126087e+00 6.266739e+00 6.230495e+00 6.179071e+00 6.161570e+00 6.094815e+00 6.112067e+00 6.067569e+00 6.118735e+00 6.090595e+00 6.160201e+00 6.199771e+00 6.185560e+00 6.173536e+00 6.085942e+00 6.088611e+00 6.144882e+00 6.083366e+00 6.265460e+00 6.097218e+00 6.303096e+00 6.080542e+00 6.094130e+00 6.179812e+00 6.242552e+00
3.797811e+00 3.823368e+00 3.782633e+00 3.866866e+00 3.807865e+00 3.873909e+00 3.920884e+00 3.781081e+00 3.788310e+00 3.835195e+00 3.920643e+00 3.799939e+00 3.894905e+00 3.912683e+00 3.916584e+00 3.929337e+00 3.818489e+00 3.874440e+00 3.920631e+00 3.798678e+00 3.794437e+00 3.913566e+00 3.938720e+00 3.786465e+00 3.888467e+00 3.898365e+00 3.889380e+00 3.787758e+00 3.921870e+00 3.792924e+00 3.875753e+00 3.848868e+00 3.897119e+00 3.791359e+00 3.811679e+00 3.901639e+00 3.818373e+00 3.785256e+00 3.787047e+00 3.802747e+00 3.802757e+00 3.852406e+00 3.797068e+00 3.925786e+00 3.785829e+00 3.798474e+00 3.854091e+00 3.909736e+00 3.874549e+00 3.807563e+00 3.800549e+00 3.889557e+00 3.817551e+00 3.926931e+00 3.806957e+00 3.897776e+00 3.903100e+00 3.800414e+00 3.792667e+00 3.883681e+00 3.929372e+00 3.801692e+00 3.789405e+00 3.807107e+00 3.793367e+00 3.804171e+00 3.922820e+00 3.803567e+00 3.791096e+00 3.863742e+00 3.935863e+00 3.814665e+00 3.801477e+00 3.784869e+00 3.777149e+00 3.896256e+00 3.775283e+00 3.912535e+00 3.788454e+00 3.794461e+00 3.787886e+00 3.791956e+00 3.910329e+00 3.811318e+00 3.918676e+00 3.923875e+00 3.850984e+00 3.818210e+00 3.800183e+00 3.796251e+00 3.781806e+00 3.813034e+00 3.788645e+00 3.833361e+00 3.859665e+00 3.853633e+00 3.837503e+00 3.797677e+00 3.788511e+00 3.823922e+00 3.793517e+00 3.931889e+00 3.791950e+00 3.911681e+00 3.783544e+00 3.786454e+00 3.847181e+00 3.917167e+00
2.623462e+00 2.616734e+00 2.611043e+00 2.636884e+00 2.620048e+00 2.645332e+00 2.644350e+00 2.612825e+00 2.609506e+00 2.628573e+00 2.650812e+00 2.620284e+00 2.650380e+00 2.654794e+00 2.648454e+00 2.657476e+00 2.614928e+00 2.631697e+00 2.660318e+00 2.612508e+00 2.615537e+00 2.642400e+00 2.490734e+00 2.612539e+00 2.642595e+00 2.643954e+00 2.651242e+00 2.622071e+00 2.657211e+00 2.609920e+00 2.643776e+00 2.640963e+00 2.628100e+00 2.625711e+00 2.617108e+00 2.648018e+00 2.619275e+00 2.609404e+00 2.615023e+00 2.618094e+00 2.619410e+00 2.626221e+00 2.624096e+00 2.664663e+00 2.619035e+00 2.618585e+00 2.631495e+00 2.664128e+00 2.646619e+00 2.612438e+00 2.617527e+00 2.646838e+00 2.613011e+00 2.671869e+00 2.609136e+00 2.655698e+00 2.651792e+00 2.614538e+00 2.616180e+00 2.643551e+00 2.660315e+00 2.613171e+00 2.614908e+00 2.842640e+00 2.615384e+00 2.614238e+00 2.653977e+00 2.618782e+00 2.613537e+00 2.426505e+00 2.665474e+00 2.616292e+00 2.617181e+00 2.617718e+00 2.616816e+00 2.645199e+00 2.613247e+00 2.658574e+00 2.618844e+00 2.612482e+00 2.616511e+00 2.614703e+00 2.676672e+00 2.625828e+00 2.658553e+00 2.657706e+00 2.627199e+00 2.618546e+00 2.615467e+00 2.622723e+00 2.609733e+00 2.623862e+00 2.613324e+00 2.627245e+00 2.631224e+00 2.634951e+00 2.622856e+00 2.615930e+00 2.610444e+00 2.624089e+00 2.613794e+00 2.656181e+00 2.614905e+00 2.647601e+00 2.619317e+00 2.614684e+00 2.603150e+00 2.659540e+00
1.972255e+00 1.968798e+00 1.969687e+00 1.957743e+00 1.965896e+00 1.956700e+00 1.942046e+00 1.968161e+00 1.965447e+00 1.961851e+00 1.947742e+00 1.964003e+00 1.947038e+00 1.951796e+00 1.942836e+00 1.942380e+00 1.961353e+00 1.943303e+00 1.950254e+00 1.970630e+00 1.962672e+00 1.947678e+00 1.942179e+00 1.969725e+00 1.944869e+00 1.947336e+00 1.958167e+00 1.967726e+00 1.951966e+00 1.964276e+00 1.952902e+00 1.962768e+00 1.926581e+00 1.967402e+00 1.960688e+00 1.958362e+00 1.958041e+00 1.972468e+00 1.965010e+00 1.966259e+00 1.969585e+00 1.954878e+00 1.971411e+00 1.950146e+00 1.967934e+00 1.967254e+00 1.954582e+00 1.954959e+00 1.956871e+00 1.968351e+00 1.966719e+00 1.953353e+00 1.963439e+00 1.951333e+00 1.965744e+00 1.954595e+00 1.954627e+00 1.966810e+00 1.967803e+00 1.958139e+00 1.952193e+00 1.969292e+00 1.970015e+00 1.903553e+00 1.970620e+00 1.961898e+00 1.953015e+00 1.963313e+00 1.968063e+00 2.109193e+00 1.949518e+00 1.953586e+00 1.964535e+00 1.968148e+00 1.977036e+00 1.946693e+00 1.973051e+00 1.947182e+00 1.966455e+00 1.967971e+00 1.970367e+00 1.965232e+00 1.965982e+00 1.961670e+00 1.947778e+00 1.956488e+00 1.961303e+00 1.956968e+00 1.973778e+00 1.966399e+00 1.970611e+00 1.963379e+00 1.965207e+00 1.957071e+00 1.954133e+00 1.954769e+00 1.955608e+00 1.971253e+00 1.973669e+00 1.960058e+00 1.970864e+00 1.945446e+00 1.961372e+00 1.944101e+00 1.966100e+00 1.967349e+00 2.001602e+00 1.953858e+00
1.588592e+00 1.580283e+00 1.597565e+00 1.565222e+00 1.591608e+00 1.561352e+00 1.531438e+00 1.597049e+00 1.592231e+00 1.573420e+00 1.539789e+00 1.593889e+00 1.551016e+00 1.537141e+00 1.551440e+00 1.533607e+00 1.585654e+00 1.551614e+00 1.545941e+00 1.593141e+00 1.592899e+00 1.544548e+00 1.734618e+00 1.598120e+00 1.553320e+00 1.541197e+00 1.557554e+00 1.599134e+00 1.537611e+00 1.594781e+00 1.558360e+00 1.569739e+00 1.528903e+00 1.585461e+00 1.583950e+00 1.547457e+00 1.577086e+00 1.601437e+00 1.592279e+00 1.586525e+00 1.592505e+00 1.573288e+00 1.588758e+00 1.541683e+00 1.593531e+00 1.584729e+00 1.559665e+00 1.547830e+00 1.561183e+00 1.586604e+00 1.590748e+00 1.551898e+00 1.584946e+00 1.544136e+00 1.589270e+00 1.550611e+00 1.550312e+00 1.595536e+00 1.598546e+00 1.554173e+00 1.549487e+00 1.594895e+00 1.595657e+00 1.675127e+00 1.589471e+00 1.589237e+00 1.540631e+00 1.591661e+00 1.598050e+00 1.595894e+00 1.545265e+00 1.585066e+00 1.587264e+00 1.595489e+00 1.601116e+00 1.548054e+00 1.600320e+00 1.544148e+00 1.591430e+00 1.595847e+00 1.594418e+00 1.597177e+00 1.563280e+00 1.583961e+00 1.545892e+00 1.548645e+00 1.565497e+00 1.576540e+00 1.593659e+00 1.589508e+00 1.601877e+00 1.583263e+00 1.597922e+00 1.576813e+00 1.557492e+00 1.566958e+00 1.573207e+00 1.595424e+00 1.597410e+00 1.577748e+00 1.596304e+00 1.544813e+00 1.596601e+00 1.529704e+00 1.597182e+00 1.595619e+00 1.551924e+00 1.544442e+00
1.366548e+00 1.355586e+00 1.377950e+00 1.328280e+00 1.366870e+00 1.326334e+00 1.300813e+00 1.378424e+00 1.379220e+00 1.348881e+00 1.309505e+00 1.369673e+00 1.321492e+00 1.293762e+00 1.310967e+00 1.298634e+00 1.363121e+00 1.323079e+00 1.301776e+00 1.371236e+00 1.370715e+00 1.307155e+00 1.324438e+00 1.380034e+00 1.322174e+00 1.301007e+00 1.323434e+00 1.373853e+00 1.305878e+00 1.372514e+00 1.325514e+00 1.341591e+00 1.301188e+00 1.374654e+00 1.366619e+00 1.318176e+00 1.356081e+00 1.377688e+00 1.378059e+00 1.375593e+00 1.365809e+00 1.344815e+00 1.371911e+00 1.298327e+00 1.370320e+00 1.366970e+00 1.334214e+00 1.303077e+00 1.331588e+00 1.368110e+00 1.366357e+00 1.321192e+00 1.363122e+00 1.297291e+00 1.371988e+00 1.314170e+00 1.308987e+00 1.372083e+00 1.381375e+00 1.323096e+00 1.305678e+00 1.370792e+00 1.377626e+00 1.243655e+00 1.371472e+00 1.366483e+00 1.305867e+00 1.365460e+00 1.375930e+00 1.213252e+00 1.298923e+00 1.356815e+00 1.376366e+00 1.369629e+00 1.384676e+00 1.320064e+00 1.381812e+00 1.307163e+00 1.377948e+00 1.375241e+00 1.380671e+00 1.373115e+00 1.318490e+00 1.361354e+00 1.297066e+00 1.307231e+00 1.343565e+00 1.353889e+00 1.372561e+00 1.363057e+00 1.382530e+00 1.358057e+00 1.373463e+00 1.351196e+00 1.335085e+00 1.340109e+00 1.346698e+00 1.372879e+00 1.375505e+00 1.353039e+00 1.375196e+00 1.303577e+00 1.369296e+00 1.297036e+00 1.377350e+00 1.375554e+00 1.369798e+00 1.304947e+00
1.241783e+00 1.237635e+00 1.256387e+00 1.201178e+00 1.240746e+00 1.200018e+00 1.164538e+00 1.251914e+00 1.249457e+00 1.221694e+00 1.168219e+00 1.249925e+00 1.184252e+00 1.162462e+00 1.178727e+00 1.154941e+00 1.240841e+00 1.191334e+00 1.162363e+00 1.249357e+00 1.245917e+00 1.177169e+00 1.116877e+00 1.252880e+00 1.187797e+00 1.175723e+00 1.191738e+00 1.252038e+00 1.169716e+00 1.253986e+00 1.192429e+00 1.208657e+00 1.172043e+00 1.245767e+00 1.240747e+00 1.186456e+00 1.230389e+00 1.258473e+00 1.249644e+00 1.246086e+00 1.235137e+00 1.213029e+00 1.242251e+00 1.163291e+00 1.244268e+00 1.246907e+00 1.203271e+00 1.168029e+00 1.201669e+00 1.244659e+00 1.246969e+00 1.192431e+00 1.230164e+00 1.165913e+00 1.251204e+00 1.176803e+00 1.177498e+00 1.247996e+00 1.251363e+00 1.191791e+00 1.169116e+00 1.248270e+00 1.254805e+00 1.269036e+00 1.248770e+00 1.245661e+00 1.169524e+00 1.242942e+00 1.250995e+00 1.278581e+00 1.168518e+00 1.236956e+00 1.243034e+00 1.240980e+00 1.258097e+00 1.184674e+00 1.256151e+00 1.171528e+00 1.248751e+00 1.248315e+00 1.249295e+00 1.254884e+00 1.197884e+00 1.237720e+00 1.169615e+00 1.170541e+00 1.212338e+00 1.229562e+00 1.244674e+00 1.245234e+00 1.260686e+00 1.238553e+00 1.254492e+00 1.220471e+00 1.207484e+00 1.208633e+00 1.218065e+00 1.245913e+00 1.250899e+00 1.231450e+00 1.251414e+00 1.168461e+00 1.248281e+00 1.166030e+00 1.254404e+00 1.250454e+00 1.207843e+00 1.176192e+00
1.184822e+00 1.174509e+00 1.196901e+00 1.138289e+00 1.187500e+00 1.131274e+00 1.108223e+00 1.199137e+00 1.193165e+00 1.165557e+00 1.110949e+00 1.188528e+00 1.120083e+00 1.098258e+00 1.114313e+00 1.100801e+00 1.183179e+00 1.131025e+00 1.108029e+00 1.184471e+00 1.187824e+00 1.112658e+00 1.255251e+00 1.194386e+00 1.126573e+00 1.112599e+00 1.127321e+00 1.191388e+00 1.105912e+00 1.201059e+00 1.134287e+00 1.157498e+00 1.108226e+00 1.189632e+00 1.184961e+00 1.117162e+00 1.176521e+00 1.192679e+00 1.200667e+00 1.185676e+00 1.174772e+00 1.151312e+00 1.188117e+00 1.103539e+00 1.195570e+00 1.185256e+00 1.143279e+00 1.102587e+00 1.138433e+00 1.186680e+00 1.188107e+00 1.133192e+00 1.175881e+00 1.104408e+00 1.182542e+00 1.116185e+00 1.113529e+00 1.193249e+00 1.192814e+00 1.130202e+00 1.105330e+00 1.189938e+00 1.191695e+00 1.167513e+00 1.188022e+00 1.185422e+00 1.111031e+00 1.180016e+00 1.200359e+00 1.194587e+00 1.095479e+00 1.175976e+00 1.187070e+00 1.192091e+00 1.192334e+00 1.121694e+00 1.200204e+00 1.107031e+00 1.192689e+00 1.187539e+00 1.195687e+00 1.197892e+00 1.119354e+00 1.174625e+00 1.103815e+00 1.113240e+00 1.151850e+00 1.170209e+00 1.184782e+00 1.184871e+00 1.201485e+00 1.182426e+00 1.194185e+00 1.161663e+00 1.148173e+00 1.147322e+00 1.162522e+00 1.192682e+00 1.193836e+00 1.170129e+00 1.192658e+00 1.097148e+00 1.197126e+00 1.107988e+00 1.198284e+00 1.192857e+00 1.124789e+00 1.111495e+00
