# Version 0.0
# Data /lustre/isaac24/proj/UTK0244/cbaillar/Bayes_HEP/Detroit_tune_Project/input/Data/Data__200__pp__PHENIX_2025_I2820229__d02-x01-y02.dat
# Observable: $\frac{1}{N_{jet}}\frac{dN}{dz_g}$
# Subobservable: $z_g$
# Design Design_Rivet.dat
# design_point1 design_point2 design_point3 design_point4 design_point5 design_point6 design_point7 design_point8 design_point9 design_point10 design_point11 design_point12 design_point13 design_point14 design_point15 design_point16 design_point17 design_point18 design_point19 design_point20 design_point21 design_point22 design_point23 design_point24 design_point25 design_point26 design_point27 design_point28 design_point29 design_point30 design_point31 design_point32 design_point33 design_point34 design_point35 design_point36 design_point37 design_point38 design_point39 design_point40 design_point41 design_point42 design_point43 design_point44 design_point45 design_point46 design_point47 design_point48 design_point49 design_point50 design_point51 design_point52 design_point53 design_point54 design_point55 design_point56 design_point57 design_point58 design_point59 design_point60 design_point61 design_point62 design_point63 design_point64 design_point65 design_point66 design_point67 design_point68 design_point69 design_point70 design_point71 design_point72 design_point73 design_point74 design_point75 design_point76 design_point77 design_point78 design_point79 design_point80 design_point81 design_point82 design_point83 design_point84 design_point85 design_point86 design_point87 design_point88 design_point89 design_point90 design_point91 design_point92 design_point93 design_point94 design_point95 design_point96 design_point97 design_point98 design_point99 design_point100 design_point101 design_point102 design_point103 design_point104 design_point105 design_point106 design_point107 design_point108
3.111243e+00 3.094770e+00 3.103730e+00 3.094058e+00 3.080981e+00 3.109510e+00 3.132375e+00 3.110869e+00 3.098038e+00 3.105904e+00 3.114897e+00 3.105792e+00 3.106527e+00 3.120520e+00 3.099055e+00 3.128262e+00 3.107296e+00 3.120803e+00 3.125852e+00 3.112072e+00 3.092162e+00 3.117515e+00 3.100661e+00 3.106511e+00 3.092537e+00 3.136953e+00 3.110856e+00 3.093801e+00 3.107044e+00 3.102912e+00 3.106777e+00 3.110874e+00 3.143320e+00 3.097859e+00 3.109635e+00 3.095243e+00 3.104247e+00 3.104816e+00 3.121743e+00 3.116886e+00 3.100295e+00 3.088636e+00 3.101280e+00 3.116152e+00 3.121770e+00 3.096727e+00 3.122800e+00 3.118566e+00 3.110241e+00 3.106822e+00 3.105038e+00 3.103466e+00 3.113346e+00 3.097423e+00 3.108916e+00 3.094284e+00 3.115319e+00 3.108423e+00 3.104688e+00 3.100582e+00 3.114806e+00 3.112567e+00 3.116278e+00 2.621359e+00 3.071644e+00 3.104587e+00 3.101094e+00 3.108948e+00 3.094541e+00 2.997602e+00 3.112915e+00 3.115343e+00 3.115357e+00 3.096204e+00 3.111361e+00 3.111734e+00 3.094083e+00 3.114917e+00 3.110937e+00 3.107976e+00 3.102883e+00 3.094713e+00 3.056491e+00 3.102033e+00 3.121554e+00 3.095969e+00 3.090877e+00 3.093489e+00 3.118446e+00 3.123742e+00 3.110328e+00 3.104997e+00 3.112951e+00 3.115478e+00 3.102176e+00 3.126255e+00 3.108311e+00 3.123630e+00 3.106468e+00 3.089143e+00 3.113705e+00 3.098999e+00 3.101570e+00 3.122674e+00 3.109971e+00 3.114007e+00 3.178822e+00 3.122123e+00
2.812763e+00 2.799660e+00 2.795864e+00 2.788804e+00 2.789436e+00 2.781890e+00 2.791678e+00 2.792183e+00 2.798655e+00 2.788562e+00 2.784965e+00 2.788625e+00 2.781212e+00 2.771859e+00 2.788428e+00 2.794491e+00 2.791347e+00 2.777858e+00 2.799787e+00 2.781656e+00 2.778155e+00 2.772978e+00 3.159442e+00 2.772829e+00 2.786411e+00 2.773480e+00 2.784740e+00 2.803674e+00 2.797928e+00 2.787146e+00 2.788346e+00 2.782918e+00 2.787589e+00 2.799054e+00 2.784003e+00 2.771259e+00 2.794750e+00 2.788599e+00 2.789391e+00 2.785709e+00 2.789695e+00 2.787963e+00 2.791372e+00 2.775169e+00 2.794079e+00 2.788117e+00 2.771084e+00 2.770591e+00 2.795367e+00 2.778189e+00 2.799053e+00 2.786663e+00 2.792483e+00 2.778489e+00 2.781140e+00 2.775835e+00 2.787740e+00 2.792947e+00 2.786637e+00 2.789281e+00 2.755833e+00 2.804144e+00 2.782335e+00 2.718447e+00 2.803857e+00 2.792423e+00 2.780671e+00 2.783251e+00 2.803177e+00 2.901679e+00 2.760691e+00 2.796320e+00 2.785616e+00 2.802383e+00 2.782417e+00 2.781620e+00 2.810105e+00 2.772527e+00 2.803119e+00 2.785009e+00 2.787145e+00 2.791749e+00 2.738220e+00 2.794317e+00 2.776553e+00 2.770948e+00 2.794996e+00 2.786306e+00 2.805666e+00 2.798521e+00 2.771186e+00 2.805575e+00 2.782857e+00 2.795115e+00 2.790750e+00 2.788224e+00 2.780743e+00 2.793895e+00 2.788617e+00 2.791749e+00 2.783880e+00 2.775623e+00 2.795130e+00 2.809429e+00 2.798335e+00 2.805232e+00 2.719541e+00 2.800515e+00
2.579747e+00 2.600359e+00 2.578195e+00 2.590581e+00 2.573291e+00 2.580542e+00 2.579259e+00 2.572232e+00 2.590186e+00 2.574270e+00 2.583109e+00 2.599945e+00 2.571249e+00 2.578789e+00 2.585614e+00 2.575820e+00 2.604745e+00 2.584039e+00 2.585275e+00 2.588024e+00 2.587420e+00 2.561488e+00 2.586334e+00 2.569651e+00 2.576813e+00 2.572709e+00 2.575390e+00 2.602919e+00 2.565183e+00 2.581588e+00 2.578767e+00 2.583584e+00 2.583338e+00 2.582451e+00 2.596214e+00 2.578774e+00 2.576765e+00 2.595108e+00 2.590795e+00 2.581596e+00 2.579307e+00 2.596738e+00 2.579265e+00 2.586255e+00 2.571397e+00 2.591633e+00 2.566191e+00 2.585561e+00 2.568957e+00 2.605216e+00 2.601029e+00 2.584224e+00 2.590945e+00 2.588595e+00 2.604780e+00 2.580361e+00 2.597093e+00 2.595015e+00 2.585436e+00 2.580892e+00 2.586872e+00 2.573700e+00 2.569968e+00 1.747573e+00 2.585063e+00 2.590541e+00 2.577138e+00 2.582983e+00 2.582104e+00 2.709832e+00 2.574988e+00 2.572086e+00 2.579128e+00 2.576254e+00 2.578384e+00 2.580592e+00 2.580853e+00 2.592050e+00 2.577690e+00 2.581363e+00 2.601658e+00 2.573588e+00 2.578697e+00 2.584749e+00 2.579379e+00 2.583015e+00 2.589374e+00 2.590365e+00 2.568897e+00 2.593594e+00 2.600089e+00 2.583458e+00 2.566366e+00 2.599591e+00 2.602149e+00 2.563482e+00 2.591607e+00 2.582575e+00 2.595502e+00 2.583269e+00 2.564258e+00 2.589727e+00 2.588538e+00 2.584177e+00 2.570353e+00 2.577096e+00 2.451627e+00 2.561030e+00
2.417428e+00 2.404087e+00 2.433361e+00 2.422463e+00 2.442379e+00 2.424670e+00 2.420087e+00 2.426135e+00 2.406435e+00 2.430561e+00 2.434420e+00 2.415577e+00 2.426511e+00 2.429488e+00 2.435743e+00 2.420052e+00 2.410245e+00 2.434825e+00 2.419010e+00 2.399637e+00 2.413834e+00 2.434754e+00 2.292432e+00 2.419371e+00 2.434801e+00 2.430779e+00 2.415459e+00 2.413612e+00 2.422858e+00 2.416187e+00 2.414965e+00 2.424493e+00 2.409870e+00 2.421992e+00 2.428737e+00 2.433921e+00 2.430952e+00 2.408711e+00 2.424552e+00 2.421353e+00 2.416764e+00 2.436125e+00 2.430979e+00 2.430540e+00 2.407595e+00 2.426373e+00 2.420946e+00 2.437354e+00 2.403316e+00 2.421809e+00 2.408736e+00 2.434776e+00 2.414411e+00 2.438005e+00 2.421305e+00 2.436597e+00 2.423460e+00 2.413694e+00 2.417863e+00 2.412479e+00 2.432103e+00 2.428003e+00 2.428706e+00 2.621359e+00 2.428938e+00 2.426019e+00 2.411885e+00 2.420702e+00 2.430403e+00 1.798561e+00 2.440185e+00 2.411893e+00 2.433717e+00 2.410502e+00 2.439715e+00 2.418037e+00 2.419419e+00 2.434160e+00 2.430520e+00 2.409943e+00 2.432027e+00 2.418315e+00 2.465637e+00 2.419029e+00 2.429637e+00 2.435003e+00 2.434092e+00 2.408952e+00 2.431411e+00 2.429426e+00 2.429820e+00 2.409065e+00 2.432038e+00 2.403404e+00 2.413227e+00 2.430020e+00 2.413354e+00 2.406121e+00 2.416286e+00 2.429125e+00 2.424213e+00 2.423584e+00 2.426324e+00 2.405545e+00 2.427501e+00 2.395232e+00 2.400595e+00 2.433278e+00
2.275684e+00 2.282943e+00 2.281080e+00 2.299896e+00 2.290968e+00 2.312033e+00 2.304967e+00 2.299514e+00 2.286866e+00 2.301486e+00 2.300416e+00 2.294175e+00 2.299109e+00 2.290146e+00 2.305503e+00 2.302111e+00 2.297524e+00 2.296880e+00 2.287200e+00 2.311502e+00 2.308714e+00 2.316559e+00 2.321822e+00 2.308026e+00 2.305936e+00 2.314480e+00 2.302147e+00 2.294140e+00 2.305741e+00 2.318515e+00 2.308253e+00 2.301176e+00 2.300320e+00 2.287013e+00 2.294264e+00 2.325983e+00 2.314036e+00 2.295559e+00 2.289272e+00 2.297692e+00 2.293551e+00 2.304322e+00 2.297439e+00 2.301126e+00 2.292402e+00 2.302571e+00 2.311246e+00 2.309001e+00 2.307765e+00 2.296747e+00 2.305007e+00 2.302460e+00 2.294167e+00 2.303207e+00 2.292109e+00 2.303183e+00 2.297269e+00 2.315472e+00 2.292054e+00 2.306281e+00 2.315110e+00 2.275930e+00 2.299308e+00 2.621359e+00 2.286008e+00 2.300573e+00 2.325286e+00 2.296320e+00 2.270430e+00 2.494005e+00 2.316723e+00 2.314161e+00 2.289843e+00 2.303168e+00 2.308510e+00 2.301659e+00 2.292612e+00 2.302146e+00 2.308596e+00 2.292952e+00 2.275900e+00 2.297051e+00 2.358772e+00 2.306689e+00 2.305940e+00 2.315769e+00 2.299692e+00 2.311180e+00 2.296954e+00 2.283901e+00 2.273115e+00 2.304335e+00 2.306848e+00 2.296911e+00 2.320121e+00 2.308372e+00 2.319945e+00 2.303168e+00 2.290477e+00 2.304178e+00 2.290582e+00 2.319640e+00 2.289082e+00 2.296621e+00 2.291356e+00 2.296058e+00 2.241123e+00 2.306110e+00
2.205032e+00 2.207420e+00 2.210448e+00 2.195629e+00 2.213951e+00 2.206829e+00 2.193115e+00 2.198078e+00 2.207021e+00 2.199575e+00 2.215221e+00 2.183070e+00 2.214398e+00 2.212307e+00 2.217671e+00 2.209812e+00 2.194186e+00 2.200493e+00 2.215711e+00 2.206711e+00 2.190242e+00 2.209746e+00 1.983835e+00 2.224341e+00 2.212056e+00 2.203753e+00 2.216255e+00 2.190934e+00 2.217773e+00 2.197829e+00 2.215694e+00 2.203547e+00 2.196518e+00 2.196038e+00 2.203127e+00 2.206307e+00 2.204147e+00 2.190893e+00 2.200594e+00 2.193382e+00 2.213312e+00 2.193030e+00 2.201662e+00 2.224614e+00 2.194443e+00 2.195605e+00 2.213160e+00 2.206931e+00 2.230632e+00 2.199214e+00 2.198324e+00 2.211651e+00 2.185210e+00 2.223899e+00 2.205642e+00 2.221875e+00 2.205892e+00 2.192070e+00 2.196366e+00 2.219306e+00 2.207112e+00 2.193280e+00 2.189597e+00 2.233010e+00 2.191026e+00 2.183171e+00 2.217256e+00 2.192217e+00 2.199657e+00 2.206235e+00 2.214480e+00 2.198069e+00 2.205115e+00 2.197394e+00 2.185118e+00 2.211525e+00 2.203695e+00 2.193193e+00 2.184202e+00 2.210562e+00 2.194788e+00 2.199321e+00 2.127231e+00 2.194656e+00 2.202627e+00 2.219346e+00 2.211632e+00 2.195579e+00 2.183795e+00 2.183920e+00 2.207127e+00 2.195433e+00 2.202297e+00 2.198199e+00 2.196837e+00 2.198583e+00 2.203062e+00 2.191942e+00 2.193629e+00 2.205913e+00 2.185570e+00 2.210780e+00 2.195953e+00 2.201312e+00 2.197060e+00 2.198148e+00 2.279396e+00 2.205313e+00
2.126598e+00 2.137957e+00 2.137524e+00 2.139238e+00 2.141131e+00 2.143143e+00 2.144837e+00 2.147622e+00 2.142359e+00 2.133504e+00 2.132596e+00 2.138232e+00 2.159522e+00 2.152726e+00 2.125597e+00 2.142935e+00 2.145092e+00 2.134393e+00 2.136173e+00 2.124701e+00 2.143682e+00 2.159009e+00 2.307127e+00 2.126166e+00 2.142616e+00 2.124987e+00 2.143002e+00 2.130778e+00 2.144991e+00 2.122778e+00 2.147247e+00 2.143532e+00 2.141308e+00 2.140336e+00 2.115886e+00 2.148468e+00 2.114473e+00 2.130922e+00 2.127689e+00 2.135594e+00 2.139963e+00 2.132597e+00 2.120719e+00 2.135777e+00 2.127860e+00 2.141990e+00 2.127477e+00 2.142688e+00 2.135080e+00 2.118513e+00 2.124925e+00 2.153057e+00 2.135892e+00 2.143893e+00 2.134193e+00 2.145059e+00 2.136526e+00 2.124359e+00 2.129242e+00 2.153534e+00 2.160254e+00 2.130757e+00 2.138674e+00 2.621359e+00 2.160454e+00 2.132755e+00 2.136855e+00 2.122481e+00 2.139082e+00 2.206235e+00 2.140544e+00 2.130030e+00 2.126486e+00 2.145488e+00 2.127177e+00 2.142413e+00 2.129874e+00 2.140751e+00 2.123644e+00 2.142460e+00 2.124958e+00 2.143093e+00 2.161304e+00 2.126777e+00 2.155501e+00 2.128890e+00 2.132408e+00 2.137471e+00 2.124295e+00 2.121629e+00 2.121556e+00 2.135614e+00 2.115412e+00 2.136664e+00 2.124400e+00 2.129489e+00 2.128842e+00 2.129443e+00 2.135038e+00 2.127011e+00 2.142815e+00 2.141645e+00 2.139995e+00 2.139359e+00 2.135940e+00 2.126973e+00 2.209228e+00 2.135429e+00
2.071465e+00 2.072533e+00 2.062573e+00 2.091932e+00 2.072725e+00 2.068814e+00 2.083399e+00 2.054116e+00 2.071658e+00 2.083426e+00 2.070715e+00 2.078786e+00 2.076737e+00 2.087554e+00 2.078293e+00 2.075229e+00 2.062396e+00 2.070513e+00 2.078520e+00 2.078695e+00 2.087783e+00 2.076965e+00 1.851580e+00 2.070053e+00 2.082661e+00 2.084200e+00 2.082870e+00 2.067617e+00 2.090721e+00 2.070523e+00 2.070850e+00 2.069094e+00 2.070902e+00 2.077101e+00 2.067254e+00 2.065452e+00 2.076802e+00 2.077044e+00 2.058324e+00 2.074139e+00 2.067493e+00 2.085647e+00 2.071995e+00 2.082223e+00 2.093220e+00 2.061875e+00 2.085052e+00 2.074335e+00 2.080305e+00 2.079237e+00 2.058975e+00 2.065165e+00 2.080243e+00 2.084390e+00 2.056202e+00 2.087184e+00 2.083734e+00 2.063336e+00 2.082977e+00 2.077949e+00 2.069593e+00 2.081812e+00 2.079841e+00 2.330097e+00 2.069871e+00 2.071615e+00 2.094429e+00 2.097709e+00 2.077588e+00 2.302158e+00 2.097529e+00 2.068272e+00 2.059924e+00 2.063705e+00 2.060120e+00 2.092493e+00 2.071930e+00 2.090688e+00 2.062009e+00 2.070841e+00 2.079261e+00 2.077925e+00 2.117939e+00 2.077571e+00 2.068129e+00 2.094278e+00 2.070594e+00 2.084645e+00 2.076959e+00 2.070217e+00 2.078335e+00 2.072608e+00 2.079644e+00 2.073537e+00 2.077181e+00 2.073129e+00 2.066248e+00 2.073483e+00 2.075686e+00 2.080128e+00 2.080646e+00 2.085942e+00 2.063971e+00 2.084897e+00 2.068694e+00 2.089466e+00 2.051882e+00 2.087775e+00
