# Version 0.0
# Data /lustre/isaac24/proj/UTK0244/cbaillar/Bayes_HEP/Detroit_tune_Project/input/Data/Data__200__pp__STAR_2020_I1783875__d10-x01-y01.dat
# Observable: $1/N_{jets}$
# Subobservable: $R_{g}$
# Design Design_Rivet.dat
# design_point1 design_point2 design_point3 design_point4 design_point5 design_point6 design_point7 design_point8 design_point9 design_point10 design_point11 design_point12 design_point13 design_point14 design_point15 design_point16 design_point17 design_point18 design_point19 design_point20 design_point21 design_point22 design_point23 design_point24 design_point25 design_point26 design_point27 design_point28 design_point29 design_point30 design_point31 design_point32 design_point33 design_point34 design_point35 design_point36 design_point37 design_point38 design_point39 design_point40 design_point41 design_point42 design_point43 design_point44 design_point45 design_point46 design_point47 design_point48 design_point49 design_point50 design_point51 design_point52 design_point53 design_point54 design_point55 design_point56 design_point57 design_point58 design_point59 design_point60 design_point61 design_point62 design_point63 design_point64 design_point65 design_point66 design_point67 design_point68 design_point69 design_point70 design_point71 design_point72 design_point73 design_point74 design_point75 design_point76 design_point77 design_point78 design_point79 design_point80 design_point81 design_point82 design_point83 design_point84 design_point85 design_point86 design_point87 design_point88 design_point89 design_point90 design_point91 design_point92 design_point93 design_point94 design_point95 design_point96 design_point97 design_point98 design_point99 design_point100 design_point101 design_point102 design_point103 design_point104 design_point105 design_point106 design_point107 design_point108
2.634434e-01 2.601031e-01 2.685987e-01 2.370600e-01 2.630685e-01 2.340023e-01 2.220344e-01 2.691839e-01 2.673080e-01 2.480738e-01 2.162822e-01 2.655074e-01 2.276264e-01 2.207584e-01 2.185217e-01 2.178437e-01 2.598425e-01 2.356766e-01 2.131106e-01 2.634813e-01 2.623334e-01 2.167787e-01 2.360230e-01 2.678318e-01 2.281209e-01 2.271389e-01 2.279764e-01 2.661833e-01 2.159951e-01 2.691515e-01 2.319258e-01 2.429305e-01 2.338504e-01 2.643796e-01 2.618609e-01 2.041997e-01 2.571709e-01 2.694475e-01 2.687911e-01 2.651079e-01 2.603554e-01 2.408186e-01 2.667019e-01 2.119092e-01 2.676278e-01 2.604040e-01 2.447367e-01 2.130883e-01 2.317480e-01 2.628854e-01 2.640648e-01 2.284835e-01 2.613917e-01 2.084482e-01 2.634883e-01 2.202415e-01 2.200634e-01 2.674767e-01 2.689218e-01 2.269061e-01 2.140431e-01 2.654222e-01 2.685598e-01 2.300740e-01 2.670215e-01 2.614134e-01 2.160321e-01 2.605150e-01 2.690396e-01 1.967213e-01 2.080892e-01 2.569914e-01 2.651686e-01 2.664575e-01 2.683851e-01 2.251637e-01 2.703847e-01 2.160088e-01 2.649447e-01 2.642352e-01 2.688475e-01 2.684263e-01 2.043973e-01 2.565064e-01 2.175175e-01 2.164599e-01 2.436579e-01 2.554820e-01 2.625007e-01 2.622183e-01 2.712213e-01 2.642961e-01 2.656296e-01 2.486292e-01 2.453617e-01 2.395481e-01 2.466613e-01 2.679546e-01 2.664660e-01 2.543942e-01 2.692767e-01 2.141136e-01 2.657716e-01 2.242041e-01 2.695953e-01 2.660858e-01 2.257972e-01 2.143168e-01
1.140803e+00 1.123550e+00 1.175260e+00 1.026097e+00 1.136338e+00 1.015557e+00 9.567744e-01 1.166289e+00 1.163289e+00 1.081185e+00 9.441886e-01 1.153455e+00 9.890428e-01 9.508045e-01 9.571406e-01 9.362822e-01 1.127025e+00 1.024914e+00 9.379628e-01 1.144071e+00 1.148191e+00 9.533043e-01 9.676944e-01 1.162650e+00 9.978642e-01 9.867912e-01 9.883196e-01 1.163006e+00 9.405876e-01 1.169363e+00 1.009655e+00 1.054902e+00 1.006526e+00 1.148187e+00 1.136412e+00 8.864724e-01 1.117120e+00 1.173789e+00 1.169471e+00 1.146771e+00 1.129670e+00 1.058463e+00 1.148051e+00 9.290423e-01 1.157267e+00 1.144869e+00 1.055368e+00 9.332169e-01 1.018330e+00 1.144253e+00 1.144433e+00 1.002515e+00 1.132284e+00 9.184780e-01 1.143804e+00 9.674492e-01 9.561820e-01 1.160754e+00 1.170446e+00 1.004711e+00 9.330220e-01 1.152706e+00 1.170149e+00 1.018899e+00 1.155542e+00 1.142881e+00 9.431644e-01 1.140026e+00 1.165329e+00 9.125683e-01 9.118106e-01 1.118782e+00 1.140432e+00 1.162475e+00 1.172269e+00 9.863848e-01 1.171565e+00 9.451181e-01 1.156627e+00 1.157627e+00 1.160183e+00 1.166092e+00 8.348957e-01 1.114641e+00 9.370117e-01 9.467533e-01 1.054868e+00 1.113028e+00 1.149872e+00 1.148492e+00 1.176105e+00 1.141580e+00 1.157304e+00 1.087117e+00 1.064218e+00 1.057743e+00 1.075784e+00 1.153800e+00 1.162880e+00 1.103204e+00 1.161619e+00 9.301628e-01 1.150116e+00 9.681177e-01 1.176528e+00 1.152724e+00 9.035457e-01 9.387757e-01
2.356583e+00 2.326744e+00 2.424000e+00 2.167237e+00 2.359330e+00 2.152447e+00 2.028922e+00 2.403731e+00 2.397191e+00 2.272128e+00 2.017844e+00 2.381533e+00 2.100010e+00 2.014429e+00 2.039727e+00 1.995032e+00 2.338288e+00 2.147003e+00 2.006296e+00 2.374036e+00 2.369920e+00 2.021599e+00 1.976693e+00 2.400881e+00 2.101595e+00 2.078337e+00 2.093565e+00 2.403898e+00 2.011070e+00 2.410531e+00 2.138852e+00 2.216736e+00 2.096178e+00 2.379759e+00 2.347304e+00 1.909340e+00 2.318622e+00 2.415463e+00 2.413281e+00 2.377319e+00 2.339881e+00 2.219227e+00 2.378589e+00 1.984387e+00 2.376980e+00 2.367569e+00 2.202499e+00 1.996389e+00 2.139998e+00 2.366389e+00 2.378628e+00 2.118401e+00 2.342080e+00 1.962280e+00 2.369793e+00 2.052926e+00 2.038006e+00 2.389488e+00 2.408774e+00 2.122925e+00 1.986267e+00 2.384114e+00 2.403764e+00 1.840592e+00 2.382828e+00 2.364637e+00 2.005291e+00 2.355947e+00 2.403380e+00 2.005464e+00 1.961888e+00 2.321291e+00 2.368494e+00 2.402554e+00 2.414030e+00 2.086905e+00 2.414553e+00 2.015981e+00 2.390779e+00 2.386315e+00 2.402389e+00 2.402507e+00 1.830823e+00 2.322568e+00 2.011350e+00 2.026332e+00 2.218671e+00 2.306448e+00 2.373623e+00 2.374989e+00 2.412881e+00 2.364202e+00 2.391190e+00 2.267916e+00 2.231971e+00 2.210824e+00 2.242627e+00 2.388734e+00 2.397280e+00 2.292373e+00 2.410642e+00 1.990481e+00 2.385979e+00 2.045915e+00 2.417715e+00 2.387150e+00 2.013626e+00 2.005243e+00
3.239306e+00 3.204740e+00 3.281902e+00 3.064114e+00 3.236119e+00 3.049628e+00 2.927379e+00 3.280912e+00 3.263378e+00 3.151764e+00 2.917359e+00 3.249509e+00 2.999162e+00 2.898307e+00 2.931834e+00 2.885010e+00 3.220376e+00 3.029945e+00 2.911328e+00 3.251232e+00 3.246018e+00 2.921696e+00 2.616905e+00 3.271451e+00 3.004724e+00 2.955666e+00 2.996358e+00 3.266710e+00 2.894662e+00 3.274737e+00 3.035346e+00 3.108092e+00 2.969790e+00 3.256471e+00 3.223473e+00 2.803086e+00 3.200120e+00 3.283086e+00 3.280785e+00 3.250438e+00 3.220318e+00 3.114258e+00 3.242957e+00 2.882257e+00 3.250566e+00 3.237651e+00 3.073234e+00 2.888082e+00 3.036051e+00 3.230550e+00 3.237240e+00 3.003551e+00 3.215858e+00 2.863042e+00 3.242713e+00 2.952291e+00 2.938155e+00 3.260939e+00 3.272460e+00 3.021355e+00 2.890877e+00 3.260511e+00 3.279065e+00 3.138866e+00 3.248799e+00 3.240516e+00 2.903106e+00 3.230823e+00 3.276726e+00 2.590164e+00 2.857795e+00 3.194218e+00 3.245143e+00 3.274895e+00 3.279021e+00 2.983446e+00 3.290012e+00 2.914976e+00 3.265782e+00 3.259382e+00 3.272666e+00 3.282719e+00 2.734846e+00 3.203437e+00 2.903008e+00 2.930775e+00 3.117228e+00 3.185220e+00 3.249339e+00 3.242283e+00 3.279556e+00 3.242240e+00 3.259951e+00 3.150030e+00 3.113513e+00 3.101965e+00 3.131214e+00 3.260045e+00 3.275330e+00 3.176527e+00 3.269592e+00 2.879783e+00 3.249722e+00 2.924812e+00 3.287575e+00 3.264066e+00 2.790183e+00 2.909463e+00
3.546828e+00 3.535163e+00 3.552795e+00 3.478675e+00 3.538821e+00 3.476448e+00 3.403335e+00 3.546552e+00 3.550572e+00 3.508319e+00 3.419069e+00 3.543476e+00 3.451909e+00 3.397765e+00 3.421343e+00 3.392201e+00 3.535151e+00 3.447949e+00 3.408375e+00 3.532658e+00 3.551282e+00 3.417022e+00 3.224664e+00 3.555459e+00 3.454594e+00 3.418896e+00 3.447453e+00 3.549615e+00 3.394861e+00 3.551086e+00 3.467769e+00 3.481628e+00 3.416360e+00 3.545519e+00 3.537631e+00 3.361392e+00 3.534012e+00 3.549660e+00 3.565751e+00 3.543512e+00 3.546563e+00 3.506749e+00 3.545272e+00 3.400343e+00 3.547285e+00 3.542408e+00 3.464915e+00 3.408076e+00 3.460159e+00 3.541509e+00 3.546634e+00 3.456542e+00 3.540821e+00 3.387185e+00 3.541135e+00 3.435364e+00 3.430993e+00 3.547880e+00 3.549453e+00 3.472535e+00 3.392067e+00 3.540275e+00 3.556996e+00 3.073131e+00 3.542156e+00 3.539134e+00 3.402248e+00 3.545527e+00 3.551652e+00 3.311475e+00 3.380661e+00 3.529206e+00 3.538426e+00 3.566752e+00 3.555667e+00 3.443883e+00 3.550401e+00 3.414209e+00 3.552050e+00 3.551737e+00 3.551781e+00 3.543815e+00 3.368726e+00 3.522626e+00 3.402189e+00 3.417811e+00 3.501662e+00 3.516740e+00 3.537675e+00 3.550100e+00 3.551380e+00 3.544155e+00 3.542808e+00 3.515767e+00 3.497750e+00 3.502589e+00 3.508174e+00 3.545565e+00 3.549283e+00 3.525275e+00 3.542739e+00 3.393204e+00 3.546705e+00 3.403693e+00 3.556901e+00 3.546790e+00 3.317400e+00 3.408620e+00
3.851475e+00 3.876748e+00 3.811341e+00 3.986005e+00 3.850222e+00 3.994229e+00 4.071783e+00 3.818545e+00 3.832058e+00 3.925090e+00 4.077388e+00 3.836501e+00 4.029101e+00 4.075591e+00 4.059394e+00 4.088049e+00 3.857802e+00 4.000522e+00 4.079419e+00 3.845508e+00 3.841215e+00 4.077285e+00 4.118602e+00 3.821509e+00 4.022826e+00 4.041339e+00 4.022796e+00 3.824070e+00 4.081660e+00 3.822866e+00 3.998984e+00 3.941724e+00 4.048225e+00 3.843312e+00 3.863306e+00 4.129024e+00 3.889601e+00 3.811423e+00 3.808943e+00 3.842643e+00 3.863362e+00 3.946634e+00 3.839969e+00 4.089300e+00 3.832608e+00 3.849897e+00 3.959029e+00 4.083431e+00 3.994145e+00 3.849135e+00 3.846379e+00 4.016246e+00 3.867783e+00 4.107546e+00 3.844521e+00 4.052401e+00 4.064955e+00 3.832207e+00 3.822846e+00 4.016060e+00 4.092272e+00 3.837742e+00 3.822760e+00 3.944125e+00 3.834528e+00 3.843313e+00 4.080811e+00 3.860017e+00 3.823887e+00 4.103825e+00 4.106604e+00 3.881679e+00 3.846340e+00 3.816897e+00 3.811907e+00 4.028191e+00 3.808422e+00 4.074071e+00 3.832796e+00 3.831699e+00 3.819405e+00 3.824280e+00 4.157968e+00 3.880531e+00 4.090602e+00 4.071042e+00 3.950063e+00 3.892481e+00 3.840691e+00 3.842490e+00 3.811910e+00 3.846195e+00 3.832244e+00 3.919540e+00 3.948273e+00 3.950342e+00 3.928666e+00 3.826857e+00 3.824391e+00 3.902219e+00 3.824337e+00 4.091188e+00 3.840860e+00 4.068127e+00 3.809399e+00 3.836855e+00 4.127845e+00 4.087856e+00
3.502103e+00 3.550512e+00 3.431980e+00 3.777003e+00 3.513807e+00 3.804086e+00 4.009743e+00 3.448041e+00 3.455898e+00 3.640743e+00 4.014792e+00 3.483089e+00 3.883607e+00 4.035949e+00 3.984797e+00 4.057453e+00 3.542318e+00 3.832763e+00 4.030094e+00 3.491351e+00 3.493496e+00 4.003737e+00 4.183508e+00 3.449756e+00 3.873441e+00 3.944101e+00 3.891159e+00 3.456290e+00 4.040553e+00 3.441212e+00 3.828923e+00 3.719761e+00 3.923492e+00 3.481723e+00 3.520523e+00 4.190591e+00 3.555551e+00 3.438120e+00 3.433663e+00 3.479803e+00 3.526887e+00 3.699992e+00 3.488132e+00 4.072302e+00 3.481919e+00 3.502085e+00 3.755411e+00 4.050627e+00 3.820785e+00 3.506286e+00 3.495824e+00 3.862613e+00 3.540511e+00 4.102583e+00 3.500671e+00 3.954887e+00 3.971880e+00 3.466681e+00 3.441703e+00 3.843160e+00 4.054392e+00 3.475111e+00 3.442135e+00 4.272802e+00 3.484009e+00 3.511412e+00 4.034814e+00 3.503459e+00 3.443360e+00 4.229508e+00 4.106722e+00 3.566967e+00 3.502359e+00 3.449512e+00 3.436196e+00 3.911962e+00 3.433526e+00 4.016820e+00 3.461711e+00 3.467762e+00 3.454543e+00 3.446968e+00 4.265388e+00 3.567797e+00 4.027249e+00 3.999603e+00 3.704949e+00 3.588970e+00 3.490181e+00 3.489799e+00 3.429671e+00 3.503401e+00 3.469093e+00 3.636673e+00 3.701738e+00 3.718496e+00 3.672621e+00 3.469513e+00 3.454525e+00 3.594319e+00 3.447358e+00 4.067060e+00 3.478538e+00 3.994887e+00 3.428711e+00 3.465667e+00 4.128201e+00 4.024505e+00
1.869396e+00 1.891996e+00 1.820069e+00 2.036635e+00 1.870294e+00 2.045713e+00 2.157639e+00 1.831329e+00 1.837887e+00 1.944172e+00 2.170062e+00 1.853931e+00 2.094748e+00 2.181491e+00 2.162153e+00 2.202445e+00 1.887114e+00 2.053611e+00 2.190765e+00 1.865463e+00 1.854131e+00 2.165636e+00 2.392683e+00 1.838201e+00 2.090281e+00 2.123005e+00 2.107185e+00 1.837492e+00 2.197064e+00 1.825920e+00 2.062080e+00 2.005670e+00 2.076845e+00 1.848578e+00 1.878226e+00 2.286674e+00 1.899861e+00 1.825909e+00 1.826708e+00 1.861925e+00 1.881839e+00 1.987832e+00 1.856840e+00 2.207728e+00 1.854646e+00 1.863408e+00 2.014535e+00 2.202998e+00 2.069736e+00 1.867385e+00 1.853966e+00 2.087331e+00 1.870959e+00 2.228997e+00 1.862224e+00 2.140713e+00 2.156405e+00 1.840919e+00 1.833465e+00 2.065803e+00 2.212581e+00 1.850398e+00 1.826107e+00 2.152835e+00 1.850251e+00 1.864730e+00 2.189909e+00 1.870415e+00 1.833995e+00 2.366120e+00 2.245934e+00 1.899929e+00 1.860828e+00 1.829487e+00 1.828501e+00 2.108006e+00 1.827013e+00 2.179649e+00 1.843106e+00 1.848864e+00 1.835567e+00 1.831416e+00 2.361162e+00 1.902055e+00 2.185385e+00 2.167680e+00 1.980088e+00 1.912156e+00 1.864050e+00 1.858860e+00 1.833944e+00 1.862930e+00 1.848993e+00 1.944166e+00 1.969963e+00 1.990983e+00 1.965095e+00 1.854070e+00 1.838757e+00 1.922019e+00 1.840937e+00 2.210404e+00 1.849978e+00 2.144994e+00 1.821676e+00 1.847964e+00 2.238353e+00 2.188181e+00
6.799431e-02 7.071308e-02 6.725269e-02 7.488299e-02 6.900961e-02 7.692949e-02 7.981911e-02 6.811410e-02 6.812213e-02 7.232543e-02 8.127415e-02 6.920683e-02 7.766588e-02 8.244968e-02 8.136143e-02 8.400801e-02 6.990677e-02 7.600643e-02 8.022232e-02 6.887791e-02 6.919905e-02 8.063783e-02 1.062104e-01 6.702810e-02 7.824409e-02 7.864170e-02 7.885474e-02 6.797528e-02 8.154626e-02 6.745155e-02 7.792777e-02 7.447891e-02 7.773688e-02 6.798990e-02 6.910174e-02 9.035646e-02 6.928002e-02 6.787042e-02 6.728162e-02 6.881479e-02 7.008616e-02 7.326189e-02 6.802704e-02 8.216974e-02 6.714838e-02 6.857063e-02 7.571529e-02 8.242513e-02 7.783570e-02 6.892696e-02 6.846262e-02 7.801456e-02 6.862689e-02 8.395179e-02 6.948297e-02 7.999700e-02 8.073698e-02 6.826949e-02 6.707541e-02 7.673393e-02 8.342675e-02 6.836626e-02 6.704298e-02 8.216927e-02 6.870536e-02 6.904155e-02 8.272631e-02 6.881723e-02 6.652643e-02 8.743169e-02 8.371512e-02 6.943149e-02 6.912844e-02 6.720911e-02 6.768721e-02 7.924604e-02 6.751227e-02 8.072238e-02 6.749161e-02 6.805213e-02 6.840078e-02 6.729360e-02 9.458969e-02 6.974139e-02 8.222684e-02 8.112026e-02 7.370975e-02 6.975600e-02 6.825822e-02 6.780798e-02 6.700162e-02 6.829141e-02 6.837021e-02 7.217072e-02 7.233019e-02 7.337708e-02 7.178374e-02 6.743734e-02 6.733311e-02 7.101170e-02 6.662584e-02 8.364890e-02 6.763591e-02 7.897234e-02 6.589215e-02 6.787989e-02 8.846401e-02 8.245479e-02
