# Version 0.0
# Data /lustre/isaac24/proj/UTK0244/cbaillar/Bayes_HEP/Detroit_tune_Project/input/Data/Data__200__pp__STAR_2020_I1783875__d28-x01-y01.dat
# Observable: $1/N_{jets}$
# Subobservable: $z_{g}$
# Design Design_Rivet.dat
# design_point1 design_point2 design_point3 design_point4 design_point5 design_point6 design_point7 design_point8 design_point9 design_point10 design_point11 design_point12 design_point13 design_point14 design_point15 design_point16 design_point17 design_point18 design_point19 design_point20 design_point21 design_point22 design_point23 design_point24 design_point25 design_point26 design_point27 design_point28 design_point29 design_point30 design_point31 design_point32 design_point33 design_point34 design_point35 design_point36 design_point37 design_point38 design_point39 design_point40 design_point41 design_point42 design_point43 design_point44 design_point45 design_point46 design_point47 design_point48 design_point49 design_point50 design_point51 design_point52 design_point53 design_point54 design_point55 design_point56 design_point57 design_point58 design_point59 design_point60 design_point61 design_point62 design_point63 design_point64 design_point65 design_point66 design_point67 design_point68 design_point69 design_point70 design_point71 design_point72 design_point73 design_point74 design_point75 design_point76 design_point77 design_point78 design_point79 design_point80 design_point81 design_point82 design_point83 design_point84 design_point85 design_point86 design_point87 design_point88 design_point89 design_point90 design_point91 design_point92 design_point93 design_point94 design_point95 design_point96 design_point97 design_point98 design_point99 design_point100 design_point101 design_point102 design_point103 design_point104 design_point105 design_point106 design_point107 design_point108
5.658342e+00 5.660354e+00 5.649942e+00 5.702596e+00 5.673589e+00 5.699200e+00 5.705164e+00 5.663000e+00 5.669152e+00 5.683635e+00 5.715387e+00 5.669447e+00 5.721444e+00 5.700942e+00 5.702437e+00 5.704381e+00 5.677138e+00 5.690768e+00 5.723936e+00 5.659419e+00 5.685236e+00 5.720675e+00 5.807712e+00 5.657815e+00 5.703498e+00 5.704343e+00 5.710654e+00 5.682909e+00 5.711767e+00 5.678426e+00 5.709517e+00 5.688137e+00 5.699061e+00 5.672805e+00 5.666760e+00 5.724706e+00 5.692856e+00 5.667180e+00 5.670180e+00 5.656168e+00 5.665799e+00 5.693739e+00 5.669110e+00 5.727819e+00 5.679815e+00 5.674597e+00 5.676261e+00 5.715995e+00 5.705337e+00 5.670094e+00 5.660040e+00 5.695675e+00 5.682058e+00 5.729298e+00 5.681016e+00 5.704710e+00 5.705315e+00 5.675713e+00 5.686203e+00 5.723378e+00 5.728980e+00 5.675482e+00 5.663271e+00 5.967526e+00 5.674628e+00 5.674013e+00 5.720294e+00 5.666832e+00 5.660591e+00 5.805902e+00 5.719043e+00 5.668803e+00 5.652462e+00 5.660770e+00 5.674993e+00 5.708372e+00 5.675052e+00 5.736910e+00 5.668545e+00 5.674296e+00 5.675070e+00 5.652323e+00 5.774994e+00 5.666281e+00 5.723862e+00 5.706053e+00 5.684205e+00 5.678484e+00 5.661694e+00 5.694004e+00 5.668198e+00 5.698446e+00 5.664700e+00 5.657831e+00 5.702293e+00 5.691921e+00 5.696326e+00 5.682114e+00 5.651793e+00 5.660716e+00 5.676389e+00 5.721666e+00 5.679481e+00 5.673774e+00 5.672135e+00 5.668245e+00 5.765738e+00 5.732894e+00
3.697902e+00 3.697978e+00 3.689909e+00 3.708790e+00 3.694085e+00 3.712442e+00 3.721450e+00 3.694087e+00 3.694535e+00 3.697122e+00 3.719640e+00 3.696251e+00 3.708324e+00 3.718641e+00 3.723673e+00 3.724704e+00 3.694335e+00 3.716218e+00 3.718405e+00 3.681441e+00 3.700958e+00 3.716493e+00 3.698044e+00 3.691023e+00 3.709129e+00 3.724298e+00 3.713177e+00 3.693997e+00 3.724202e+00 3.691846e+00 3.713045e+00 3.704084e+00 3.708833e+00 3.699267e+00 3.695795e+00 3.723450e+00 3.704038e+00 3.684753e+00 3.692147e+00 3.703568e+00 3.693320e+00 3.706787e+00 3.701238e+00 3.728454e+00 3.695107e+00 3.692901e+00 3.702322e+00 3.726277e+00 3.705830e+00 3.698989e+00 3.678354e+00 3.724741e+00 3.703379e+00 3.731045e+00 3.688282e+00 3.717212e+00 3.725160e+00 3.691311e+00 3.696528e+00 3.710721e+00 3.725134e+00 3.698112e+00 3.685851e+00 3.595033e+00 3.696094e+00 3.696987e+00 3.726020e+00 3.685663e+00 3.685486e+00 3.775141e+00 3.730672e+00 3.694723e+00 3.701193e+00 3.701660e+00 3.693985e+00 3.723084e+00 3.696145e+00 3.718072e+00 3.704164e+00 3.698928e+00 3.690068e+00 3.692508e+00 3.712503e+00 3.701528e+00 3.724367e+00 3.717763e+00 3.706651e+00 3.684857e+00 3.695101e+00 3.690876e+00 3.687027e+00 3.693652e+00 3.693752e+00 3.703590e+00 3.706772e+00 3.706455e+00 3.698683e+00 3.695596e+00 3.690853e+00 3.702307e+00 3.687502e+00 3.726583e+00 3.702516e+00 3.720513e+00 3.692072e+00 3.694595e+00 3.712463e+00 3.720406e+00
2.618247e+00 2.621761e+00 2.627261e+00 2.624516e+00 2.631009e+00 2.628675e+00 2.633323e+00 2.627887e+00 2.627383e+00 2.618527e+00 2.631781e+00 2.623508e+00 2.627374e+00 2.631798e+00 2.631906e+00 2.631494e+00 2.627175e+00 2.628723e+00 2.628345e+00 2.622418e+00 2.621211e+00 2.631697e+00 2.637894e+00 2.617984e+00 2.623717e+00 2.625022e+00 2.627355e+00 2.622519e+00 2.636336e+00 2.622753e+00 2.630791e+00 2.624869e+00 2.622042e+00 2.618370e+00 2.624833e+00 2.626934e+00 2.627795e+00 2.622990e+00 2.616266e+00 2.622688e+00 2.619453e+00 2.623537e+00 2.622174e+00 2.622928e+00 2.618937e+00 2.621564e+00 2.629533e+00 2.624292e+00 2.631221e+00 2.624613e+00 2.624096e+00 2.632455e+00 2.623412e+00 2.632843e+00 2.618174e+00 2.637325e+00 2.632454e+00 2.623372e+00 2.625366e+00 2.626311e+00 2.627689e+00 2.622933e+00 2.626476e+00 2.632283e+00 2.622236e+00 2.616524e+00 2.632764e+00 2.624120e+00 2.626068e+00 2.599694e+00 2.636981e+00 2.620237e+00 2.625941e+00 2.632796e+00 2.621359e+00 2.630326e+00 2.623879e+00 2.627723e+00 2.610379e+00 2.623056e+00 2.624430e+00 2.631339e+00 2.618840e+00 2.622192e+00 2.623428e+00 2.633622e+00 2.625493e+00 2.620370e+00 2.629005e+00 2.618721e+00 2.633975e+00 2.620737e+00 2.626230e+00 2.637494e+00 2.618714e+00 2.622284e+00 2.628148e+00 2.622257e+00 2.626831e+00 2.626509e+00 2.621262e+00 2.627871e+00 2.616292e+00 2.633869e+00 2.623370e+00 2.620114e+00 2.611600e+00 2.621747e+00
2.023584e+00 2.022671e+00 2.023707e+00 2.014016e+00 2.017809e+00 2.016914e+00 2.014899e+00 2.021483e+00 2.018050e+00 2.021277e+00 2.013920e+00 2.023998e+00 2.020803e+00 2.016594e+00 2.019491e+00 2.018353e+00 2.021879e+00 2.015544e+00 2.012363e+00 2.028799e+00 2.018410e+00 2.017499e+00 1.964030e+00 2.026481e+00 2.016451e+00 2.019018e+00 2.015158e+00 2.022456e+00 2.011002e+00 2.019971e+00 2.013508e+00 2.019419e+00 2.017196e+00 2.023614e+00 2.019462e+00 2.016685e+00 2.023426e+00 2.027852e+00 2.023603e+00 2.022206e+00 2.022065e+00 2.011291e+00 2.021322e+00 2.018553e+00 2.023800e+00 2.018708e+00 2.019439e+00 2.014128e+00 2.021597e+00 2.021812e+00 2.026563e+00 2.016971e+00 2.021922e+00 2.012229e+00 2.028750e+00 2.019418e+00 2.014821e+00 2.017820e+00 2.020701e+00 2.011716e+00 2.012866e+00 2.023152e+00 2.032615e+00 2.007641e+00 2.020853e+00 2.030292e+00 2.018304e+00 2.027974e+00 2.030681e+00 1.954903e+00 2.014051e+00 2.019473e+00 2.022394e+00 2.019335e+00 2.026359e+00 2.015775e+00 2.021671e+00 2.009029e+00 2.015477e+00 2.017174e+00 2.023390e+00 2.024636e+00 2.010056e+00 2.019287e+00 2.016595e+00 2.020034e+00 2.025443e+00 2.023515e+00 2.022538e+00 2.020170e+00 2.022726e+00 2.014984e+00 2.026117e+00 2.022310e+00 2.018623e+00 2.021295e+00 2.016353e+00 2.021121e+00 2.027734e+00 2.026157e+00 2.011694e+00 2.009180e+00 2.019491e+00 2.023630e+00 2.023176e+00 2.018573e+00 1.993188e+00 2.018262e+00
1.676053e+00 1.671183e+00 1.666506e+00 1.665697e+00 1.667619e+00 1.667288e+00 1.660435e+00 1.672917e+00 1.670703e+00 1.670259e+00 1.658437e+00 1.667817e+00 1.662264e+00 1.656954e+00 1.656662e+00 1.660688e+00 1.671869e+00 1.659710e+00 1.657925e+00 1.676759e+00 1.667981e+00 1.657393e+00 1.645245e+00 1.677704e+00 1.662832e+00 1.657900e+00 1.661388e+00 1.668187e+00 1.653081e+00 1.670474e+00 1.662800e+00 1.663593e+00 1.666836e+00 1.670099e+00 1.670297e+00 1.656729e+00 1.660303e+00 1.677018e+00 1.668314e+00 1.667165e+00 1.677332e+00 1.662124e+00 1.664084e+00 1.653332e+00 1.669281e+00 1.670431e+00 1.667055e+00 1.656352e+00 1.662120e+00 1.669200e+00 1.675502e+00 1.658123e+00 1.660974e+00 1.648789e+00 1.673043e+00 1.659362e+00 1.663353e+00 1.673927e+00 1.668596e+00 1.657765e+00 1.654400e+00 1.669128e+00 1.670024e+00 1.568290e+00 1.671782e+00 1.667584e+00 1.659430e+00 1.674741e+00 1.674378e+00 1.653212e+00 1.656265e+00 1.670628e+00 1.672575e+00 1.671256e+00 1.671365e+00 1.657761e+00 1.668096e+00 1.658449e+00 1.676070e+00 1.673089e+00 1.671032e+00 1.672565e+00 1.654490e+00 1.672931e+00 1.655399e+00 1.658498e+00 1.665314e+00 1.672878e+00 1.670514e+00 1.673546e+00 1.671898e+00 1.674713e+00 1.667691e+00 1.666864e+00 1.665364e+00 1.664261e+00 1.670037e+00 1.669099e+00 1.676104e+00 1.674623e+00 1.670879e+00 1.652858e+00 1.671916e+00 1.661146e+00 1.672667e+00 1.679099e+00 1.665112e+00 1.653542e+00
1.467125e+00 1.466769e+00 1.471371e+00 1.450543e+00 1.463766e+00 1.455307e+00 1.447655e+00 1.461383e+00 1.467451e+00 1.459162e+00 1.443106e+00 1.460788e+00 1.443374e+00 1.452095e+00 1.447054e+00 1.441732e+00 1.466202e+00 1.455516e+00 1.443133e+00 1.468821e+00 1.457642e+00 1.446065e+00 1.472329e+00 1.462271e+00 1.452315e+00 1.444878e+00 1.453400e+00 1.460082e+00 1.445169e+00 1.464360e+00 1.449767e+00 1.455457e+00 1.451267e+00 1.459863e+00 1.461457e+00 1.442831e+00 1.453162e+00 1.455971e+00 1.464499e+00 1.463479e+00 1.457127e+00 1.457810e+00 1.469004e+00 1.440984e+00 1.463344e+00 1.466651e+00 1.451990e+00 1.449041e+00 1.449439e+00 1.461646e+00 1.464255e+00 1.447050e+00 1.456749e+00 1.440837e+00 1.458321e+00 1.440621e+00 1.447717e+00 1.460679e+00 1.454646e+00 1.446431e+00 1.444627e+00 1.451921e+00 1.464290e+00 1.402101e+00 1.462877e+00 1.461450e+00 1.439137e+00 1.464266e+00 1.456724e+00 1.464611e+00 1.440607e+00 1.467728e+00 1.467240e+00 1.461445e+00 1.465054e+00 1.444331e+00 1.463150e+00 1.441722e+00 1.464127e+00 1.461258e+00 1.464166e+00 1.465164e+00 1.444164e+00 1.462220e+00 1.447239e+00 1.448602e+00 1.455676e+00 1.465859e+00 1.460763e+00 1.465565e+00 1.458788e+00 1.456430e+00 1.465860e+00 1.462033e+00 1.450155e+00 1.450324e+00 1.454086e+00 1.459195e+00 1.469309e+00 1.459055e+00 1.468035e+00 1.446967e+00 1.454798e+00 1.451505e+00 1.459893e+00 1.458993e+00 1.451923e+00 1.447518e+00
1.342324e+00 1.341734e+00 1.349598e+00 1.332029e+00 1.340682e+00 1.327869e+00 1.325897e+00 1.343805e+00 1.342365e+00 1.342148e+00 1.326870e+00 1.347085e+00 1.325485e+00 1.329812e+00 1.325139e+00 1.326377e+00 1.335839e+00 1.335176e+00 1.321946e+00 1.343154e+00 1.343135e+00 1.325468e+00 1.338250e+00 1.346344e+00 1.333851e+00 1.329709e+00 1.328348e+00 1.344075e+00 1.324370e+00 1.342826e+00 1.331217e+00 1.333321e+00 1.332562e+00 1.343994e+00 1.343949e+00 1.320203e+00 1.334804e+00 1.351245e+00 1.346654e+00 1.340431e+00 1.347367e+00 1.338035e+00 1.342009e+00 1.324450e+00 1.340024e+00 1.347070e+00 1.341472e+00 1.325988e+00 1.328754e+00 1.343708e+00 1.351200e+00 1.332183e+00 1.344908e+00 1.321862e+00 1.338095e+00 1.326043e+00 1.322685e+00 1.346321e+00 1.337491e+00 1.331246e+00 1.320738e+00 1.349927e+00 1.347883e+00 1.249284e+00 1.344656e+00 1.341267e+00 1.316442e+00 1.349048e+00 1.346733e+00 1.292366e+00 1.317348e+00 1.343906e+00 1.344694e+00 1.338649e+00 1.338582e+00 1.327252e+00 1.343445e+00 1.324299e+00 1.341926e+00 1.339743e+00 1.335832e+00 1.344647e+00 1.322437e+00 1.340859e+00 1.321540e+00 1.329437e+00 1.334330e+00 1.340262e+00 1.345692e+00 1.335481e+00 1.344685e+00 1.338095e+00 1.338830e+00 1.339230e+00 1.332163e+00 1.336379e+00 1.331509e+00 1.341389e+00 1.343204e+00 1.336507e+00 1.348359e+00 1.325131e+00 1.341749e+00 1.332952e+00 1.343408e+00 1.343689e+00 1.326101e+00 1.318633e+00
1.287972e+00 1.290618e+00 1.294650e+00 1.278431e+00 1.286742e+00 1.271373e+00 1.269019e+00 1.289329e+00 1.284894e+00 1.283977e+00 1.269984e+00 1.286994e+00 1.274697e+00 1.270128e+00 1.272203e+00 1.271452e+00 1.283568e+00 1.274845e+00 1.274268e+00 1.290339e+00 1.282372e+00 1.265345e+00 1.237459e+00 1.293890e+00 1.273616e+00 1.275143e+00 1.271540e+00 1.284636e+00 1.271384e+00 1.285721e+00 1.269896e+00 1.285775e+00 1.278647e+00 1.289150e+00 1.290897e+00 1.268174e+00 1.284601e+00 1.285942e+00 1.291259e+00 1.291370e+00 1.290743e+00 1.282648e+00 1.283321e+00 1.265190e+00 1.286475e+00 1.281593e+00 1.287427e+00 1.267379e+00 1.273419e+00 1.283619e+00 1.290020e+00 1.269798e+00 1.284239e+00 1.265014e+00 1.289154e+00 1.273618e+00 1.268604e+00 1.286112e+00 1.290139e+00 1.276135e+00 1.269620e+00 1.285154e+00 1.287575e+00 1.361987e+00 1.283423e+00 1.285850e+00 1.267403e+00 1.284632e+00 1.292699e+00 1.254089e+00 1.265377e+00 1.287405e+00 1.286973e+00 1.286372e+00 1.284175e+00 1.274220e+00 1.284607e+00 1.268960e+00 1.291647e+00 1.287976e+00 1.291296e+00 1.291741e+00 1.262833e+00 1.287508e+00 1.266401e+00 1.265508e+00 1.279832e+00 1.286585e+00 1.285993e+00 1.280146e+00 1.286220e+00 1.286762e+00 1.290094e+00 1.283596e+00 1.282862e+00 1.285096e+00 1.280402e+00 1.285217e+00 1.286592e+00 1.286406e+00 1.290327e+00 1.267934e+00 1.289341e+00 1.276206e+00 1.289535e+00 1.289648e+00 1.273768e+00 1.268766e+00
