# Version 0.0
# Data /lustre/isaac24/proj/UTK0244/cbaillar/Bayes_HEP/Detroit_tune_Project/input/Data/Data__200__pp__PHENIX_2025_I2820229__d08-x01-y04.dat
# Observable: $\frac{1}{N_{jet}}\frac{dN}{rdr}$
# Subobservable: r
# Design Design_Rivet.dat
# design_point1 design_point2 design_point3 design_point4 design_point5 design_point6 design_point7 design_point8 design_point9 design_point10 design_point11 design_point12 design_point13 design_point14 design_point15 design_point16 design_point17 design_point18 design_point19 design_point20 design_point21 design_point22 design_point23 design_point24 design_point25 design_point26 design_point27 design_point28 design_point29 design_point30 design_point31 design_point32 design_point33 design_point34 design_point35 design_point36 design_point37 design_point38 design_point39 design_point40 design_point41 design_point42 design_point43 design_point44 design_point45 design_point46 design_point47 design_point48 design_point49 design_point50 design_point51 design_point52 design_point53 design_point54 design_point55 design_point56 design_point57 design_point58 design_point59 design_point60 design_point61 design_point62 design_point63 design_point64 design_point65 design_point66 design_point67 design_point68 design_point69 design_point70 design_point71 design_point72 design_point73 design_point74 design_point75 design_point76 design_point77 design_point78 design_point79 design_point80 design_point81 design_point82 design_point83 design_point84 design_point85 design_point86 design_point87 design_point88 design_point89 design_point90 design_point91 design_point92 design_point93 design_point94 design_point95 design_point96 design_point97 design_point98 design_point99 design_point100 design_point101 design_point102 design_point103 design_point104 design_point105 design_point106 design_point107 design_point108
8.330842e+02 8.236212e+02 9.222133e+02 8.130639e+02 8.204133e+02 8.139687e+02 8.134362e+02 8.229134e+02 8.258489e+02 8.185188e+02 8.105337e+02 8.264172e+02 8.107711e+02 8.153706e+02 8.060473e+02 8.134719e+02 8.309321e+02 8.151595e+02 8.082890e+02 8.224191e+02 8.236892e+02 8.091916e+02 8.159485e+02 8.197747e+02 8.236095e+02 8.186954e+02 8.072941e+02 8.169648e+02 8.065180e+02 8.219563e+02 8.244186e+02 8.181187e+02 8.203739e+02 8.193539e+02 8.225931e+02 8.059584e+02 8.174813e+02 8.281465e+02 8.177513e+02 8.238391e+02 8.230760e+02 8.225578e+02 8.219693e+02 8.072581e+02 8.252321e+02 8.248523e+02 8.164480e+02 8.097146e+02 8.145989e+02 8.228529e+02 8.285050e+02 8.697560e+02 8.200735e+02 8.024666e+02 8.257518e+02 8.082484e+02 8.084357e+02 8.279257e+02 8.289177e+02 8.205512e+02 8.122882e+02 8.243047e+02 1.362940e+03 8.254474e+02 8.214660e+02 8.243729e+02 8.098638e+02 8.236148e+02 8.163414e+02 8.136895e+02 8.008093e+02 8.241310e+02 1.330930e+03 8.262531e+02 8.262620e+02 8.105955e+02 8.238757e+02 8.124491e+02 8.205079e+02 8.186191e+02 8.232378e+02 8.241723e+02 8.239590e+02 8.330291e+02 8.066408e+02 8.100183e+02 8.201386e+02 8.304338e+02 8.210621e+02 8.185121e+02 8.330281e+02 8.166128e+02 8.298817e+02 8.156673e+02 8.183066e+02 8.188732e+02 8.176899e+02 8.249475e+02 8.171624e+02 8.188616e+02 8.282427e+02 1.051610e+03 8.304007e+02 8.169193e+02 8.239870e+02 8.226295e+02 8.428589e+02 8.059178e+02
4.415582e+02 4.423594e+02 4.406633e+02 4.462336e+02 4.419257e+02 4.462348e+02 4.522278e+02 4.407232e+02 4.407491e+02 4.438935e+02 4.510556e+02 4.410828e+02 4.479426e+02 4.520612e+02 4.496191e+02 4.517279e+02 4.420883e+02 4.497610e+02 4.504876e+02 4.412888e+02 4.410119e+02 4.514380e+02 4.586518e+02 4.403900e+02 4.481435e+02 4.515082e+02 4.471814e+02 4.411630e+02 4.510409e+02 4.403428e+02 4.465236e+02 4.447223e+02 4.533681e+02 4.415483e+02 4.424140e+02 4.520323e+02 4.428095e+02 4.403082e+02 4.409064e+02 4.408307e+02 4.409673e+02 4.445105e+02 4.417870e+02 4.519055e+02 4.411055e+02 4.420104e+02 4.469868e+02 4.499152e+02 4.465325e+02 4.417561e+02 4.413011e+02 4.476982e+02 4.429979e+02 4.513592e+02 4.418425e+02 4.491352e+02 4.495086e+02 4.408803e+02 4.402194e+02 4.480214e+02 4.511950e+02 4.419556e+02 4.411296e+02 4.571069e+02 4.417229e+02 4.416747e+02 4.510818e+02 4.416190e+02 4.407084e+02 4.297893e+02 4.506474e+02 4.431754e+02 4.408487e+02 4.413431e+02 4.402902e+02 4.483728e+02 4.397738e+02 4.517959e+02 4.411568e+02 4.411675e+02 4.404148e+02 4.405804e+02 4.548209e+02 4.419194e+02 4.515530e+02 4.500553e+02 4.447052e+02 4.435768e+02 4.413537e+02 4.416957e+02 4.400309e+02 4.423643e+02 4.407388e+02 4.443193e+02 4.455648e+02 4.449830e+02 4.448697e+02 4.408500e+02 4.414216e+02 4.430081e+02 4.404257e+02 4.512937e+02 4.409547e+02 4.521825e+02 4.402589e+02 4.411693e+02 4.490401e+02 4.498637e+02
2.470786e+02 2.487184e+02 2.455054e+02 2.552362e+02 2.475918e+02 2.558487e+02 2.633557e+02 2.454562e+02 2.466633e+02 2.515093e+02 2.628327e+02 2.466689e+02 2.582381e+02 2.630761e+02 2.615052e+02 2.639111e+02 2.488493e+02 2.589506e+02 2.633796e+02 2.468867e+02 2.471240e+02 2.625519e+02 2.679336e+02 2.457149e+02 2.583669e+02 2.614207e+02 2.577834e+02 2.456681e+02 2.634123e+02 2.453723e+02 2.572445e+02 2.535367e+02 2.635403e+02 2.468628e+02 2.478874e+02 2.666751e+02 2.495144e+02 2.452530e+02 2.451742e+02 2.466261e+02 2.482231e+02 2.534861e+02 2.465619e+02 2.639711e+02 2.464626e+02 2.474782e+02 2.555228e+02 2.631841e+02 2.566495e+02 2.472666e+02 2.468557e+02 2.579946e+02 2.487669e+02 2.642112e+02 2.471402e+02 2.606076e+02 2.605702e+02 2.461364e+02 2.454764e+02 2.569892e+02 2.628492e+02 2.466409e+02 2.455598e+02 2.476516e+02 2.467510e+02 2.472766e+02 2.629159e+02 2.479048e+02 2.457415e+02 2.649397e+02 2.644689e+02 2.494222e+02 2.474086e+02 2.460013e+02 2.449732e+02 2.593345e+02 2.456290e+02 2.626800e+02 2.458747e+02 2.470625e+02 2.459316e+02 2.457214e+02 2.664004e+02 2.493394e+02 2.632601e+02 2.613180e+02 2.537028e+02 2.506723e+02 2.464600e+02 2.474151e+02 2.452669e+02 2.477957e+02 2.463893e+02 2.514400e+02 2.539149e+02 2.539644e+02 2.519376e+02 2.462208e+02 2.459172e+02 2.500549e+02 2.457953e+02 2.633087e+02 2.466645e+02 2.633927e+02 2.452481e+02 2.463064e+02 2.631201e+02 2.620686e+02
1.501964e+02 1.511802e+02 1.477493e+02 1.579494e+02 1.500999e+02 1.585844e+02 1.656999e+02 1.482285e+02 1.488202e+02 1.541027e+02 1.651076e+02 1.492162e+02 1.607777e+02 1.660398e+02 1.636940e+02 1.671277e+02 1.511153e+02 1.612696e+02 1.655246e+02 1.494355e+02 1.496524e+02 1.653084e+02 1.652704e+02 1.482938e+02 1.609344e+02 1.639845e+02 1.608322e+02 1.483020e+02 1.659050e+02 1.483927e+02 1.591170e+02 1.558309e+02 1.664012e+02 1.494731e+02 1.503930e+02 1.681035e+02 1.525373e+02 1.479289e+02 1.480706e+02 1.494910e+02 1.506756e+02 1.556623e+02 1.496546e+02 1.662038e+02 1.489589e+02 1.499130e+02 1.585914e+02 1.655616e+02 1.589142e+02 1.500465e+02 1.497587e+02 1.608125e+02 1.514798e+02 1.671308e+02 1.494583e+02 1.627720e+02 1.634855e+02 1.486659e+02 1.479430e+02 1.598287e+02 1.655159e+02 1.492545e+02 1.484079e+02 1.635116e+02 1.491988e+02 1.498577e+02 1.659764e+02 1.498872e+02 1.482844e+02 1.627187e+02 1.671300e+02 1.519366e+02 1.495727e+02 1.489205e+02 1.479162e+02 1.617373e+02 1.481425e+02 1.654418e+02 1.490850e+02 1.490490e+02 1.484418e+02 1.482940e+02 1.663813e+02 1.519628e+02 1.656378e+02 1.640374e+02 1.554022e+02 1.535495e+02 1.495514e+02 1.498497e+02 1.478099e+02 1.503097e+02 1.489403e+02 1.539497e+02 1.565451e+02 1.560770e+02 1.547517e+02 1.486902e+02 1.485824e+02 1.527067e+02 1.483956e+02 1.662824e+02 1.493311e+02 1.661280e+02 1.476094e+02 1.487973e+02 1.635763e+02 1.650400e+02
9.632943e+01 9.754125e+01 9.459317e+01 1.036113e+02 9.626394e+01 1.043922e+02 1.111789e+02 9.469528e+01 9.536818e+01 1.000624e+02 1.103092e+02 9.574101e+01 1.063804e+02 1.116497e+02 1.094956e+02 1.123281e+02 9.742217e+01 1.073306e+02 1.106216e+02 9.604021e+01 9.574562e+01 1.105952e+02 1.103098e+02 9.494283e+01 1.067543e+02 1.101956e+02 1.061335e+02 9.487106e+01 1.113539e+02 9.489180e+01 1.052423e+02 1.016290e+02 1.119898e+02 9.585994e+01 9.690058e+01 1.127196e+02 9.864342e+01 9.430628e+01 9.466544e+01 9.593634e+01 9.693704e+01 1.015619e+02 9.569401e+01 1.116254e+02 9.551302e+01 9.622740e+01 1.042757e+02 1.110029e+02 1.045691e+02 9.629517e+01 9.622805e+01 1.063160e+02 9.757658e+01 1.122043e+02 9.614222e+01 1.083455e+02 1.089905e+02 9.529812e+01 9.466797e+01 1.054498e+02 1.109651e+02 9.576576e+01 9.489907e+01 1.145059e+02 9.579611e+01 9.609876e+01 1.110148e+02 9.652327e+01 9.500357e+01 1.122725e+02 1.120862e+02 9.838635e+01 9.599793e+01 9.528322e+01 9.449150e+01 1.073354e+02 9.460357e+01 1.109783e+02 9.557948e+01 9.561502e+01 9.495167e+01 9.483936e+01 1.128117e+02 9.834189e+01 1.110152e+02 1.093341e+02 1.016398e+02 9.943791e+01 9.602157e+01 9.600545e+01 9.440025e+01 9.688589e+01 9.533944e+01 1.000918e+02 1.026350e+02 1.017595e+02 1.009597e+02 9.552189e+01 9.514893e+01 9.879650e+01 9.503594e+01 1.114506e+02 9.580414e+01 1.118395e+02 9.433712e+01 9.542044e+01 1.108106e+02 1.102494e+02
4.700568e+01 4.803588e+01 4.562612e+01 5.274982e+01 4.716939e+01 5.306234e+01 5.907307e+01 4.581475e+01 4.623194e+01 4.978736e+01 5.803766e+01 4.651124e+01 5.455954e+01 5.916991e+01 5.697107e+01 5.950448e+01 4.763330e+01 5.575420e+01 5.852793e+01 4.673561e+01 4.679324e+01 5.815973e+01 5.491399e+01 4.592452e+01 5.499608e+01 5.792264e+01 5.444664e+01 4.612630e+01 5.872093e+01 4.590854e+01 5.366557e+01 5.101940e+01 6.035607e+01 4.671761e+01 4.737401e+01 5.905213e+01 4.887615e+01 4.555121e+01 4.577721e+01 4.642851e+01 4.753968e+01 5.092846e+01 4.674775e+01 5.873817e+01 4.649783e+01 4.699856e+01 5.351811e+01 5.824884e+01 5.338184e+01 4.725798e+01 4.687757e+01 5.460170e+01 4.840246e+01 5.915804e+01 4.692153e+01 5.597269e+01 5.667589e+01 4.637144e+01 4.585934e+01 5.399886e+01 5.835835e+01 4.648503e+01 4.594420e+01 6.136793e+01 4.658986e+01 4.695921e+01 5.845892e+01 4.691639e+01 4.604935e+01 5.629282e+01 5.898974e+01 4.862212e+01 4.699040e+01 4.616059e+01 4.569976e+01 5.535265e+01 4.562074e+01 5.818514e+01 4.638489e+01 4.652271e+01 4.595048e+01 4.587738e+01 5.842074e+01 4.849867e+01 5.838169e+01 5.681935e+01 5.114242e+01 4.958292e+01 4.687222e+01 4.689520e+01 4.574025e+01 4.764115e+01 4.631824e+01 4.992675e+01 5.192864e+01 5.121114e+01 5.048502e+01 4.629272e+01 4.607822e+01 4.891034e+01 4.596970e+01 5.887071e+01 4.653546e+01 5.971976e+01 4.552554e+01 4.635788e+01 5.699839e+01 5.769226e+01
