# Version 0.0
# Data /lustre/isaac24/proj/UTK0244/cbaillar/Bayes_HEP/Detroit_tune_Project/input/Data/Data__200__pp__STAR_2019_I1771348__d02-x01-y02.dat
# Observable: $ \langle \frac{dN_{ch}}{d\eta d\phi} \rangle$
# Subobservable: Leading jet $p_{T} [GeV/c]$
# Design Design_Rivet.dat
# design_point1 design_point2 design_point3 design_point4 design_point5 design_point6 design_point7 design_point8 design_point9 design_point10 design_point11 design_point12 design_point13 design_point14 design_point15 design_point16 design_point17 design_point18 design_point19 design_point20 design_point21 design_point22 design_point23 design_point24 design_point25 design_point26 design_point27 design_point28 design_point29 design_point30 design_point31 design_point32 design_point33 design_point34 design_point35 design_point36 design_point37 design_point38 design_point39 design_point40 design_point41 design_point42 design_point43 design_point44 design_point45 design_point46 design_point47 design_point48 design_point49 design_point50 design_point51 design_point52 design_point53 design_point54 design_point55 design_point56 design_point57 design_point58 design_point59 design_point60 design_point61 design_point62 design_point63 design_point64 design_point65 design_point66 design_point67 design_point68 design_point69 design_point70 design_point71 design_point72 design_point73 design_point74 design_point75 design_point76 design_point77 design_point78 design_point79 design_point80 design_point81 design_point82 design_point83 design_point84 design_point85 design_point86 design_point87 design_point88 design_point89 design_point90 design_point91 design_point92 design_point93 design_point94 design_point95 design_point96 design_point97 design_point98 design_point99 design_point100 design_point101 design_point102 design_point103 design_point104 design_point105 design_point106 design_point107 design_point108
2.019188e-01 2.537506e-01 1.431541e-01 4.569988e-01 2.128269e-01 4.988502e-01 8.174969e-01 1.470315e-01 1.676747e-01 3.353575e-01 7.601566e-01 1.797074e-01 5.611871e-01 8.374524e-01 7.597347e-01 8.410511e-01 2.261611e-01 8.029566e-01 8.046737e-01 1.888211e-01 1.874698e-01 7.633556e-01 7.091708e-01 1.524108e-01 5.892905e-01 8.186749e-01 6.793620e-01 1.570432e-01 8.264808e-01 1.486156e-01 5.075060e-01 6.139794e-01 8.516825e-01 1.864862e-01 2.374905e-01 7.494654e-01 3.525621e-01 1.387308e-01 1.514966e-01 1.800905e-01 2.181961e-01 3.789411e-01 1.862792e-01 8.198490e-01 1.762761e-01 1.973969e-01 7.503373e-01 7.718292e-01 7.028481e-01 2.104644e-01 1.941667e-01 7.798720e-01 2.601171e-01 8.306812e-01 1.943579e-01 6.558411e-01 6.712180e-01 1.629523e-01 1.431537e-01 5.368277e-01 8.154509e-01 1.802896e-01 1.583685e-01 6.943844e-01 1.842495e-01 2.001428e-01 8.222225e-01 1.654680e-01 1.525862e-01 7.175720e-01 8.285671e-01 2.664783e-01 1.935606e-01 1.502493e-01 1.430372e-01 6.078626e-01 1.417312e-01 7.765143e-01 1.732633e-01 1.826978e-01 1.528199e-01 1.511189e-01 7.400411e-01 3.952673e-01 7.858855e-01 7.046282e-01 3.802693e-01 3.190760e-01 1.863009e-01 2.169015e-01 1.393397e-01 2.576372e-01 1.718306e-01 3.276749e-01 4.211423e-01 3.906732e-01 3.595048e-01 1.710122e-01 1.642115e-01 2.771891e-01 1.532783e-01 7.878488e-01 1.855021e-01 8.476287e-01 1.411510e-01 1.677997e-01 7.307337e-01 7.808482e-01
2.008293e-01 2.530845e-01 1.452876e-01 4.795139e-01 2.198864e-01 5.254615e-01 8.894379e-01 1.565826e-01 1.644344e-01 3.417498e-01 8.263672e-01 1.814897e-01 5.951613e-01 9.195877e-01 8.424784e-01 9.216337e-01 2.271758e-01 8.850236e-01 8.834338e-01 1.836403e-01 1.902217e-01 8.302337e-01 7.681768e-01 1.499764e-01 6.349525e-01 9.202421e-01 7.583134e-01 1.665076e-01 9.119504e-01 1.553405e-01 5.355808e-01 7.790606e-01 9.270509e-01 1.871789e-01 2.358622e-01 8.146207e-01 3.519316e-01 1.450278e-01 1.550537e-01 1.855581e-01 2.226145e-01 3.904120e-01 1.912864e-01 8.934392e-01 1.767117e-01 1.983644e-01 8.355278e-01 8.409905e-01 8.274613e-01 2.060948e-01 1.882748e-01 9.231859e-01 2.627960e-01 9.093659e-01 1.944354e-01 7.090569e-01 7.250692e-01 1.652618e-01 1.485788e-01 5.719543e-01 8.969962e-01 1.824503e-01 1.619738e-01 7.522021e-01 1.830416e-01 2.033143e-01 9.086988e-01 1.684905e-01 1.517498e-01 7.678128e-01 9.079594e-01 2.689943e-01 2.017556e-01 1.517944e-01 1.482197e-01 6.545533e-01 1.448130e-01 8.433746e-01 1.756093e-01 1.872712e-01 1.613183e-01 1.548996e-01 8.000938e-01 4.107135e-01 8.581107e-01 7.666342e-01 3.917385e-01 3.146191e-01 1.811093e-01 2.240503e-01 1.420992e-01 2.574597e-01 1.777899e-01 3.328157e-01 4.327859e-01 3.964386e-01 3.676319e-01 1.757911e-01 1.716405e-01 2.784148e-01 1.555921e-01 8.604312e-01 1.870228e-01 9.300783e-01 1.400704e-01 1.689709e-01 7.908752e-01 8.774368e-01
2.002751e-01 2.574077e-01 1.434831e-01 4.759142e-01 2.173750e-01 5.237147e-01 9.231450e-01 1.561681e-01 1.743375e-01 3.456890e-01 8.478759e-01 1.854126e-01 6.036568e-01 9.629130e-01 8.775076e-01 9.598921e-01 2.220004e-01 8.997823e-01 9.137212e-01 1.916220e-01 1.946037e-01 8.532935e-01 7.919546e-01 1.516210e-01 6.341844e-01 9.633775e-01 7.838602e-01 1.700373e-01 9.579675e-01 1.566535e-01 5.298591e-01 8.641385e-01 9.517551e-01 1.820259e-01 2.309897e-01 8.418362e-01 3.532035e-01 1.565745e-01 1.593856e-01 1.918822e-01 2.308420e-01 3.799183e-01 1.778829e-01 9.342099e-01 1.844660e-01 1.901060e-01 8.605895e-01 8.705696e-01 8.844097e-01 2.076723e-01 2.032973e-01 9.890107e-01 2.548985e-01 9.409954e-01 1.967220e-01 7.283909e-01 7.380063e-01 1.674786e-01 1.662895e-01 5.809867e-01 9.324918e-01 1.763512e-01 1.637950e-01 7.803476e-01 1.856364e-01 2.186223e-01 9.454522e-01 1.663757e-01 1.437605e-01 7.932458e-01 9.451752e-01 2.586531e-01 1.966032e-01 1.618486e-01 1.543630e-01 6.659122e-01 1.496678e-01 8.752707e-01 1.719924e-01 1.996775e-01 1.686120e-01 1.589269e-01 8.258971e-01 4.009914e-01 8.875555e-01 7.952080e-01 3.927900e-01 2.969156e-01 1.779232e-01 2.000926e-01 1.543321e-01 2.522011e-01 1.735062e-01 3.265624e-01 4.186999e-01 3.955364e-01 3.520172e-01 1.856079e-01 1.655725e-01 2.758327e-01 1.500803e-01 8.930333e-01 1.859378e-01 9.580920e-01 1.470116e-01 1.682903e-01 8.126276e-01 9.218087e-01
2.148591e-01 2.364178e-01 1.476553e-01 4.386184e-01 2.123868e-01 4.972520e-01 9.168876e-01 1.655211e-01 1.577985e-01 3.310887e-01 8.361321e-01 1.846376e-01 5.939255e-01 9.664661e-01 8.686720e-01 9.629290e-01 2.006571e-01 9.013465e-01 9.227833e-01 2.016877e-01 1.792780e-01 8.383853e-01 7.672420e-01 1.585296e-01 5.923932e-01 9.712728e-01 7.682935e-01 1.615348e-01 9.597867e-01 1.492078e-01 5.132593e-01 8.458305e-01 9.266009e-01 1.862735e-01 2.255983e-01 7.989009e-01 3.278257e-01 1.703210e-01 1.781168e-01 1.843676e-01 2.155937e-01 3.418535e-01 2.069014e-01 9.365007e-01 1.770638e-01 2.067423e-01 8.256442e-01 8.710334e-01 8.614367e-01 2.011898e-01 1.861381e-01 9.975717e-01 2.712300e-01 9.518098e-01 1.869853e-01 6.961565e-01 7.336708e-01 1.710035e-01 1.655889e-01 5.576714e-01 9.287872e-01 1.809144e-01 1.776054e-01 6.966646e-01 2.208619e-01 2.163012e-01 9.542387e-01 1.774363e-01 1.550782e-01 7.116928e-01 9.477833e-01 2.780651e-01 1.788384e-01 1.656511e-01 1.402488e-01 6.294965e-01 1.547434e-01 8.693602e-01 1.798361e-01 1.806980e-01 1.736236e-01 1.452132e-01 7.883522e-01 3.398098e-01 8.866832e-01 7.889660e-01 3.925289e-01 2.756997e-01 1.906734e-01 2.186742e-01 1.472103e-01 2.194175e-01 1.875135e-01 3.120220e-01 3.958102e-01 3.918199e-01 3.383106e-01 1.641013e-01 1.743705e-01 2.683704e-01 1.725940e-01 8.856164e-01 1.911605e-01 9.542982e-01 1.597636e-01 1.713147e-01 7.820279e-01 9.436269e-01
1.966032e-01 2.321467e-01 1.339825e-01 4.044408e-01 1.839773e-01 4.446976e-01 8.193533e-01 1.599507e-01 1.686696e-01 3.150618e-01 7.372618e-01 1.668560e-01 5.149517e-01 8.509740e-01 7.758803e-01 8.360650e-01 2.387324e-01 7.044079e-01 8.293315e-01 2.030341e-01 1.598654e-01 7.037417e-01 7.244294e-01 1.368344e-01 5.620383e-01 8.492223e-01 7.169599e-01 2.039173e-01 8.888618e-01 1.346696e-01 4.696192e-01 7.066479e-01 8.221248e-01 1.624365e-01 2.211210e-01 7.643816e-01 3.165013e-01 1.709107e-01 1.717981e-01 2.430339e-01 2.387324e-01 3.450174e-01 2.018374e-01 8.761642e-01 1.591549e-01 2.413850e-01 6.987556e-01 7.760485e-01 7.346257e-01 1.874161e-01 1.979732e-01 8.351164e-01 3.069417e-01 9.359619e-01 2.284422e-01 6.738284e-01 6.705336e-01 1.816442e-01 1.582608e-01 4.966402e-01 9.011114e-01 1.712646e-01 1.600592e-01 7.070152e-01 1.744583e-01 2.409226e-01 9.442301e-01 1.380903e-01 1.688595e-01 8.355634e-01 9.154657e-01 2.555183e-01 1.691021e-01 1.450526e-01 1.498427e-01 5.461132e-01 1.497135e-01 7.467120e-01 1.973196e-01 1.981930e-01 1.613654e-01 1.432394e-01 8.006718e-01 3.331150e-01 8.130544e-01 7.290247e-01 3.512385e-01 2.497848e-01 1.764544e-01 2.222681e-01 1.939701e-01 2.656861e-01 1.985718e-01 2.652582e-01 4.055390e-01 3.096287e-01 2.949942e-01 2.245503e-01 1.836403e-01 2.622143e-01 1.392606e-01 7.844065e-01 1.905036e-01 8.694970e-01 1.505052e-01 1.919221e-01 6.654031e-01 8.905274e-01
1.989437e-01 1.037967e-01 9.094568e-02 3.089478e-01 2.287852e-01 3.680458e-01 9.094568e-01 2.387324e-01 5.968310e-02 2.387324e-01 4.774649e-01 1.123447e-01 5.819102e-01 7.062501e-01 6.454617e-01 8.967022e-01 3.305525e-01 5.456741e-01 8.713734e-01 1.544739e-01 1.705232e-01 7.400705e-01 1.273239e+00 1.534708e-01 5.092958e-01 6.881110e-01 5.490846e-01 1.790493e-01 7.298391e-01 2.010378e-01 3.655590e-01 7.053457e-01 7.758804e-01 4.547284e-02 1.989437e-01 5.325570e-01 2.387324e-01 1.652763e-01 9.830158e-02 1.023139e-01 1.633432e-01 2.387324e-01 3.342254e-01 6.454617e-01 2.821383e-01 2.387324e-01 5.929805e-01 7.087368e-01 7.012765e-01 3.689501e-01 1.909859e-01 8.687208e-01 1.469123e-01 8.355633e-01 1.193662e-01 4.543617e-01 7.084962e-01 1.141764e-01 1.302177e-01 5.425736e-01 6.631456e-01 1.193662e-01 1.790493e-01 1.034507e+00 2.917841e-01 1.410691e-01 6.624824e-01 4.340589e-02 1.193662e-01 1.193662e+00 7.577160e-01 1.939701e-01 2.519953e-01 2.238116e-01 2.106462e-01 5.216745e-01 1.285482e-01 5.252113e-01 2.387324e-01 1.633432e-01 1.705232e-01 1.652763e-01 7.379001e-01 2.712868e-01 8.921054e-01 6.138833e-01 2.813631e-01 5.172535e-01 3.239940e-01 1.989437e-01 1.534708e-01 2.387324e-01 2.273642e-01 2.821383e-01 4.319919e-01 2.955734e-01 3.183099e-01 1.193662e-01 7.957747e-02 6.820926e-02 7.957747e-02 8.421949e-01 2.088909e-01 8.355634e-01 2.570964e-01 1.044454e-01 5.642766e-01 8.148041e-01
4.177817e-01 3.978873e-01 0.000000e+00 6.366197e-01 nan 2.046278e-01 9.549297e-01 0.000000e+00 4.774647e-01 1.591549e-01 5.968310e-01 0.000000e+00 7.758802e-01 7.639437e-01 5.835681e-01 7.161972e-01 3.580986e-01 9.549295e-01 4.177817e-01 0.000000e+00 1.591549e-01 5.968310e-01 nan 1.432394e-01 7.878169e-01 5.570423e-01 6.293854e-01 1.909859e-01 9.018780e-01 1.023139e-01 3.978873e-01 5.456741e-01 1.671127e+00 2.387324e-01 1.364185e-01 4.433602e-01 2.046278e-01 3.580986e-01 2.387324e-01 2.387324e-01 0.000000e+00 2.728371e-01 0.000000e+00 6.366198e-01 1.591549e-01 2.387324e-01 6.445775e-01 5.039907e-01 2.387324e-01 1.909859e-01 4.774648e-01 4.376760e-01 3.580986e-01 9.890342e-01 0.000000e+00 3.183099e-01 5.642766e-01 2.387324e-01 3.819718e-01 2.984155e-01 6.293854e-01 5.371479e-01 3.410463e-02 2.387324e-01 0.000000e+00 3.978874e-01 5.968310e-01 4.177817e-01 2.387324e-01 nan 8.080175e-01 1.193662e-01 1.591549e-01 2.984155e-01 3.819718e-01 5.305165e-01 8.681178e-02 7.161972e-01 4.774648e-01 5.968310e-02 3.978873e-02 1.193662e-01 1.034507e+00 9.549297e-01 8.355634e-01 1.909859e-01 4.376761e-01 1.705231e-01 2.864789e-01 0.000000e+00 0.000000e+00 4.774648e-01 0.000000e+00 2.387324e-01 2.387324e-01 4.774648e-01 4.774648e-01 2.387324e-01 0.000000e+00 1.193662e-01 0.000000e+00 4.774648e-01 3.580985e-01 7.161972e-01 1.591549e-01 0.000000e+00 5.968310e-01 8.355635e-01
nan nan nan nan nan nan nan nan nan nan nan nan nan 3.580986e-01 nan nan nan nan nan nan nan nan nan 0.000000e+00 nan nan nan nan nan nan nan nan nan nan 4.774648e-01 nan nan nan 2.387324e-01 nan nan nan nan 4.774648e-01 nan nan nan nan nan nan nan nan nan nan nan nan nan 2.387324e-01 0.000000e+00 1.193662e-01 nan 2.387324e-01 0.000000e+00 nan 2.387324e-01 nan 9.549297e-01 nan nan nan 8.355634e-01 nan nan 0.000000e+00 0.000000e+00 nan nan nan nan nan nan nan nan nan nan 4.774648e-01 nan nan 0.000000e+00 nan nan nan 0.000000e+00 nan nan nan nan nan nan 7.161972e-01 0.000000e+00 nan nan nan nan 2.387324e-01 nan 7.161972e-01
