# Version 0.0
# Data /lustre/isaac24/proj/UTK0244/cbaillar/Bayes_HEP/Detroit_tune_Project/input/Data/Data__200__pp__STAR_2006_I709170TEST__d02-x01-y01.dat
# Observable: $1/(2\pi) \, d^2N/(p_\perp dy dp_\perp)$ [GeV$^{-2}$]
# Subobservable: $p_\perp$ [GeV]
# Design Design_Rivet.dat
# design_point1 design_point2 design_point3 design_point4 design_point5 design_point6 design_point7 design_point8 design_point9 design_point10 design_point11 design_point12 design_point13 design_point14 design_point15 design_point16 design_point17 design_point18 design_point19 design_point20 design_point21 design_point22 design_point23 design_point24 design_point25 design_point26 design_point27 design_point28 design_point29 design_point30 design_point31 design_point32 design_point33 design_point34 design_point35 design_point36 design_point37 design_point38 design_point39 design_point40 design_point41 design_point42 design_point43 design_point44 design_point45 design_point46 design_point47 design_point48 design_point49 design_point50 design_point51 design_point52 design_point53 design_point54 design_point55 design_point56 design_point57 design_point58 design_point59 design_point60 design_point61 design_point62 design_point63 design_point64 design_point65 design_point66 design_point67 design_point68 design_point69 design_point70 design_point71 design_point72 design_point73 design_point74 design_point75 design_point76 design_point77 design_point78 design_point79 design_point80 design_point81 design_point82 design_point83 design_point84 design_point85 design_point86 design_point87 design_point88 design_point89 design_point90 design_point91 design_point92 design_point93 design_point94 design_point95 design_point96 design_point97 design_point98 design_point99 design_point100 design_point101 design_point102 design_point103 design_point104 design_point105 design_point106 design_point107 design_point108
4.477304e-04 4.579744e-04 4.274449e-04 5.275680e-04 4.473136e-04 5.221906e-04 6.339547e-04 4.289747e-04 4.359299e-04 4.851926e-04 6.121959e-04 4.396265e-04 5.539671e-04 6.243416e-04 5.606357e-04 6.380782e-04 4.550210e-04 5.250402e-04 6.142311e-04 4.426310e-04 4.422444e-04 6.195059e-04 6.135338e-04 4.318877e-04 5.468125e-04 5.858675e-04 5.194846e-04 4.327276e-04 6.106853e-04 4.293702e-04 5.424431e-04 4.853001e-04 6.571518e-04 4.425913e-04 4.478888e-04 6.089903e-04 4.604081e-04 4.261174e-04 4.314856e-04 4.407090e-04 4.534788e-04 5.019233e-04 4.420928e-04 6.234049e-04 4.390515e-04 4.814058e-04 5.024487e-04 6.500164e-04 5.457157e-04 4.813976e-04 4.811729e-04 5.749316e-04 5.051328e-04 6.853081e-04 4.445802e-04 5.616008e-04 5.794686e-04 4.352524e-04 4.282998e-04 5.421123e-04 5.798855e-04 4.400242e-04 4.324853e-04 5.843901e-04 4.416638e-04 4.470451e-04 6.045305e-04 4.319824e-04 4.308923e-04 1.220333e-03 6.226323e-04 4.706284e-04 4.450817e-04 4.290079e-04 4.267701e-04 5.605780e-04 4.264308e-04 6.143519e-04 4.392226e-04 4.355204e-04 4.311295e-04 4.299288e-04 6.116045e-04 4.482272e-04 6.171045e-04 5.764616e-04 5.063487e-04 4.813670e-04 4.425849e-04 4.427822e-04 4.269171e-04 4.476639e-04 4.345663e-04 4.894571e-04 5.196697e-04 5.092276e-04 4.943215e-04 4.366936e-04 4.331322e-04 4.735167e-04 4.300414e-04 6.189074e-04 4.395135e-04 6.413767e-04 4.270721e-04 4.358927e-04 6.071721e-04 5.882628e-04
3.016122e-04 3.087961e-04 2.871303e-04 3.576778e-04 3.011234e-04 3.540533e-04 4.327672e-04 2.882333e-04 2.932550e-04 3.274952e-04 4.170628e-04 2.960131e-04 3.763785e-04 4.264947e-04 3.813431e-04 4.364952e-04 3.066779e-04 3.552513e-04 4.191210e-04 2.978808e-04 2.974436e-04 4.218435e-04 4.165856e-04 2.902740e-04 3.712736e-04 3.989093e-04 3.524437e-04 2.908849e-04 4.167591e-04 2.885888e-04 3.682367e-04 3.279672e-04 4.471518e-04 2.977297e-04 3.015250e-04 4.145834e-04 3.105146e-04 2.862725e-04 2.900176e-04 2.965166e-04 3.053791e-04 3.394513e-04 2.976053e-04 4.256262e-04 2.952806e-04 3.239362e-04 3.392111e-04 4.436416e-04 3.697043e-04 3.238393e-04 3.239170e-04 3.902309e-04 3.409257e-04 4.685988e-04 2.993387e-04 3.821076e-04 3.943574e-04 2.927974e-04 2.878602e-04 3.680795e-04 3.954575e-04 2.960580e-04 2.907509e-04 3.961276e-04 2.973494e-04 3.009346e-04 4.123663e-04 2.906336e-04 2.895970e-04 8.290516e-04 4.259242e-04 3.176816e-04 2.994364e-04 2.881821e-04 2.866608e-04 3.810552e-04 2.867051e-04 4.188243e-04 2.953885e-04 2.931554e-04 2.898094e-04 2.888774e-04 4.160838e-04 3.020285e-04 4.203627e-04 3.926003e-04 3.427290e-04 3.251126e-04 2.977178e-04 2.979505e-04 2.867536e-04 3.013512e-04 2.921222e-04 3.306996e-04 3.519396e-04 3.448242e-04 3.340660e-04 2.937924e-04 2.911963e-04 3.195870e-04 2.889054e-04 4.225298e-04 2.955927e-04 4.378606e-04 2.870486e-04 2.931675e-04 4.124316e-04 4.011363e-04
2.075650e-04 2.125782e-04 1.966786e-04 2.485943e-04 2.071648e-04 2.460760e-04 3.039934e-04 1.973655e-04 2.012985e-04 2.264444e-04 2.919534e-04 2.031635e-04 2.625322e-04 3.000807e-04 2.668294e-04 3.076322e-04 2.111781e-04 2.459003e-04 2.940583e-04 2.047433e-04 2.043205e-04 2.955612e-04 2.905093e-04 1.990173e-04 2.590672e-04 2.793014e-04 2.451746e-04 1.995619e-04 2.928177e-04 1.977097e-04 2.566048e-04 2.270868e-04 3.126994e-04 2.046238e-04 2.073486e-04 2.897854e-04 2.139787e-04 1.960195e-04 1.988338e-04 2.037286e-04 2.102175e-04 2.353322e-04 2.044010e-04 2.992336e-04 2.028387e-04 2.225129e-04 2.341806e-04 3.117963e-04 2.567342e-04 2.225975e-04 2.226283e-04 2.712882e-04 2.348331e-04 3.302402e-04 2.057282e-04 2.671150e-04 2.762103e-04 2.008742e-04 1.970588e-04 2.563235e-04 2.775985e-04 2.032891e-04 1.993712e-04 2.750826e-04 2.043001e-04 2.069458e-04 2.895370e-04 1.991996e-04 1.986088e-04 5.781902e-04 3.000230e-04 2.188836e-04 2.059651e-04 1.975686e-04 1.964691e-04 2.662630e-04 1.962384e-04 2.933714e-04 2.028491e-04 2.012123e-04 1.986471e-04 1.980709e-04 2.909098e-04 2.075886e-04 2.948201e-04 2.750183e-04 2.376105e-04 2.245501e-04 2.045924e-04 2.046914e-04 1.963703e-04 2.071820e-04 2.005650e-04 2.286471e-04 2.442842e-04 2.391990e-04 2.313173e-04 2.014598e-04 1.996916e-04 2.205762e-04 1.979698e-04 2.973692e-04 2.030719e-04 3.076735e-04 1.965845e-04 2.010819e-04 2.881937e-04 2.813275e-04
1.441772e-04 1.481983e-04 1.359148e-04 1.757520e-04 1.440631e-04 1.740562e-04 2.180200e-04 1.366566e-04 1.394609e-04 1.589794e-04 2.085073e-04 1.409728e-04 1.867171e-04 2.157127e-04 1.901561e-04 2.216850e-04 1.470989e-04 1.728370e-04 2.109069e-04 1.423317e-04 1.419333e-04 2.112187e-04 2.062375e-04 1.377902e-04 1.840469e-04 1.995146e-04 1.736629e-04 1.382350e-04 2.101789e-04 1.367951e-04 1.819148e-04 1.593793e-04 2.229996e-04 1.419967e-04 1.441564e-04 2.068822e-04 1.492734e-04 1.354372e-04 1.375897e-04 1.412858e-04 1.463267e-04 1.654273e-04 1.418615e-04 2.150586e-04 1.407248e-04 1.548632e-04 1.637429e-04 2.236099e-04 1.811053e-04 1.547027e-04 1.546632e-04 1.919194e-04 1.640212e-04 2.378696e-04 1.429071e-04 1.903895e-04 1.974764e-04 1.391875e-04 1.364867e-04 1.819721e-04 1.989169e-04 1.410861e-04 1.379155e-04 1.945809e-04 1.417012e-04 1.439095e-04 2.075481e-04 1.377884e-04 1.374867e-04 4.115606e-04 2.163157e-04 1.528963e-04 1.431294e-04 1.366547e-04 1.357167e-04 1.894939e-04 1.357690e-04 2.099196e-04 1.406555e-04 1.393424e-04 1.374692e-04 1.370122e-04 2.073114e-04 1.445090e-04 2.112118e-04 1.964507e-04 1.673493e-04 1.570600e-04 1.421995e-04 1.420940e-04 1.357241e-04 1.439015e-04 1.386970e-04 1.604724e-04 1.723040e-04 1.685651e-04 1.623982e-04 1.397610e-04 1.381604e-04 1.542576e-04 1.369952e-04 2.137270e-04 1.409537e-04 2.207559e-04 1.357665e-04 1.394141e-04 2.051550e-04 2.014980e-04
1.011303e-04 1.042181e-04 9.441143e-05 1.260449e-04 1.008784e-04 1.246469e-04 1.591893e-04 9.508879e-05 9.711096e-05 1.124530e-04 1.514498e-04 9.861018e-05 1.348817e-04 1.580693e-04 1.379566e-04 1.628227e-04 1.033682e-04 1.231459e-04 1.538745e-04 9.954849e-05 9.916757e-05 1.535414e-04 1.485682e-04 9.598555e-05 1.326850e-04 1.449821e-04 1.247030e-04 9.621831e-05 1.535052e-04 9.513734e-05 1.310250e-04 1.131252e-04 1.616804e-04 9.938025e-05 1.010578e-04 1.499663e-04 1.050046e-04 9.429096e-05 9.574299e-05 9.887467e-05 1.027400e-04 1.179078e-04 9.919884e-05 1.573683e-04 9.815171e-05 1.083796e-04 1.155485e-04 1.633558e-04 1.294025e-04 1.083877e-04 1.081656e-04 1.378747e-04 1.155080e-04 1.748071e-04 1.001061e-04 1.379277e-04 1.434222e-04 9.714316e-05 9.483940e-05 1.309976e-04 1.449599e-04 9.849938e-05 9.616714e-05 1.393883e-04 9.894743e-05 1.007776e-04 1.513719e-04 9.604074e-05 9.566145e-05 2.974788e-04 1.586411e-04 1.078713e-04 1.000392e-04 9.492356e-05 9.432039e-05 1.368795e-04 9.426866e-05 1.526830e-04 9.819383e-05 9.710675e-05 9.563911e-05 9.530355e-05 1.502320e-04 1.012829e-04 1.539844e-04 1.427941e-04 1.193275e-04 1.109452e-04 9.934678e-05 9.947182e-05 9.428374e-05 1.008658e-04 9.672744e-05 1.138268e-04 1.231375e-04 1.203390e-04 1.154811e-04 9.745210e-05 9.630526e-05 1.090953e-04 9.541835e-05 1.566053e-04 9.835770e-05 1.613995e-04 9.438911e-05 9.725865e-05 1.484811e-04 1.467094e-04
7.146496e-05 7.395835e-05 6.600106e-05 9.166675e-05 7.118758e-05 9.068553e-05 1.183634e-04 6.654524e-05 6.828376e-05 8.080524e-05 1.119553e-04 6.933970e-05 9.887498e-05 1.178551e-04 1.016353e-04 1.217958e-04 7.331422e-05 8.878598e-05 1.142249e-04 7.007611e-05 6.991076e-05 1.135610e-04 1.088943e-04 6.725075e-05 9.718401e-05 1.069928e-04 9.087765e-05 6.748248e-05 1.142283e-04 6.653332e-05 9.555489e-05 8.124019e-05 1.189904e-04 7.006509e-05 7.138387e-05 1.105932e-04 7.458982e-05 6.566679e-05 6.717640e-05 6.956546e-05 7.281736e-05 8.497659e-05 6.993720e-05 1.172371e-04 6.915823e-05 7.648098e-05 8.263292e-05 1.215112e-04 9.381159e-05 7.655262e-05 7.632566e-05 1.003465e-04 8.216234e-05 1.306822e-04 7.065929e-05 1.016248e-04 1.059908e-04 6.816374e-05 6.633824e-05 9.575438e-05 1.076110e-04 6.940208e-05 6.746524e-05 1.014524e-04 6.971782e-05 7.120210e-05 1.123835e-04 6.734628e-05 6.702819e-05 2.184045e-04 1.186252e-04 7.689158e-05 7.063117e-05 6.645835e-05 6.589056e-05 1.005752e-04 6.590286e-05 1.129941e-04 6.906982e-05 6.827816e-05 6.694966e-05 6.672308e-05 1.105666e-04 7.160737e-05 1.140597e-04 1.056985e-04 8.628903e-05 7.926219e-05 7.004707e-05 7.020528e-05 6.588846e-05 7.130240e-05 6.801263e-05 8.168853e-05 8.921637e-05 8.707164e-05 8.305771e-05 6.856911e-05 6.757931e-05 7.783410e-05 6.679531e-05 1.167663e-04 6.924045e-05 1.200308e-04 6.601447e-05 6.826440e-05 1.091209e-04 1.087635e-04
5.110739e-05 5.323620e-05 4.649781e-05 6.770984e-05 5.106775e-05 6.701658e-05 8.955164e-05 4.701373e-05 4.847351e-05 5.885551e-05 8.421639e-05 4.943077e-05 7.378976e-05 8.948043e-05 7.633295e-05 9.280084e-05 5.259265e-05 6.506326e-05 8.641908e-05 5.001849e-05 4.985437e-05 8.548302e-05 8.120404e-05 4.766290e-05 7.247258e-05 8.048978e-05 6.751850e-05 4.789024e-05 8.648353e-05 4.709208e-05 7.108402e-05 5.941793e-05 8.902569e-05 5.006163e-05 5.113465e-05 8.308143e-05 5.385116e-05 4.637447e-05 4.749066e-05 4.966591e-05 5.226082e-05 6.224295e-05 4.981307e-05 8.889561e-05 4.917775e-05 5.467799e-05 6.003611e-05 9.207318e-05 6.918142e-05 5.462513e-05 5.449324e-05 7.439838e-05 5.921698e-05 9.949711e-05 5.049011e-05 7.620775e-05 7.969553e-05 4.841219e-05 4.687585e-05 7.111701e-05 8.139840e-05 4.945270e-05 4.792870e-05 7.491695e-05 4.965976e-05 5.087810e-05 8.500873e-05 4.774440e-05 4.738604e-05 1.630827e-04 9.045644e-05 5.553228e-05 5.045965e-05 4.696135e-05 4.656338e-05 7.533084e-05 4.654504e-05 8.512007e-05 4.908165e-05 4.849426e-05 4.746730e-05 4.718178e-05 8.301414e-05 5.135077e-05 8.610888e-05 7.954233e-05 6.329815e-05 5.730525e-05 4.990047e-05 4.997498e-05 4.662574e-05 5.107024e-05 4.822260e-05 5.954198e-05 6.562507e-05 6.384459e-05 6.066348e-05 4.871693e-05 4.799148e-05 5.647321e-05 4.728451e-05 8.872445e-05 4.923326e-05 9.086957e-05 4.663448e-05 4.856787e-05 8.166511e-05 8.216784e-05
3.711298e-05 3.891718e-05 3.338760e-05 5.095693e-05 3.702995e-05 5.049004e-05 6.898193e-05 3.379548e-05 3.494247e-05 4.353393e-05 6.455168e-05 3.577267e-05 5.611718e-05 6.926288e-05 5.845369e-05 7.199047e-05 3.840977e-05 4.862739e-05 6.655027e-05 3.633059e-05 3.612324e-05 6.550363e-05 6.163765e-05 3.432245e-05 5.502745e-05 6.172557e-05 5.098312e-05 3.443561e-05 6.683937e-05 3.382819e-05 5.377710e-05 4.410716e-05 6.773971e-05 3.628260e-05 3.723503e-05 6.347126e-05 3.947820e-05 3.328845e-05 3.411333e-05 3.591786e-05 3.806223e-05 4.638422e-05 3.612552e-05 6.873142e-05 3.559334e-05 3.975401e-05 4.439799e-05 7.105787e-05 5.194742e-05 3.968273e-05 3.956811e-05 5.620830e-05 4.344502e-05 7.719444e-05 3.655654e-05 5.821283e-05 6.114825e-05 3.493939e-05 3.369972e-05 5.395976e-05 6.284099e-05 3.568631e-05 3.442589e-05 5.641968e-05 3.591445e-05 3.703204e-05 6.556860e-05 3.439394e-05 3.422282e-05 1.241692e-04 7.024434e-05 4.067724e-05 3.661499e-05 3.370000e-05 3.340030e-05 5.732732e-05 3.335812e-05 6.539654e-05 3.549269e-05 3.502655e-05 3.415575e-05 3.401420e-05 6.327633e-05 3.742794e-05 6.615277e-05 6.097865e-05 4.724060e-05 4.224236e-05 3.623784e-05 3.622662e-05 3.338381e-05 3.724876e-05 3.477760e-05 4.404585e-05 4.906907e-05 4.775448e-05 4.514830e-05 3.522020e-05 3.460129e-05 4.151236e-05 3.395325e-05 6.859480e-05 3.575576e-05 7.008149e-05 3.337793e-05 3.506114e-05 6.220935e-05 6.325715e-05
2.756425e-05 2.899381e-05 2.438989e-05 3.909868e-05 2.750577e-05 3.871285e-05 5.409777e-05 2.481625e-05 2.573477e-05 3.282661e-05 5.033385e-05 2.643667e-05 4.340929e-05 5.452833e-05 4.552826e-05 5.675764e-05 2.859274e-05 3.697621e-05 5.218588e-05 2.687016e-05 2.671656e-05 5.103079e-05 4.739932e-05 2.515084e-05 4.246262e-05 4.809911e-05 3.937121e-05 2.536905e-05 5.243054e-05 2.486663e-05 4.139123e-05 3.343878e-05 5.241781e-05 2.682349e-05 2.757377e-05 4.924399e-05 2.951887e-05 2.434788e-05 2.510215e-05 2.648311e-05 2.834029e-05 3.531988e-05 2.667774e-05 5.403504e-05 2.623218e-05 2.940355e-05 3.355133e-05 5.586462e-05 3.985012e-05 2.939067e-05 2.925924e-05 4.320005e-05 3.236541e-05 6.089143e-05 2.713575e-05 4.531136e-05 4.767058e-05 2.568365e-05 2.476562e-05 4.167174e-05 4.925311e-05 2.634725e-05 2.529028e-05 4.315330e-05 2.654278e-05 2.732508e-05 5.142229e-05 2.520964e-05 2.503801e-05 9.573872e-05 5.549769e-05 3.043205e-05 2.708339e-05 2.468354e-05 2.442498e-05 4.448361e-05 2.439781e-05 5.097315e-05 2.613465e-05 2.576635e-05 2.505548e-05 2.482172e-05 4.913705e-05 2.795530e-05 5.174684e-05 4.763650e-05 3.595686e-05 3.165286e-05 2.677137e-05 2.684149e-05 2.448750e-05 2.758984e-05 2.562121e-05 3.329962e-05 3.749569e-05 3.633202e-05 3.415940e-05 2.586093e-05 2.537678e-05 3.120878e-05 2.486920e-05 5.404024e-05 2.625322e-05 5.482391e-05 2.436373e-05 2.572742e-05 4.817077e-05 4.958999e-05
1.313695e-05 1.392591e-05 1.147290e-05 1.942804e-05 1.313502e-05 1.929965e-05 2.752468e-05 1.169186e-05 1.214878e-05 1.600656e-05 2.550866e-05 1.253435e-05 2.182748e-05 2.797365e-05 2.317145e-05 2.923130e-05 1.371214e-05 1.822800e-05 2.665449e-05 1.274967e-05 1.268562e-05 2.583652e-05 2.372872e-05 1.185371e-05 2.137253e-05 2.441491e-05 1.973324e-05 1.195290e-05 2.689905e-05 1.166729e-05 2.071564e-05 1.645527e-05 2.621246e-05 1.271970e-05 1.321872e-05 2.488744e-05 1.427200e-05 1.142432e-05 1.180290e-05 1.257627e-05 1.355838e-05 1.733515e-05 1.264944e-05 2.770055e-05 1.246015e-05 1.404098e-05 1.654904e-05 2.857044e-05 1.984965e-05 1.400080e-05 1.392905e-05 2.164939e-05 1.560074e-05 3.134542e-05 1.292086e-05 2.294038e-05 2.419422e-05 1.217324e-05 1.161664e-05 2.081273e-05 2.527579e-05 1.249209e-05 1.194244e-05 2.133835e-05 1.259730e-05 1.304866e-05 2.631093e-05 1.188212e-05 1.179805e-05 4.796250e-05 2.858399e-05 1.463646e-05 1.287280e-05 1.160655e-05 1.150224e-05 2.240956e-05 1.146757e-05 2.593218e-05 1.239164e-05 1.222073e-05 1.181678e-05 1.172923e-05 2.474372e-05 1.344125e-05 2.634903e-05 2.423716e-05 1.768225e-05 1.527909e-05 1.273726e-05 1.281672e-05 1.149780e-05 1.320795e-05 1.212139e-05 1.622417e-05 1.845482e-05 1.787878e-05 1.672564e-05 1.226080e-05 1.198725e-05 1.509382e-05 1.175800e-05 2.769938e-05 1.250915e-05 2.797128e-05 1.149032e-05 1.220651e-05 2.421233e-05 2.532345e-05
8.033111e-06 8.543963e-06 6.879026e-06 1.239014e-05 8.024508e-06 1.234721e-05 1.811251e-05 7.001597e-06 7.352113e-06 9.990535e-06 1.661889e-05 7.581073e-06 1.416527e-05 1.856878e-05 1.523189e-05 1.946640e-05 8.403014e-06 1.153088e-05 1.754347e-05 7.750955e-06 7.719572e-06 1.680561e-05 1.516895e-05 7.146366e-06 1.385770e-05 1.603451e-05 1.280714e-05 7.205814e-06 1.779847e-05 7.033112e-06 1.329482e-05 1.037339e-05 1.680626e-05 7.732447e-06 8.109028e-06 1.613775e-05 8.840062e-06 6.843364e-06 7.066849e-06 7.642236e-06 8.294775e-06 1.091663e-05 7.665586e-06 1.836481e-05 7.549515e-06 8.527282e-06 1.052875e-05 1.894015e-05 1.276465e-05 8.545442e-06 8.476854e-06 1.398425e-05 9.599585e-06 2.091612e-05 7.873446e-06 1.499318e-05 1.586810e-05 7.369805e-06 6.968815e-06 1.342845e-05 1.680823e-05 7.585774e-06 7.213420e-06 1.348970e-05 7.638695e-06 7.972626e-06 1.738155e-05 7.216323e-06 7.115235e-06 3.081689e-05 1.908347e-05 9.052429e-06 7.844385e-06 6.983966e-06 6.875216e-06 1.458821e-05 6.876188e-06 1.694980e-05 7.489883e-06 7.391533e-06 7.111695e-06 7.084431e-06 1.599525e-05 8.275463e-06 1.726799e-05 1.594096e-05 1.116943e-05 9.423068e-06 7.735878e-06 7.794677e-06 6.898422e-06 8.089968e-06 7.327111e-06 1.013012e-05 1.166733e-05 1.128714e-05 1.047549e-05 7.418731e-06 7.242352e-06 9.344080e-06 7.051133e-06 1.841657e-05 7.582756e-06 1.838905e-05 6.888067e-06 7.388802e-06 1.560548e-05 1.676243e-05
5.168941e-06 5.555687e-06 4.390696e-06 8.213266e-06 5.176108e-06 8.224937e-06 1.224938e-05 4.498287e-06 4.680891e-06 6.528718e-06 1.115307e-05 4.882663e-06 9.491018e-06 1.270066e-05 1.038663e-05 1.336049e-05 5.437402e-06 7.598926e-06 1.196242e-05 4.971133e-06 4.965319e-06 1.129720e-05 1.001575e-05 4.563970e-06 9.301326e-06 1.087456e-05 8.639433e-06 4.612813e-06 1.215143e-05 4.484997e-06 8.858012e-06 6.900259e-06 1.109635e-05 4.981266e-06 5.218949e-06 1.080693e-05 5.771233e-06 4.389389e-06 4.534759e-06 4.923092e-06 5.369155e-06 7.173863e-06 4.940258e-06 1.250598e-05 4.845922e-06 5.494337e-06 7.073377e-06 1.295336e-05 8.550421e-06 5.495328e-06 5.451858e-06 9.380476e-06 6.202775e-06 1.433253e-05 5.092587e-06 1.013329e-05 1.073511e-05 4.724441e-06 4.450813e-06 9.001667e-06 1.154481e-05 4.863953e-06 4.618785e-06 8.797315e-06 4.909186e-06 5.144572e-06 1.186191e-05 4.605512e-06 4.528039e-06 2.028217e-05 1.314291e-05 5.826812e-06 5.063677e-06 4.475826e-06 4.390723e-06 9.801315e-06 4.392693e-06 1.142597e-05 4.803137e-06 4.753255e-06 4.555154e-06 4.504587e-06 1.065365e-05 5.400558e-06 1.163752e-05 1.084598e-05 7.351320e-06 6.111914e-06 4.977019e-06 5.037788e-06 4.393790e-06 5.236243e-06 4.694589e-06 6.607368e-06 7.662512e-06 7.434583e-06 6.866218e-06 4.752323e-06 4.619547e-06 6.089725e-06 4.529440e-06 1.259188e-05 4.871228e-06 1.247305e-05 4.406818e-06 4.724361e-06 1.037780e-05 1.141965e-05
3.478899e-06 3.738389e-06 2.935989e-06 5.583358e-06 3.477548e-06 5.627762e-06 8.468297e-06 2.992627e-06 3.152501e-06 4.424230e-06 7.650822e-06 3.290403e-06 6.519771e-06 8.905376e-06 7.235356e-06 9.330229e-06 3.664077e-06 5.144582e-06 8.262451e-06 3.362849e-06 3.339621e-06 7.720616e-06 6.746147e-06 3.068906e-06 6.387675e-06 7.562610e-06 5.995553e-06 3.096310e-06 8.462653e-06 2.991496e-06 6.071176e-06 4.693575e-06 7.498927e-06 3.330802e-06 3.533749e-06 7.376715e-06 3.891846e-06 2.918933e-06 3.012397e-06 3.286976e-06 3.604771e-06 4.874220e-06 3.309364e-06 8.724763e-06 3.250996e-06 3.683813e-06 4.863449e-06 9.019952e-06 5.893236e-06 3.715439e-06 3.652803e-06 6.479116e-06 4.153264e-06 1.001908e-05 3.382325e-06 7.028301e-06 7.443016e-06 3.150685e-06 2.954135e-06 6.145980e-06 8.117333e-06 3.229221e-06 3.090099e-06 5.867151e-06 3.279744e-06 3.437639e-06 8.274586e-06 3.089116e-06 3.039224e-06 1.368230e-05 9.226382e-06 3.925114e-06 3.374770e-06 2.993948e-06 2.931242e-06 6.759751e-06 2.925544e-06 7.865977e-06 3.234985e-06 3.190364e-06 3.036403e-06 3.018810e-06 7.238017e-06 3.662749e-06 8.056338e-06 7.539361e-06 4.959539e-06 4.137582e-06 3.347685e-06 3.382759e-06 2.928329e-06 3.526590e-06 3.157283e-06 4.484361e-06 5.206376e-06 5.037450e-06 4.658673e-06 3.185646e-06 3.118372e-06 4.094418e-06 3.031220e-06 8.804317e-06 3.266210e-06 8.625187e-06 2.936375e-06 3.157131e-06 7.022641e-06 7.994167e-06
1.237183e-06 1.331537e-06 1.056072e-06 2.011976e-06 1.241861e-06 2.030044e-06 3.050360e-06 1.072993e-06 1.123981e-06 1.583058e-06 2.733053e-06 1.175802e-06 2.362826e-06 3.266470e-06 2.666300e-06 3.439529e-06 1.303856e-06 1.827923e-06 3.014086e-06 1.200830e-06 1.195397e-06 2.757180e-06 2.359921e-06 1.085479e-06 2.321799e-06 2.774143e-06 2.198709e-06 1.109640e-06 3.110194e-06 1.075787e-06 2.177923e-06 1.719647e-06 2.641808e-06 1.188533e-06 1.257174e-06 2.611806e-06 1.398397e-06 1.046777e-06 1.084499e-06 1.178669e-06 1.289135e-06 1.747402e-06 1.182672e-06 3.185162e-06 1.156750e-06 1.315561e-06 1.797487e-06 3.326590e-06 2.176376e-06 1.324150e-06 1.308702e-06 2.371954e-06 1.486995e-06 3.689594e-06 1.218092e-06 2.559476e-06 2.715427e-06 1.124619e-06 1.064949e-06 2.230496e-06 3.016499e-06 1.161455e-06 1.113911e-06 2.017305e-06 1.167669e-06 1.233556e-06 3.023236e-06 1.101490e-06 1.086890e-06 4.769724e-06 3.416811e-06 1.402071e-06 1.213812e-06 1.073156e-06 1.051945e-06 2.452751e-06 1.051631e-06 2.812612e-06 1.148441e-06 1.138375e-06 1.091109e-06 1.079018e-06 2.556904e-06 1.321911e-06 2.894161e-06 2.758548e-06 1.777866e-06 1.462489e-06 1.201925e-06 1.221876e-06 1.052134e-06 1.265278e-06 1.125488e-06 1.590862e-06 1.865194e-06 1.807187e-06 1.673824e-06 1.148899e-06 1.111193e-06 1.472547e-06 1.075927e-06 3.245735e-06 1.172559e-06 3.116108e-06 1.052568e-06 1.134053e-06 2.480890e-06 2.932006e-06
5.683284e-07 6.084460e-07 4.810460e-07 8.996100e-07 5.731808e-07 9.199758e-07 1.338295e-06 4.922541e-07 5.136674e-07 7.154188e-07 1.174285e-06 5.446856e-07 1.062559e-06 1.477104e-06 1.220200e-06 1.557267e-06 6.046377e-07 7.876279e-07 1.331186e-06 5.549429e-07 5.494419e-07 1.178988e-06 9.709292e-07 5.041693e-07 1.044744e-06 1.260198e-06 1.013507e-06 5.069524e-07 1.406622e-06 4.989679e-07 9.711228e-07 7.955654e-07 1.113830e-06 5.532870e-07 5.746206e-07 1.114152e-06 6.469408e-07 4.849112e-07 4.971030e-07 5.480148e-07 5.936314e-07 7.920654e-07 5.436941e-07 1.424663e-06 5.335189e-07 6.116419e-07 8.351572e-07 1.517703e-06 1.008382e-06 6.046520e-07 6.022950e-07 1.082290e-06 6.818386e-07 1.667133e-06 5.607959e-07 1.162765e-06 1.225335e-06 5.243929e-07 4.901233e-07 1.002920e-06 1.385091e-06 5.319720e-07 5.151331e-07 8.150305e-07 5.430211e-07 5.707937e-07 1.365615e-06 5.137875e-07 5.030237e-07 1.956086e-06 1.559179e-06 6.368566e-07 5.596003e-07 4.955953e-07 4.860662e-07 1.111025e-06 4.842123e-07 1.226157e-06 5.289654e-07 5.340042e-07 5.052581e-07 4.981409e-07 1.081684e-06 6.119933e-07 1.269650e-06 1.254994e-06 8.067995e-07 6.635033e-07 5.505569e-07 5.594138e-07 4.886853e-07 5.837557e-07 5.257586e-07 7.214188e-07 8.368066e-07 8.155031e-07 7.512058e-07 5.262632e-07 5.117023e-07 6.686669e-07 5.032998e-07 1.472063e-06 5.375594e-07 1.380666e-06 4.799620e-07 5.258834e-07 1.041015e-06 1.336259e-06
2.931359e-07 3.072417e-07 2.504814e-07 4.448885e-07 2.920219e-07 4.551595e-07 6.302719e-07 2.573900e-07 2.678759e-07 3.617393e-07 5.377403e-07 2.801885e-07 5.142816e-07 7.171495e-07 6.027517e-07 7.546204e-07 3.093007e-07 3.634321e-07 6.319842e-07 2.814325e-07 2.821670e-07 5.378449e-07 4.320855e-07 2.609647e-07 5.120942e-07 6.123532e-07 5.035981e-07 2.684210e-07 6.755930e-07 2.591918e-07 4.846738e-07 3.996140e-07 5.045334e-07 2.796250e-07 2.982139e-07 5.066925e-07 3.296269e-07 2.500173e-07 2.609563e-07 2.833016e-07 2.998718e-07 3.982734e-07 2.864791e-07 6.770942e-07 2.759285e-07 3.195315e-07 4.210121e-07 7.307534e-07 5.022011e-07 3.187437e-07 3.050187e-07 5.323806e-07 3.483168e-07 7.941108e-07 2.882422e-07 5.694747e-07 5.938465e-07 2.718892e-07 2.556146e-07 4.935113e-07 6.784610e-07 2.818610e-07 2.569096e-07 3.557258e-07 2.795351e-07 2.953169e-07 6.560104e-07 2.676051e-07 2.623648e-07 8.648845e-07 7.522244e-07 3.213503e-07 2.850452e-07 2.575745e-07 2.514989e-07 5.424834e-07 2.479862e-07 5.621056e-07 2.747595e-07 2.780611e-07 2.641122e-07 2.587975e-07 4.844705e-07 3.144908e-07 5.899666e-07 6.075768e-07 3.994951e-07 3.379569e-07 2.814817e-07 2.904368e-07 2.570369e-07 3.006037e-07 2.701459e-07 3.652806e-07 4.153930e-07 4.033539e-07 3.771842e-07 2.695802e-07 2.663724e-07 3.393567e-07 2.623754e-07 7.167726e-07 2.803906e-07 6.519120e-07 2.480870e-07 2.741387e-07 4.669672e-07 6.509238e-07
1.622380e-07 1.758156e-07 1.411203e-07 2.398615e-07 1.663233e-07 2.428540e-07 3.139770e-07 1.457647e-07 1.539094e-07 2.019856e-07 2.659065e-07 1.589848e-07 2.731931e-07 3.656598e-07 3.166633e-07 3.836735e-07 1.705406e-07 1.785507e-07 3.155695e-07 1.643122e-07 1.567007e-07 2.628626e-07 2.029867e-07 1.487183e-07 2.665537e-07 3.173565e-07 2.644953e-07 1.521697e-07 3.429082e-07 1.458437e-07 2.538076e-07 2.231202e-07 2.446772e-07 1.571336e-07 1.671718e-07 2.468500e-07 1.809968e-07 1.429348e-07 1.473990e-07 1.593304e-07 1.701893e-07 2.121349e-07 1.623685e-07 3.395490e-07 1.532761e-07 1.740129e-07 2.285580e-07 3.844023e-07 2.731829e-07 1.751462e-07 1.733539e-07 2.801648e-07 1.922903e-07 4.075993e-07 1.612840e-07 2.970612e-07 3.110017e-07 1.535127e-07 1.427695e-07 2.589561e-07 3.498022e-07 1.574993e-07 1.500666e-07 1.684453e-07 1.526557e-07 1.629669e-07 3.346029e-07 1.469969e-07 1.490172e-07 4.162852e-07 3.860256e-07 1.822695e-07 1.619727e-07 1.449930e-07 1.433847e-07 2.784799e-07 1.389180e-07 2.760856e-07 1.510080e-07 1.527994e-07 1.471262e-07 1.461899e-07 2.351542e-07 1.775477e-07 2.931059e-07 3.179772e-07 2.191153e-07 1.885695e-07 1.577721e-07 1.630259e-07 1.410373e-07 1.707775e-07 1.503074e-07 2.008783e-07 2.245655e-07 2.159624e-07 2.091845e-07 1.548070e-07 1.505958e-07 1.888776e-07 1.469983e-07 3.651103e-07 1.570709e-07 3.265172e-07 1.395910e-07 1.497290e-07 2.248269e-07 3.366875e-07
9.917689e-08 1.027977e-07 8.965779e-08 1.348784e-07 9.613368e-08 1.349505e-07 1.649976e-07 8.748359e-08 9.403617e-08 1.168857e-07 1.381381e-07 9.491656e-08 1.567326e-07 1.989403e-07 1.742130e-07 2.084204e-07 1.027713e-07 9.630912e-08 1.662411e-07 9.668499e-08 9.717866e-08 1.349444e-07 1.040215e-07 8.690658e-08 1.521838e-07 1.751553e-07 1.541363e-07 8.804553e-08 1.851033e-07 8.763816e-08 1.436188e-07 1.250360e-07 1.287380e-07 9.907659e-08 9.634296e-08 1.254537e-07 1.063273e-07 8.572297e-08 8.567477e-08 9.525509e-08 9.842157e-08 1.232504e-07 9.268179e-08 1.784559e-07 9.087568e-08 1.056096e-07 1.346896e-07 2.082045e-07 1.531599e-07 1.031883e-07 1.062690e-07 1.553591e-07 1.123508e-07 2.211626e-07 9.770178e-08 1.640134e-07 1.690745e-07 9.104373e-08 8.889667e-08 1.481321e-07 1.952069e-07 9.443691e-08 9.164947e-08 8.418629e-08 9.281523e-08 9.695110e-08 1.808905e-07 8.572565e-08 8.897660e-08 2.094395e-07 2.122455e-07 1.041610e-07 9.681135e-08 8.524459e-08 8.739812e-08 1.583177e-07 9.038322e-08 1.409819e-07 9.115851e-08 9.316210e-08 9.053073e-08 8.431106e-08 1.190024e-07 1.061571e-07 1.506368e-07 1.760197e-07 1.241956e-07 1.109636e-07 9.250388e-08 9.545581e-08 8.895143e-08 9.900157e-08 9.186306e-08 1.140920e-07 1.266667e-07 1.271926e-07 1.189477e-07 9.349359e-08 9.080742e-08 1.090885e-07 8.836329e-08 2.004068e-07 9.224489e-08 1.726500e-07 8.659836e-08 9.499418e-08 1.114887e-07 1.859595e-07
6.242551e-08 6.670558e-08 5.361548e-08 8.116777e-08 6.268107e-08 8.344132e-08 9.233632e-08 5.649554e-08 5.689856e-08 7.349698e-08 7.371566e-08 5.783125e-08 8.763074e-08 1.166492e-07 1.034156e-07 1.162689e-07 6.364449e-08 5.279962e-08 9.157022e-08 5.816341e-08 6.175199e-08 7.313586e-08 5.807619e-08 5.744175e-08 8.921189e-08 1.026408e-07 9.093802e-08 5.504350e-08 1.035099e-07 5.337260e-08 8.594856e-08 7.578664e-08 6.785694e-08 5.939524e-08 6.105685e-08 6.797425e-08 6.502408e-08 5.410536e-08 5.851255e-08 5.933873e-08 6.411392e-08 7.547143e-08 5.993338e-08 1.000371e-07 5.828591e-08 6.688032e-08 7.931745e-08 1.187705e-07 9.084492e-08 6.523638e-08 6.870703e-08 9.215707e-08 7.000131e-08 1.236664e-07 6.065647e-08 9.887795e-08 9.723759e-08 5.597384e-08 5.404424e-08 8.621269e-08 1.105604e-07 6.048829e-08 5.650919e-08 4.529207e-08 5.549141e-08 6.243339e-08 1.029570e-07 5.646983e-08 5.516740e-08 1.040544e-07 1.193935e-07 6.352273e-08 6.061589e-08 5.710924e-08 5.379008e-08 9.226455e-08 5.563481e-08 8.022248e-08 6.002733e-08 5.926761e-08 5.631536e-08 5.421836e-08 6.730725e-08 6.335643e-08 8.313668e-08 1.046144e-07 7.336913e-08 6.603778e-08 5.785326e-08 6.100538e-08 5.558719e-08 6.276683e-08 5.541348e-08 7.073578e-08 7.603895e-08 7.601961e-08 7.594161e-08 5.600644e-08 5.827745e-08 6.999900e-08 5.253030e-08 1.139103e-07 5.830289e-08 9.673546e-08 5.514781e-08 5.510649e-08 6.147084e-08 1.052878e-07
2.396388e-08 2.483054e-08 2.185258e-08 3.149708e-08 2.360783e-08 2.929350e-08 3.008178e-08 2.198002e-08 2.254932e-08 2.749170e-08 2.546832e-08 2.187412e-08 3.454997e-08 4.180609e-08 3.476718e-08 4.112056e-08 2.533665e-08 1.798255e-08 3.336984e-08 2.223988e-08 2.391326e-08 2.407573e-08 1.830773e-08 2.367461e-08 3.145594e-08 3.685904e-08 3.402602e-08 2.194485e-08 3.759492e-08 2.257622e-08 3.202950e-08 2.793345e-08 2.403227e-08 2.322337e-08 2.689018e-08 2.279138e-08 2.572363e-08 2.208494e-08 2.297348e-08 2.290593e-08 2.498050e-08 2.712046e-08 2.433676e-08 3.379128e-08 2.244719e-08 2.400652e-08 3.147577e-08 4.332534e-08 3.554732e-08 2.488829e-08 2.699732e-08 3.514768e-08 2.759139e-08 4.327864e-08 2.502632e-08 3.474858e-08 3.623284e-08 2.211581e-08 2.174608e-08 3.272567e-08 4.252259e-08 2.144716e-08 2.297605e-08 1.388223e-08 2.440776e-08 2.453884e-08 3.557416e-08 2.302430e-08 2.181717e-08 3.478698e-08 4.216167e-08 2.627993e-08 2.200901e-08 2.124433e-08 2.113043e-08 3.513298e-08 2.329331e-08 2.581884e-08 2.374398e-08 2.237713e-08 2.283952e-08 2.319886e-08 2.074697e-08 2.507689e-08 2.833917e-08 3.851633e-08 2.829489e-08 2.577960e-08 2.447728e-08 2.533108e-08 2.234107e-08 2.388458e-08 2.267155e-08 2.618094e-08 2.964025e-08 2.848334e-08 2.801976e-08 2.377922e-08 2.273457e-08 2.636071e-08 2.215482e-08 3.940866e-08 2.315519e-08 3.405080e-08 2.290118e-08 2.282189e-08 2.016766e-08 3.912980e-08
1.110559e-08 1.133009e-08 1.114216e-08 1.367250e-08 1.285295e-08 1.341285e-08 1.288732e-08 1.077906e-08 1.032728e-08 1.236279e-08 1.020834e-08 1.044906e-08 1.423099e-08 1.693714e-08 1.529910e-08 1.798993e-08 1.169271e-08 8.448478e-09 1.393510e-08 1.128093e-08 1.097034e-08 9.763243e-09 6.502960e-09 1.064128e-08 1.493282e-08 1.660331e-08 1.419890e-08 1.037376e-08 1.552931e-08 1.182210e-08 1.516471e-08 1.294457e-08 1.003314e-08 1.219300e-08 1.142825e-08 8.469239e-09 1.126782e-08 1.022883e-08 1.076895e-08 1.196620e-08 1.191140e-08 1.261108e-08 1.036489e-08 1.479972e-08 1.088820e-08 1.321257e-08 1.530971e-08 1.849285e-08 1.669069e-08 1.267309e-08 1.266654e-08 1.552845e-08 1.257161e-08 1.763806e-08 1.171023e-08 1.581729e-08 1.643632e-08 1.097854e-08 1.125844e-08 1.515816e-08 1.702944e-08 1.042607e-08 1.072014e-08 5.391477e-09 1.154773e-08 1.070663e-08 1.467010e-08 1.147935e-08 1.100064e-08 7.234267e-09 1.900857e-08 1.198532e-08 1.140610e-08 9.746514e-09 1.171157e-08 1.510807e-08 1.027194e-08 1.134750e-08 1.124037e-08 1.097688e-08 1.110723e-08 1.120872e-08 8.562008e-09 1.202407e-08 1.118486e-08 1.547737e-08 1.291197e-08 1.172484e-08 1.136051e-08 1.111581e-08 1.050434e-08 1.177262e-08 1.105583e-08 1.280609e-08 1.309236e-08 1.421056e-08 1.370056e-08 1.037643e-08 1.122689e-08 1.180903e-08 1.110037e-08 1.712983e-08 1.092885e-08 1.338218e-08 1.029730e-08 1.121904e-08 7.237355e-09 1.629113e-08
5.676377e-09 5.895706e-09 6.108260e-09 7.353786e-09 6.726440e-09 6.429855e-09 5.169891e-09 5.755538e-09 6.687908e-09 6.480498e-09 4.931064e-09 6.754868e-09 7.937636e-09 7.843076e-09 7.999737e-09 8.617252e-09 6.562719e-09 3.888894e-09 6.220688e-09 5.622343e-09 4.739178e-09 3.930604e-09 3.818279e-09 7.087956e-09 7.592312e-09 8.623693e-09 7.728051e-09 7.063821e-09 7.643338e-09 6.262118e-09 7.620098e-09 7.536133e-09 4.467649e-09 6.265489e-09 5.531668e-09 3.234288e-09 6.150941e-09 4.821261e-09 5.840911e-09 6.411903e-09 6.090489e-09 5.917853e-09 6.684958e-09 6.508243e-09 6.349884e-09 6.582245e-09 7.902299e-09 9.056198e-09 7.714150e-09 6.802350e-09 6.877107e-09 8.459357e-09 6.989560e-09 8.201227e-09 6.004870e-09 7.849261e-09 7.998452e-09 5.763108e-09 6.143547e-09 7.762532e-09 7.343486e-09 5.479417e-09 5.360207e-09 1.914230e-09 6.717336e-09 6.571370e-09 6.696078e-09 5.996968e-09 6.771699e-09 7.353259e-09 8.699480e-09 7.157908e-09 5.969619e-09 5.755610e-09 6.254456e-09 6.187324e-09 6.016503e-09 5.359915e-09 5.089197e-09 6.857179e-09 6.375698e-09 5.878716e-09 3.409567e-09 6.334698e-09 5.121471e-09 8.275418e-09 5.371630e-09 6.534802e-09 6.099097e-09 5.337921e-09 5.915978e-09 6.239478e-09 6.352956e-09 6.577751e-09 7.605831e-09 5.972761e-09 6.516191e-09 7.002333e-09 5.837247e-09 6.750788e-09 5.261181e-09 8.270187e-09 6.301009e-09 6.664292e-09 5.648759e-09 5.183913e-09 4.424354e-09 7.830717e-09
1.821240e-09 2.570103e-09 2.548195e-09 2.430308e-09 1.956888e-09 2.491663e-09 1.314839e-09 2.373695e-09 1.764400e-09 1.665679e-09 1.813467e-09 1.990750e-09 2.322578e-09 2.671485e-09 2.595769e-09 2.496268e-09 2.252320e-09 8.569635e-10 1.507361e-09 1.912106e-09 2.067975e-09 1.494754e-09 1.091835e-09 2.258427e-09 2.466584e-09 2.698546e-09 2.374177e-09 1.796839e-09 2.338450e-09 2.106696e-09 2.104107e-09 2.551226e-09 1.189599e-09 1.519413e-09 1.950892e-09 1.369006e-09 2.444680e-09 1.916125e-09 2.107877e-09 2.426112e-09 2.221001e-09 2.054507e-09 2.240076e-09 1.481413e-09 2.025582e-09 2.357487e-09 2.420302e-09 2.661479e-09 2.982400e-09 2.107454e-09 2.078740e-09 2.685449e-09 2.309619e-09 2.721095e-09 1.989769e-09 2.668996e-09 2.270896e-09 2.032800e-09 1.456998e-09 2.411257e-09 2.685832e-09 2.197334e-09 2.218480e-09 1.086204e-09 1.711395e-09 2.449180e-09 2.009811e-09 2.628541e-09 2.213397e-09 0.000000e+00 2.294697e-09 2.134762e-09 2.230629e-09 1.911918e-09 2.020156e-09 2.360283e-09 2.040877e-09 1.497729e-09 1.821298e-09 1.650295e-09 1.905219e-09 1.584486e-09 1.114900e-09 1.924995e-09 1.866858e-09 2.462388e-09 2.340055e-09 2.017032e-09 2.187162e-09 2.286872e-09 2.170193e-09 1.926801e-09 1.889555e-09 2.370574e-09 2.106294e-09 2.092065e-09 2.024748e-09 2.044766e-09 2.087331e-09 1.939147e-09 1.976523e-09 2.527784e-09 1.792791e-09 2.100442e-09 1.881932e-09 2.865256e-09 1.303046e-09 2.685993e-09
