# Version 0.0
# Data /lustre/isaac24/proj/UTK0244/cbaillar/Bayes_HEP/Detroit_tune_Project/input/Data/Data__200__pp__STAR_2020_I1783875__d19-x01-y01.dat
# Observable: $1/N_{jets}$
# Subobservable: $z_{g}$
# Design Design_Rivet.dat
# design_point1 design_point2 design_point3 design_point4 design_point5 design_point6 design_point7 design_point8 design_point9 design_point10 design_point11 design_point12 design_point13 design_point14 design_point15 design_point16 design_point17 design_point18 design_point19 design_point20 design_point21 design_point22 design_point23 design_point24 design_point25 design_point26 design_point27 design_point28 design_point29 design_point30 design_point31 design_point32 design_point33 design_point34 design_point35 design_point36 design_point37 design_point38 design_point39 design_point40 design_point41 design_point42 design_point43 design_point44 design_point45 design_point46 design_point47 design_point48 design_point49 design_point50 design_point51 design_point52 design_point53 design_point54 design_point55 design_point56 design_point57 design_point58 design_point59 design_point60 design_point61 design_point62 design_point63 design_point64 design_point65 design_point66 design_point67 design_point68 design_point69 design_point70 design_point71 design_point72 design_point73 design_point74 design_point75 design_point76 design_point77 design_point78 design_point79 design_point80 design_point81 design_point82 design_point83 design_point84 design_point85 design_point86 design_point87 design_point88 design_point89 design_point90 design_point91 design_point92 design_point93 design_point94 design_point95 design_point96 design_point97 design_point98 design_point99 design_point100 design_point101 design_point102 design_point103 design_point104 design_point105 design_point106 design_point107 design_point108
6.534216e+00 6.555262e+00 6.476237e+00 6.751328e+00 6.542225e+00 6.767157e+00 6.958946e+00 6.480001e+00 6.497913e+00 6.631501e+00 6.953789e+00 6.517370e+00 6.850068e+00 6.970732e+00 6.914806e+00 6.991891e+00 6.555187e+00 6.807505e+00 6.995275e+00 6.515834e+00 6.515122e+00 6.936477e+00 7.029986e+00 6.487092e+00 6.831893e+00 6.923597e+00 6.833046e+00 6.497443e+00 6.968243e+00 6.486859e+00 6.790550e+00 6.704580e+00 6.891340e+00 6.520062e+00 6.544363e+00 6.929955e+00 6.618491e+00 6.474419e+00 6.485266e+00 6.516706e+00 6.541853e+00 6.683950e+00 6.517413e+00 6.992032e+00 6.510677e+00 6.535598e+00 6.754884e+00 6.965524e+00 6.789264e+00 6.529282e+00 6.523384e+00 6.856724e+00 6.589591e+00 7.009585e+00 6.525290e+00 6.897532e+00 6.907080e+00 6.497381e+00 6.484082e+00 6.823037e+00 6.987689e+00 6.505836e+00 6.493484e+00 7.038433e+00 6.519486e+00 6.524680e+00 6.967543e+00 6.483322e+00 6.487587e+00 6.720879e+00 7.017512e+00 6.573497e+00 6.525079e+00 6.473977e+00 6.479841e+00 6.854515e+00 6.480715e+00 6.949517e+00 6.512969e+00 6.510029e+00 6.478713e+00 6.488564e+00 6.919538e+00 6.583408e+00 6.960112e+00 6.933261e+00 6.684260e+00 6.595669e+00 6.522256e+00 6.535033e+00 6.478094e+00 6.565795e+00 6.505791e+00 6.642710e+00 6.717975e+00 6.700617e+00 6.660353e+00 6.508581e+00 6.495048e+00 6.608036e+00 6.479572e+00 6.974951e+00 6.510118e+00 6.948910e+00 6.478018e+00 6.502077e+00 6.751797e+00 6.978010e+00
3.791981e+00 3.805228e+00 3.780701e+00 3.844138e+00 3.791359e+00 3.862383e+00 3.893125e+00 3.781641e+00 3.789339e+00 3.822316e+00 3.903873e+00 3.787546e+00 3.880236e+00 3.905314e+00 3.906189e+00 3.910100e+00 3.806288e+00 3.861335e+00 3.909393e+00 3.792914e+00 3.800223e+00 3.897780e+00 3.683960e+00 3.787337e+00 3.868810e+00 3.890237e+00 3.882416e+00 3.780977e+00 3.909316e+00 3.783385e+00 3.862667e+00 3.842341e+00 3.859187e+00 3.792021e+00 3.790888e+00 3.886970e+00 3.813343e+00 3.785536e+00 3.783781e+00 3.783504e+00 3.804179e+00 3.831614e+00 3.791418e+00 3.916735e+00 3.790580e+00 3.788147e+00 3.845138e+00 3.916104e+00 3.870897e+00 3.796110e+00 3.788979e+00 3.874739e+00 3.796642e+00 3.931670e+00 3.793446e+00 3.892575e+00 3.893597e+00 3.784255e+00 3.782900e+00 3.867689e+00 3.923140e+00 3.787921e+00 3.795229e+00 3.993971e+00 3.793239e+00 3.795858e+00 3.914150e+00 3.782097e+00 3.784861e+00 4.167033e+00 3.929885e+00 3.804046e+00 3.801356e+00 3.774470e+00 3.790148e+00 3.883436e+00 3.773856e+00 3.901417e+00 3.787238e+00 3.787016e+00 3.786387e+00 3.780700e+00 3.867569e+00 3.809361e+00 3.907519e+00 3.903785e+00 3.837476e+00 3.807384e+00 3.790408e+00 3.800000e+00 3.782011e+00 3.797705e+00 3.789654e+00 3.815759e+00 3.840976e+00 3.829410e+00 3.826997e+00 3.790966e+00 3.787053e+00 3.817721e+00 3.780825e+00 3.914422e+00 3.795086e+00 3.889018e+00 3.783114e+00 3.785497e+00 3.927273e+00 3.916075e+00
2.525515e+00 2.521684e+00 2.540383e+00 2.515270e+00 2.530440e+00 2.510050e+00 2.498316e+00 2.534546e+00 2.526738e+00 2.524062e+00 2.498854e+00 2.534010e+00 2.504610e+00 2.500453e+00 2.506462e+00 2.495860e+00 2.531663e+00 2.511642e+00 2.496502e+00 2.536774e+00 2.526595e+00 2.500030e+00 2.532128e+00 2.529583e+00 2.504790e+00 2.501466e+00 2.518194e+00 2.535697e+00 2.502106e+00 2.536066e+00 2.512076e+00 2.521744e+00 2.494793e+00 2.529173e+00 2.527203e+00 2.497475e+00 2.525741e+00 2.533555e+00 2.527850e+00 2.528413e+00 2.524935e+00 2.521102e+00 2.530545e+00 2.499984e+00 2.535953e+00 2.537435e+00 2.510013e+00 2.500255e+00 2.514949e+00 2.532175e+00 2.532141e+00 2.513593e+00 2.522110e+00 2.501708e+00 2.531459e+00 2.503404e+00 2.506407e+00 2.533523e+00 2.533402e+00 2.511133e+00 2.501997e+00 2.535961e+00 2.525142e+00 2.215524e+00 2.526069e+00 2.534583e+00 2.498432e+00 2.533752e+00 2.535090e+00 2.435165e+00 2.501319e+00 2.523788e+00 2.526465e+00 2.537804e+00 2.529295e+00 2.502685e+00 2.537434e+00 2.509054e+00 2.532492e+00 2.528047e+00 2.537544e+00 2.531700e+00 2.504762e+00 2.524309e+00 2.508547e+00 2.507301e+00 2.516006e+00 2.526664e+00 2.527635e+00 2.523117e+00 2.537475e+00 2.522248e+00 2.529429e+00 2.524841e+00 2.515543e+00 2.521157e+00 2.521985e+00 2.527773e+00 2.534196e+00 2.516986e+00 2.533076e+00 2.503473e+00 2.533433e+00 2.492733e+00 2.539688e+00 2.535093e+00 2.491896e+00 2.502081e+00
1.879318e+00 1.879183e+00 1.882984e+00 1.836114e+00 1.878093e+00 1.829167e+00 1.795465e+00 1.889513e+00 1.888214e+00 1.852381e+00 1.796840e+00 1.878899e+00 1.816893e+00 1.793513e+00 1.806773e+00 1.792432e+00 1.868186e+00 1.821901e+00 1.788642e+00 1.880202e+00 1.877604e+00 1.799774e+00 1.851499e+00 1.890456e+00 1.823015e+00 1.802064e+00 1.821828e+00 1.881194e+00 1.794325e+00 1.883727e+00 1.827351e+00 1.845159e+00 1.808016e+00 1.877009e+00 1.872204e+00 1.805834e+00 1.855272e+00 1.887598e+00 1.882836e+00 1.881207e+00 1.876273e+00 1.847125e+00 1.884704e+00 1.790644e+00 1.878409e+00 1.874447e+00 1.836029e+00 1.800677e+00 1.831078e+00 1.873414e+00 1.875306e+00 1.823193e+00 1.869652e+00 1.784770e+00 1.876899e+00 1.806838e+00 1.803781e+00 1.883603e+00 1.889509e+00 1.824501e+00 1.789991e+00 1.876357e+00 1.885016e+00 2.034665e+00 1.873570e+00 1.878166e+00 1.803627e+00 1.887187e+00 1.886094e+00 1.832967e+00 1.786365e+00 1.870808e+00 1.878502e+00 1.887963e+00 1.879822e+00 1.815485e+00 1.885340e+00 1.798243e+00 1.876115e+00 1.886472e+00 1.883903e+00 1.886678e+00 1.808549e+00 1.866457e+00 1.791466e+00 1.800593e+00 1.847298e+00 1.862633e+00 1.877650e+00 1.873656e+00 1.886438e+00 1.871649e+00 1.884912e+00 1.855815e+00 1.839593e+00 1.844089e+00 1.856036e+00 1.883373e+00 1.882769e+00 1.859858e+00 1.886470e+00 1.794107e+00 1.881903e+00 1.801102e+00 1.886723e+00 1.884708e+00 1.839323e+00 1.786582e+00
1.517047e+00 1.515579e+00 1.525134e+00 1.464641e+00 1.510512e+00 1.460660e+00 1.417715e+00 1.526665e+00 1.520717e+00 1.492097e+00 1.419517e+00 1.515836e+00 1.440863e+00 1.414187e+00 1.419520e+00 1.408319e+00 1.503284e+00 1.449050e+00 1.409589e+00 1.513646e+00 1.517793e+00 1.424627e+00 1.380295e+00 1.518368e+00 1.442524e+00 1.423369e+00 1.438929e+00 1.520719e+00 1.411083e+00 1.525104e+00 1.457030e+00 1.473173e+00 1.436088e+00 1.514708e+00 1.512561e+00 1.424589e+00 1.493820e+00 1.525479e+00 1.522838e+00 1.514560e+00 1.510318e+00 1.478428e+00 1.510905e+00 1.408789e+00 1.513304e+00 1.513153e+00 1.462156e+00 1.407986e+00 1.447686e+00 1.514283e+00 1.517695e+00 1.437136e+00 1.504275e+00 1.400147e+00 1.514072e+00 1.430531e+00 1.429831e+00 1.522192e+00 1.524975e+00 1.447494e+00 1.407397e+00 1.520209e+00 1.521479e+00 1.341372e+00 1.516795e+00 1.514108e+00 1.407542e+00 1.524274e+00 1.520977e+00 1.274725e+00 1.400919e+00 1.503752e+00 1.516009e+00 1.530081e+00 1.523565e+00 1.441588e+00 1.529678e+00 1.416285e+00 1.516909e+00 1.514359e+00 1.524327e+00 1.524403e+00 1.439864e+00 1.500000e+00 1.412674e+00 1.418923e+00 1.477381e+00 1.499391e+00 1.521589e+00 1.516219e+00 1.525633e+00 1.510461e+00 1.515659e+00 1.489692e+00 1.475122e+00 1.476709e+00 1.481340e+00 1.515939e+00 1.523358e+00 1.494137e+00 1.526893e+00 1.408513e+00 1.513606e+00 1.421161e+00 1.527903e+00 1.512777e+00 1.457082e+00 1.412031e+00
1.302164e+00 1.290292e+00 1.313427e+00 1.255275e+00 1.305070e+00 1.248480e+00 1.206369e+00 1.315918e+00 1.311142e+00 1.282685e+00 1.201960e+00 1.307639e+00 1.227773e+00 1.197294e+00 1.210826e+00 1.194031e+00 1.297669e+00 1.240258e+00 1.193909e+00 1.307071e+00 1.308078e+00 1.208807e+00 1.287482e+00 1.312022e+00 1.236655e+00 1.211069e+00 1.229490e+00 1.307373e+00 1.196863e+00 1.313831e+00 1.238908e+00 1.258456e+00 1.226390e+00 1.308227e+00 1.303379e+00 1.209851e+00 1.284353e+00 1.314469e+00 1.310814e+00 1.308753e+00 1.300590e+00 1.264914e+00 1.305572e+00 1.191995e+00 1.310080e+00 1.302680e+00 1.254833e+00 1.199140e+00 1.238732e+00 1.305028e+00 1.303482e+00 1.226064e+00 1.290984e+00 1.188979e+00 1.303597e+00 1.214062e+00 1.218744e+00 1.311900e+00 1.312553e+00 1.230807e+00 1.191551e+00 1.311218e+00 1.309372e+00 1.160512e+00 1.306607e+00 1.301731e+00 1.197669e+00 1.314325e+00 1.312416e+00 1.349451e+00 1.186246e+00 1.293126e+00 1.304049e+00 1.318945e+00 1.318974e+00 1.225918e+00 1.315312e+00 1.202870e+00 1.309994e+00 1.310937e+00 1.317385e+00 1.313221e+00 1.214363e+00 1.292968e+00 1.202129e+00 1.206930e+00 1.271168e+00 1.287810e+00 1.311375e+00 1.301902e+00 1.312144e+00 1.293331e+00 1.308894e+00 1.279320e+00 1.255992e+00 1.263845e+00 1.276173e+00 1.308043e+00 1.312543e+00 1.288090e+00 1.316036e+00 1.197879e+00 1.304991e+00 1.208425e+00 1.311597e+00 1.314452e+00 1.241438e+00 1.197497e+00
1.184116e+00 1.178382e+00 1.200781e+00 1.133267e+00 1.180256e+00 1.128143e+00 1.086216e+00 1.197236e+00 1.193362e+00 1.161516e+00 1.085262e+00 1.188690e+00 1.108896e+00 1.081727e+00 1.091688e+00 1.077805e+00 1.183805e+00 1.122382e+00 1.075424e+00 1.188273e+00 1.187368e+00 1.087468e+00 1.073298e+00 1.197433e+00 1.116050e+00 1.096196e+00 1.110686e+00 1.201413e+00 1.083207e+00 1.194317e+00 1.123798e+00 1.142242e+00 1.110269e+00 1.190912e+00 1.186282e+00 1.093400e+00 1.166578e+00 1.197402e+00 1.204421e+00 1.191199e+00 1.184734e+00 1.148417e+00 1.190197e+00 1.072598e+00 1.193571e+00 1.187723e+00 1.134686e+00 1.075879e+00 1.120572e+00 1.188968e+00 1.189394e+00 1.103146e+00 1.176275e+00 1.064038e+00 1.187422e+00 1.101542e+00 1.091758e+00 1.191630e+00 1.196898e+00 1.116429e+00 1.072420e+00 1.191036e+00 1.193944e+00 1.145441e+00 1.189012e+00 1.185999e+00 1.077649e+00 1.196599e+00 1.197315e+00 1.120879e+00 1.064034e+00 1.177921e+00 1.184834e+00 1.201021e+00 1.198843e+00 1.107282e+00 1.199271e+00 1.084530e+00 1.191359e+00 1.190915e+00 1.196323e+00 1.197581e+00 1.094975e+00 1.175228e+00 1.081517e+00 1.086983e+00 1.146709e+00 1.171584e+00 1.188093e+00 1.186323e+00 1.199348e+00 1.180843e+00 1.192110e+00 1.163710e+00 1.142456e+00 1.148065e+00 1.151813e+00 1.195899e+00 1.191751e+00 1.169397e+00 1.196805e+00 1.075891e+00 1.189686e+00 1.089410e+00 1.196709e+00 1.189384e+00 1.128400e+00 1.075145e+00
1.132490e+00 1.122780e+00 1.144927e+00 1.079485e+00 1.130689e+00 1.074340e+00 1.032584e+00 1.140340e+00 1.138417e+00 1.106581e+00 1.030053e+00 1.135850e+00 1.055632e+00 1.027230e+00 1.033716e+00 1.020925e+00 1.121590e+00 1.066766e+00 1.022591e+00 1.131960e+00 1.135239e+00 1.033919e+00 1.054260e+00 1.142943e+00 1.058955e+00 1.036706e+00 1.051991e+00 1.140994e+00 1.024738e+00 1.142287e+00 1.068607e+00 1.089174e+00 1.057051e+00 1.135048e+00 1.132579e+00 1.037631e+00 1.110853e+00 1.147975e+00 1.144833e+00 1.142236e+00 1.125575e+00 1.100414e+00 1.135458e+00 1.019745e+00 1.133394e+00 1.129285e+00 1.080145e+00 1.025241e+00 1.069859e+00 1.127884e+00 1.136560e+00 1.050207e+00 1.117021e+00 1.013166e+00 1.133537e+00 1.042298e+00 1.035861e+00 1.140999e+00 1.140659e+00 1.061593e+00 1.018498e+00 1.137467e+00 1.141124e+00 9.193670e-01 1.140969e+00 1.133174e+00 1.024805e+00 1.144260e+00 1.140309e+00 9.450549e-01 1.008281e+00 1.122637e+00 1.131261e+00 1.138510e+00 1.144421e+00 1.054359e+00 1.142633e+00 1.026069e+00 1.137154e+00 1.137447e+00 1.141883e+00 1.144005e+00 1.035178e+00 1.118743e+00 1.026099e+00 1.033085e+00 1.096354e+00 1.117996e+00 1.128450e+00 1.130065e+00 1.145020e+00 1.122472e+00 1.139612e+00 1.100506e+00 1.086350e+00 1.092894e+00 1.099583e+00 1.136379e+00 1.137513e+00 1.117347e+00 1.145218e+00 1.022929e+00 1.137901e+00 1.035955e+00 1.140438e+00 1.140989e+00 1.057646e+00 1.024627e+00
