# Version 0.0
# Data /lustre/isaac24/proj/UTK0244/cbaillar/Bayes_HEP/Detroit_tune_Project/input/Data/Data__200__pp__STAR_2006_I709170TEST__d23-x01-y02.dat
# Observable: $\pi^- / \pi^+$
# Subobservable: $p_\perp$ [GeV]
# Design Design_Rivet.dat
# design_point1 design_point2 design_point3 design_point4 design_point5 design_point6 design_point7 design_point8 design_point9 design_point10 design_point11 design_point12 design_point13 design_point14 design_point15 design_point16 design_point17 design_point18 design_point19 design_point20 design_point21 design_point22 design_point23 design_point24 design_point25 design_point26 design_point27 design_point28 design_point29 design_point30 design_point31 design_point32 design_point33 design_point34 design_point35 design_point36 design_point37 design_point38 design_point39 design_point40 design_point41 design_point42 design_point43 design_point44 design_point45 design_point46 design_point47 design_point48 design_point49 design_point50 design_point51 design_point52 design_point53 design_point54 design_point55 design_point56 design_point57 design_point58 design_point59 design_point60 design_point61 design_point62 design_point63 design_point64 design_point65 design_point66 design_point67 design_point68 design_point69 design_point70 design_point71 design_point72 design_point73 design_point74 design_point75 design_point76 design_point77 design_point78 design_point79 design_point80 design_point81 design_point82 design_point83 design_point84 design_point85 design_point86 design_point87 design_point88 design_point89 design_point90 design_point91 design_point92 design_point93 design_point94 design_point95 design_point96 design_point97 design_point98 design_point99 design_point100 design_point101 design_point102 design_point103 design_point104 design_point105 design_point106 design_point107 design_point108
1.030859e-03 1.007882e-03 1.077095e-03 8.777148e-04 1.030792e-03 8.868505e-04 7.322146e-04 1.073959e-03 1.057509e-03 9.528657e-04 7.574272e-04 1.049432e-03 8.365937e-04 7.429900e-04 8.265638e-04 7.271622e-04 1.014849e-03 8.814128e-04 7.541943e-04 1.042208e-03 1.040961e-03 7.484325e-04 7.969586e-04 1.066671e-03 8.474491e-04 7.909029e-04 8.909957e-04 1.065267e-03 7.592201e-04 1.072984e-03 8.546975e-04 9.525097e-04 7.060103e-04 1.041678e-03 1.029582e-03 7.616188e-04 1.003007e-03 1.080718e-03 1.068140e-03 1.046083e-03 1.016768e-03 9.216697e-04 1.042788e-03 7.433370e-04 1.049751e-03 1.117181e-03 1.071522e-03 8.325689e-04 9.888494e-04 1.117851e-03 1.118675e-03 9.389924e-04 1.066889e-03 7.895153e-04 1.036371e-03 8.257401e-04 7.997059e-04 1.059218e-03 1.075407e-03 8.548307e-04 7.992931e-04 1.046849e-03 1.066051e-03 7.930525e-04 1.044075e-03 1.031475e-03 7.670259e-04 1.067463e-03 1.069290e-03 1.508331e-03 7.450507e-04 9.821092e-04 1.034575e-03 1.073339e-03 1.079037e-03 8.274619e-04 1.080579e-03 7.549525e-04 1.048807e-03 1.059065e-03 1.068528e-03 1.070331e-03 7.581930e-04 1.029108e-03 7.507440e-04 8.044438e-04 9.136589e-04 9.608665e-04 1.041552e-03 1.040657e-03 1.078180e-03 1.029312e-03 1.059986e-03 9.444784e-04 8.909780e-04 9.089244e-04 9.352609e-04 1.054904e-03 1.062791e-03 9.761206e-04 1.070778e-03 7.492238e-04 1.048353e-03 7.228652e-04 1.078498e-03 1.056538e-03 7.628326e-04 7.882930e-04
1.183356e-03 1.156273e-03 1.241183e-03 1.001493e-03 1.185145e-03 1.011892e-03 8.290898e-04 1.236602e-03 1.216900e-03 1.092949e-03 8.598302e-04 1.205290e-03 9.529893e-04 8.417881e-04 9.406929e-04 8.225490e-04 1.164022e-03 1.006628e-03 8.557184e-04 1.198949e-03 1.200199e-03 8.506879e-04 9.081920e-04 1.228526e-03 9.662340e-04 8.989753e-04 1.015658e-03 1.227371e-03 8.608821e-04 1.234667e-03 9.735049e-04 1.091358e-03 8.027365e-04 1.199778e-03 1.183514e-03 8.646619e-04 1.149529e-03 1.245935e-03 1.229425e-03 1.204011e-03 1.170966e-03 1.055239e-03 1.198284e-03 8.431287e-04 1.207471e-03 1.286330e-03 1.228606e-03 9.435730e-04 1.129919e-03 1.286720e-03 1.284626e-03 1.070126e-03 1.223078e-03 8.932963e-04 1.192297e-03 9.387436e-04 9.101055e-04 1.216970e-03 1.237969e-03 9.734971e-04 9.073458e-04 1.206022e-03 1.226656e-03 9.054905e-04 1.199528e-03 1.186851e-03 8.701445e-04 1.226045e-03 1.231597e-03 1.718337e-03 8.420273e-04 1.124720e-03 1.192188e-03 1.237847e-03 1.243460e-03 9.419112e-04 1.242596e-03 8.560816e-04 1.207432e-03 1.216563e-03 1.229574e-03 1.233589e-03 8.618397e-04 1.181595e-03 8.545316e-04 9.128775e-04 1.044850e-03 1.100696e-03 1.198921e-03 1.198922e-03 1.242156e-03 1.183532e-03 1.221493e-03 1.081898e-03 1.017879e-03 1.038199e-03 1.071351e-03 1.213286e-03 1.225214e-03 1.120027e-03 1.233920e-03 8.501190e-04 1.207796e-03 8.195443e-04 1.241276e-03 1.216218e-03 8.699753e-04 8.937932e-04
1.402114e-03 1.371355e-03 1.477828e-03 1.176513e-03 1.404641e-03 1.188797e-03 9.637830e-04 1.474916e-03 1.444486e-03 1.289730e-03 1.002628e-03 1.434223e-03 1.115062e-03 9.760857e-04 1.096354e-03 9.518179e-04 1.379549e-03 1.189205e-03 9.959417e-04 1.421604e-03 1.425058e-03 9.905408e-04 1.062123e-03 1.463567e-03 1.127913e-03 1.048460e-03 1.192610e-03 1.455878e-03 9.998394e-04 1.471752e-03 1.140153e-03 1.284906e-03 9.373467e-04 1.424568e-03 1.404759e-03 1.010435e-03 1.361626e-03 1.485003e-03 1.463430e-03 1.430304e-03 1.386558e-03 1.240635e-03 1.424738e-03 9.781408e-04 1.433721e-03 1.530469e-03 1.453070e-03 1.095072e-03 1.328394e-03 1.526167e-03 1.527157e-03 1.258453e-03 1.451306e-03 1.034816e-03 1.415389e-03 1.096903e-03 1.060047e-03 1.447805e-03 1.475760e-03 1.141997e-03 1.054352e-03 1.433116e-03 1.459640e-03 1.065131e-03 1.424467e-03 1.409154e-03 1.011059e-03 1.461157e-03 1.463024e-03 2.013262e-03 9.761903e-04 1.334791e-03 1.412909e-03 1.470877e-03 1.479368e-03 1.099116e-03 1.482512e-03 9.987707e-04 1.434512e-03 1.444580e-03 1.465217e-03 1.468492e-03 1.005985e-03 1.403906e-03 9.939652e-04 1.065266e-03 1.230012e-03 1.298663e-03 1.422235e-03 1.425466e-03 1.481400e-03 1.406066e-03 1.449862e-03 1.277407e-03 1.197302e-03 1.221163e-03 1.261646e-03 1.446274e-03 1.457261e-03 1.324786e-03 1.470762e-03 9.853636e-04 1.433419e-03 9.522997e-04 1.478825e-03 1.448333e-03 1.015888e-03 1.040476e-03
1.708114e-03 1.662329e-03 1.808553e-03 1.406802e-03 1.708267e-03 1.417172e-03 1.135384e-03 1.800290e-03 1.761218e-03 1.548746e-03 1.185538e-03 1.744527e-03 1.324336e-03 1.147476e-03 1.300486e-03 1.115569e-03 1.673824e-03 1.430785e-03 1.172809e-03 1.726973e-03 1.731160e-03 1.170708e-03 1.265682e-03 1.784868e-03 1.343269e-03 1.239677e-03 1.421623e-03 1.777838e-03 1.176485e-03 1.794842e-03 1.359281e-03 1.547288e-03 1.110485e-03 1.732745e-03 1.706391e-03 1.195112e-03 1.647639e-03 1.815953e-03 1.789851e-03 1.743529e-03 1.682510e-03 1.493626e-03 1.734861e-03 1.149724e-03 1.747836e-03 1.852569e-03 1.754999e-03 1.291234e-03 1.588228e-03 1.856673e-03 1.855809e-03 1.503138e-03 1.752624e-03 1.212541e-03 1.722289e-03 1.299234e-03 1.251466e-03 1.766778e-03 1.801874e-03 1.356907e-03 1.241680e-03 1.743953e-03 1.784499e-03 1.269628e-03 1.736336e-03 1.710042e-03 1.190724e-03 1.787532e-03 1.786480e-03 2.384394e-03 1.142307e-03 1.612492e-03 1.717428e-03 1.795572e-03 1.810237e-03 1.304739e-03 1.808479e-03 1.178873e-03 1.747616e-03 1.766044e-03 1.788812e-03 1.792483e-03 1.192515e-03 1.703945e-03 1.171389e-03 1.259950e-03 1.474520e-03 1.568448e-03 1.729496e-03 1.732349e-03 1.810155e-03 1.712164e-03 1.774651e-03 1.536694e-03 1.434031e-03 1.463744e-03 1.520739e-03 1.759193e-03 1.784821e-03 1.598935e-03 1.794606e-03 1.158727e-03 1.743061e-03 1.121970e-03 1.811736e-03 1.763659e-03 1.206574e-03 1.227537e-03
2.104232e-03 2.046285e-03 2.253653e-03 1.695996e-03 2.110083e-03 1.716669e-03 1.345780e-03 2.233865e-03 2.192758e-03 1.903810e-03 1.414942e-03 2.157982e-03 1.584410e-03 1.354202e-03 1.548268e-03 1.316056e-03 2.062929e-03 1.734759e-03 1.390920e-03 2.134262e-03 2.148462e-03 1.395215e-03 1.522484e-03 2.213133e-03 1.611658e-03 1.475193e-03 1.713132e-03 2.211648e-03 1.395761e-03 2.231158e-03 1.631984e-03 1.886909e-03 1.324558e-03 2.142956e-03 2.105340e-03 1.427716e-03 2.030337e-03 2.249035e-03 2.222157e-03 2.151329e-03 2.076220e-03 1.810183e-03 2.146435e-03 1.359743e-03 2.169108e-03 2.292259e-03 2.154427e-03 1.529854e-03 1.922966e-03 2.288649e-03 2.298980e-03 1.807317e-03 2.155689e-03 1.427025e-03 2.125832e-03 1.551691e-03 1.493861e-03 2.187544e-03 2.240851e-03 1.632165e-03 1.476098e-03 2.160531e-03 2.211882e-03 1.537178e-03 2.153150e-03 2.114567e-03 1.414313e-03 2.215100e-03 2.223353e-03 2.858686e-03 1.350533e-03 1.979084e-03 2.129280e-03 2.241049e-03 2.251267e-03 1.566513e-03 2.255417e-03 1.403308e-03 2.168258e-03 2.194424e-03 2.226118e-03 2.230479e-03 1.426602e-03 2.107745e-03 1.389491e-03 1.499321e-03 1.792964e-03 1.922881e-03 2.144639e-03 2.140629e-03 2.257461e-03 2.113801e-03 2.200745e-03 1.877632e-03 1.736825e-03 1.774069e-03 1.848663e-03 2.183558e-03 2.211479e-03 1.954621e-03 2.229325e-03 1.365898e-03 2.166732e-03 1.327018e-03 2.250780e-03 2.186954e-03 1.442134e-03 1.459850e-03
2.625578e-03 2.539935e-03 2.839829e-03 2.053736e-03 2.641776e-03 2.079993e-03 1.595629e-03 2.814334e-03 2.739651e-03 2.328332e-03 1.688200e-03 2.710817e-03 1.909427e-03 1.601776e-03 1.855225e-03 1.549108e-03 2.555658e-03 2.121712e-03 1.652383e-03 2.682466e-03 2.686204e-03 1.661158e-03 1.829438e-03 2.787117e-03 1.939827e-03 1.764913e-03 2.074820e-03 2.777143e-03 1.652052e-03 2.817010e-03 1.978147e-03 2.318275e-03 1.587170e-03 2.675538e-03 2.628569e-03 1.707794e-03 2.522343e-03 2.855661e-03 2.783095e-03 2.695222e-03 2.580042e-03 2.222594e-03 2.682902e-03 1.610850e-03 2.712264e-03 2.863347e-03 2.653403e-03 1.813114e-03 2.342150e-03 2.847413e-03 2.876188e-03 2.194383e-03 2.669277e-03 1.683299e-03 2.652017e-03 1.855199e-03 1.779133e-03 2.755745e-03 2.825415e-03 1.966765e-03 1.752209e-03 2.700609e-03 2.781427e-03 1.856445e-03 2.688812e-03 2.633759e-03 1.679905e-03 2.791557e-03 2.794366e-03 3.436301e-03 1.592692e-03 2.444894e-03 2.661034e-03 2.813357e-03 2.838468e-03 1.879281e-03 2.839966e-03 1.672534e-03 2.709913e-03 2.745393e-03 2.801679e-03 2.809465e-03 1.709030e-03 2.622856e-03 1.655774e-03 1.781707e-03 2.178604e-03 2.370550e-03 2.678813e-03 2.668351e-03 2.844177e-03 2.637569e-03 2.756683e-03 2.301153e-03 2.113302e-03 2.158030e-03 2.267445e-03 2.728574e-03 2.775482e-03 2.418485e-03 2.805644e-03 1.616812e-03 2.709800e-03 1.573315e-03 2.831640e-03 2.750624e-03 1.729630e-03 1.735086e-03
3.281086e-03 3.146260e-03 3.620883e-03 2.485098e-03 3.274370e-03 2.512751e-03 1.884748e-03 3.559143e-03 3.446924e-03 2.851364e-03 2.006010e-03 3.388898e-03 2.288564e-03 1.887721e-03 2.213456e-03 1.819196e-03 3.192410e-03 2.587256e-03 1.952128e-03 3.348855e-03 3.363947e-03 1.975748e-03 2.189570e-03 3.512297e-03 2.321403e-03 2.098117e-03 2.490055e-03 3.495452e-03 1.954412e-03 3.556116e-03 2.370464e-03 2.825091e-03 1.897094e-03 3.338040e-03 3.275485e-03 2.029005e-03 3.113162e-03 3.593114e-03 3.530410e-03 3.367719e-03 3.208042e-03 2.711456e-03 3.368083e-03 1.898893e-03 3.411796e-03 3.576894e-03 3.256218e-03 2.140203e-03 2.843530e-03 3.581429e-03 3.596337e-03 2.637479e-03 3.315540e-03 1.980919e-03 3.318435e-03 2.214155e-03 2.121012e-03 3.463682e-03 3.572691e-03 2.376208e-03 2.070899e-03 3.374939e-03 3.476249e-03 2.259126e-03 3.367764e-03 3.295354e-03 1.984497e-03 3.504288e-03 3.539293e-03 4.111759e-03 1.864064e-03 3.020329e-03 3.327857e-03 3.561538e-03 3.598176e-03 2.233593e-03 3.589316e-03 1.987650e-03 3.413787e-03 3.463823e-03 3.523106e-03 3.550209e-03 2.032624e-03 3.278411e-03 1.962541e-03 2.120012e-03 2.661978e-03 2.930645e-03 3.370894e-03 3.362581e-03 3.583020e-03 3.290222e-03 3.475846e-03 2.823588e-03 2.566267e-03 2.634905e-03 2.775151e-03 3.432448e-03 3.487472e-03 2.978775e-03 3.540655e-03 1.903186e-03 3.418269e-03 1.859422e-03 3.573800e-03 3.454204e-03 2.069584e-03 2.054818e-03
4.081625e-03 3.893092e-03 4.540516e-03 2.992176e-03 4.104762e-03 3.010214e-03 2.214565e-03 4.469640e-03 4.343518e-03 3.490276e-03 2.366435e-03 4.225522e-03 2.717908e-03 2.203830e-03 2.607835e-03 2.119435e-03 3.945233e-03 3.128349e-03 2.296090e-03 4.161929e-03 4.192008e-03 2.327940e-03 2.604639e-03 4.403804e-03 2.767740e-03 2.470737e-03 2.995507e-03 4.382300e-03 2.280210e-03 4.467700e-03 2.837320e-03 3.456465e-03 2.255533e-03 4.158567e-03 4.065706e-03 2.402295e-03 3.848545e-03 4.520066e-03 4.448284e-03 4.198128e-03 3.988070e-03 3.290043e-03 4.188572e-03 2.220955e-03 4.243612e-03 4.431632e-03 3.985193e-03 2.504008e-03 3.424330e-03 4.437719e-03 4.462169e-03 3.155256e-03 4.083741e-03 2.311386e-03 4.153418e-03 2.624062e-03 2.489580e-03 4.321930e-03 4.483446e-03 2.822164e-03 2.420162e-03 4.254150e-03 4.395683e-03 2.701972e-03 4.215221e-03 4.089817e-03 2.323590e-03 4.387325e-03 4.409427e-03 4.860079e-03 2.170831e-03 3.740166e-03 4.137866e-03 4.499776e-03 4.526172e-03 2.665247e-03 4.527660e-03 2.333288e-03 4.269217e-03 4.314995e-03 4.428301e-03 4.424838e-03 2.412617e-03 4.054246e-03 2.311468e-03 2.500905e-03 3.220914e-03 3.593381e-03 4.178335e-03 4.195396e-03 4.532980e-03 4.040507e-03 4.353255e-03 3.445463e-03 3.106064e-03 3.183400e-03 3.354664e-03 4.305743e-03 4.351660e-03 3.653481e-03 4.460193e-03 2.222404e-03 4.229525e-03 2.175892e-03 4.534229e-03 4.330848e-03 2.453808e-03 2.414574e-03
5.015838e-03 4.779615e-03 5.673317e-03 3.555197e-03 5.038752e-03 3.587318e-03 2.566936e-03 5.523589e-03 5.348223e-03 4.229609e-03 2.763614e-03 5.203565e-03 3.204867e-03 2.551025e-03 3.059333e-03 2.454105e-03 4.851064e-03 3.754713e-03 2.667040e-03 5.109689e-03 5.164872e-03 2.726546e-03 3.095363e-03 5.471297e-03 3.279783e-03 2.898654e-03 3.526439e-03 5.404329e-03 2.659386e-03 5.515830e-03 3.362358e-03 4.148987e-03 2.648597e-03 5.142144e-03 5.023161e-03 2.835945e-03 4.690347e-03 5.648407e-03 5.489420e-03 5.203638e-03 4.871461e-03 3.925857e-03 5.151363e-03 2.583901e-03 5.263443e-03 5.495724e-03 4.833913e-03 2.897118e-03 4.054190e-03 5.471393e-03 5.518821e-03 3.760271e-03 5.009183e-03 2.673354e-03 5.083982e-03 3.066188e-03 2.916828e-03 5.399511e-03 5.530824e-03 3.328613e-03 2.823794e-03 5.225550e-03 5.466780e-03 3.222730e-03 5.182065e-03 5.078072e-03 2.705665e-03 5.457734e-03 5.510166e-03 5.795065e-03 2.505220e-03 4.546336e-03 5.107644e-03 5.606623e-03 5.623509e-03 3.123391e-03 5.642882e-03 2.737958e-03 5.287815e-03 5.353552e-03 5.489843e-03 5.552919e-03 2.825599e-03 4.941555e-03 2.689590e-03 2.917350e-03 3.848102e-03 4.375005e-03 5.157307e-03 5.142237e-03 5.619096e-03 5.006085e-03 5.387819e-03 4.160816e-03 3.697705e-03 3.836850e-03 4.061607e-03 5.353111e-03 5.418390e-03 4.432389e-03 5.539859e-03 2.570950e-03 5.305001e-03 2.547116e-03 5.674351e-03 5.373256e-03 2.890756e-03 2.804169e-03
4.690724e-03 4.423019e-03 5.348339e-03 3.177220e-03 4.682853e-03 3.207705e-03 2.256803e-03 5.241634e-03 5.066301e-03 3.861185e-03 2.428936e-03 4.910318e-03 2.841144e-03 2.214332e-03 2.672456e-03 2.126178e-03 4.510445e-03 3.396377e-03 2.324434e-03 4.849323e-03 4.864859e-03 2.400216e-03 2.756369e-03 5.213737e-03 2.896864e-03 2.542282e-03 3.143863e-03 5.130037e-03 2.300691e-03 5.265868e-03 2.993662e-03 3.748963e-03 2.369586e-03 4.843662e-03 4.648434e-03 2.497428e-03 4.329783e-03 5.387735e-03 5.198877e-03 4.879266e-03 4.543208e-03 3.569328e-03 4.891483e-03 2.240684e-03 4.926597e-03 5.084509e-03 4.349364e-03 2.534473e-03 3.629532e-03 5.129108e-03 5.149647e-03 3.344807e-03 4.619274e-03 2.311767e-03 4.779640e-03 2.695753e-03 2.566526e-03 5.059850e-03 5.262745e-03 2.982072e-03 2.453738e-03 4.926847e-03 5.153027e-03 2.914888e-03 4.873468e-03 4.717819e-03 2.358624e-03 5.173972e-03 5.226109e-03 5.146177e-03 2.168159e-03 4.243273e-03 4.793672e-03 5.315053e-03 5.311049e-03 2.769443e-03 5.357471e-03 2.392626e-03 4.967458e-03 5.040300e-03 5.223705e-03 5.230313e-03 2.507527e-03 4.568877e-03 2.354569e-03 2.561244e-03 3.499563e-03 4.044398e-03 4.821183e-03 4.814409e-03 5.316115e-03 4.647884e-03 5.070643e-03 3.804862e-03 3.355824e-03 3.469617e-03 3.694731e-03 5.016815e-03 5.145821e-03 4.083413e-03 5.233886e-03 2.242448e-03 4.918399e-03 2.221240e-03 5.330875e-03 5.051181e-03 2.568949e-03 2.449438e-03
6.631175e-03 6.269494e-03 7.709564e-03 4.319268e-03 6.610717e-03 4.325205e-03 2.961164e-03 7.610556e-03 7.147779e-03 5.338891e-03 3.216128e-03 7.069837e-03 3.769916e-03 2.886544e-03 3.532621e-03 2.755888e-03 6.334579e-03 4.660561e-03 3.068010e-03 6.915089e-03 6.896912e-03 3.194573e-03 3.737225e-03 7.416290e-03 3.851134e-03 3.340326e-03 4.188287e-03 7.371171e-03 3.016450e-03 7.501451e-03 4.036016e-03 5.171227e-03 3.188839e-03 6.908116e-03 6.510628e-03 3.321882e-03 6.007254e-03 7.732050e-03 7.522510e-03 6.949075e-03 6.417430e-03 4.904842e-03 7.004419e-03 2.913571e-03 7.055840e-03 7.290924e-03 5.921208e-03 3.295665e-03 4.888936e-03 7.253194e-03 7.336560e-03 4.467103e-03 6.477510e-03 2.980199e-03 6.757521e-03 3.569240e-03 3.380007e-03 7.209990e-03 7.606237e-03 3.985452e-03 3.189665e-03 6.964918e-03 7.369778e-03 3.973910e-03 6.949182e-03 6.668126e-03 3.092526e-03 7.319777e-03 7.441255e-03 6.905140e-03 2.811472e-03 5.873278e-03 6.821330e-03 7.619910e-03 7.743399e-03 3.681372e-03 7.720106e-03 3.167294e-03 7.111118e-03 7.221399e-03 7.435693e-03 7.418824e-03 3.357640e-03 6.449969e-03 3.108437e-03 3.371028e-03 4.767222e-03 5.680202e-03 6.889146e-03 6.855554e-03 7.674186e-03 6.595748e-03 7.248136e-03 5.268247e-03 4.589619e-03 4.732659e-03 5.112864e-03 7.143256e-03 7.309305e-03 5.740017e-03 7.525282e-03 2.910283e-03 6.996533e-03 2.922658e-03 7.641344e-03 7.194807e-03 3.438785e-03 3.194645e-03
9.049609e-03 8.409351e-03 1.068203e-02 5.710823e-03 9.061100e-03 5.714341e-03 3.852014e-03 1.026674e-02 9.946252e-03 7.176589e-03 4.244961e-03 9.619351e-03 4.968923e-03 3.726748e-03 4.532659e-03 3.535791e-03 8.560486e-03 6.232202e-03 3.940709e-03 9.516519e-03 9.419222e-03 4.174003e-03 4.989278e-03 1.024690e-02 5.043053e-03 4.340070e-03 5.469673e-03 1.018060e-02 3.884719e-03 1.043292e-02 5.326481e-03 6.805053e-03 4.257549e-03 9.353012e-03 9.016948e-03 4.373246e-03 8.115805e-03 1.055545e-02 1.027381e-02 9.402854e-03 8.690448e-03 6.565136e-03 9.496595e-03 3.798293e-03 9.623819e-03 9.946805e-03 7.717981e-03 4.244522e-03 6.422657e-03 9.970374e-03 9.937674e-03 5.878179e-03 8.825183e-03 3.846597e-03 9.122710e-03 4.645115e-03 4.389685e-03 9.800397e-03 1.051104e-02 5.216858e-03 4.086534e-03 9.577232e-03 1.010290e-02 5.371958e-03 9.462313e-03 9.030591e-03 3.982712e-03 1.016135e-02 1.030952e-02 9.256540e-03 3.594310e-03 8.049606e-03 9.192788e-03 1.041709e-02 1.055651e-02 4.804388e-03 1.061848e-02 4.129969e-03 9.771038e-03 9.843516e-03 1.024575e-02 1.040345e-02 4.448252e-03 8.686887e-03 4.083663e-03 4.331274e-03 6.368149e-03 7.687383e-03 9.408986e-03 9.285424e-03 1.056674e-02 8.968788e-03 9.886901e-03 7.104893e-03 6.180255e-03 6.341003e-03 6.853031e-03 9.848993e-03 1.020079e-02 7.694470e-03 1.019746e-02 3.756515e-03 9.583347e-03 3.776652e-03 1.055885e-02 9.885060e-03 4.544124e-03 4.143995e-03
1.189750e-02 1.113655e-02 1.423007e-02 7.590829e-03 1.197266e-02 7.501536e-03 4.971884e-03 1.391709e-02 1.319010e-02 9.376963e-03 5.514337e-03 1.254432e-02 6.449215e-03 4.717337e-03 5.804640e-03 4.540990e-03 1.136992e-02 8.205462e-03 5.100860e-03 1.232763e-02 1.237041e-02 5.468194e-03 6.626733e-03 1.344294e-02 6.590442e-03 5.553656e-03 7.021457e-03 1.346982e-02 4.993465e-03 1.393955e-02 6.908149e-03 9.007898e-03 5.632009e-03 1.257550e-02 1.159112e-02 5.724626e-03 1.077533e-02 1.422509e-02 1.389081e-02 1.266889e-02 1.144303e-02 8.592009e-03 1.268626e-02 4.829327e-03 1.298168e-02 1.322623e-02 1.009315e-02 5.502281e-03 8.393461e-03 1.292155e-02 1.330240e-02 7.576228e-03 1.184847e-02 4.915272e-03 1.234528e-02 5.979015e-03 5.642972e-03 1.317262e-02 1.413660e-02 6.867871e-03 5.182670e-03 1.294446e-02 1.346273e-02 7.170344e-03 1.265962e-02 1.213418e-02 5.106806e-03 1.346277e-02 1.369250e-02 1.228197e-02 4.580802e-03 1.066275e-02 1.245226e-02 1.392742e-02 1.426321e-02 6.240960e-03 1.424288e-02 5.349110e-03 1.269817e-02 1.309256e-02 1.400520e-02 1.380669e-02 5.839575e-03 1.135020e-02 5.236472e-03 5.604827e-03 8.477751e-03 9.993639e-03 1.238722e-02 1.241309e-02 1.422460e-02 1.177288e-02 1.314956e-02 9.236916e-03 8.080269e-03 8.360866e-03 9.012790e-03 1.313908e-02 1.328256e-02 1.024841e-02 1.369060e-02 4.796802e-03 1.277539e-02 4.895552e-03 1.432723e-02 1.324078e-02 6.060402e-03 5.259735e-03
1.168061e-02 1.085993e-02 1.342791e-02 7.175872e-03 1.162896e-02 7.139346e-03 4.807936e-03 1.332765e-02 1.275243e-02 9.063966e-03 5.321326e-03 1.214779e-02 6.166834e-03 4.450680e-03 5.457948e-03 4.241092e-03 1.109160e-02 7.945246e-03 4.816639e-03 1.200038e-02 1.194808e-02 5.287609e-03 6.495671e-03 1.343640e-02 6.238407e-03 5.225016e-03 6.603669e-03 1.291418e-02 4.680350e-03 1.331709e-02 6.685627e-03 8.395834e-03 5.496092e-03 1.211543e-02 1.152128e-02 5.615402e-03 1.044453e-02 1.358732e-02 1.327412e-02 1.225025e-02 1.111087e-02 8.265941e-03 1.217909e-02 4.584064e-03 1.254187e-02 1.281546e-02 9.325061e-03 5.106722e-03 7.725105e-03 1.261114e-02 1.270159e-02 7.085958e-03 1.135040e-02 4.597671e-03 1.178373e-02 5.705464e-03 5.355862e-03 1.291390e-02 1.352966e-02 6.516276e-03 4.798332e-03 1.238755e-02 1.273815e-02 7.253431e-03 1.236921e-02 1.165780e-02 4.829193e-03 1.318030e-02 1.318747e-02 1.224456e-02 4.263219e-03 1.027040e-02 1.179314e-02 1.340707e-02 1.369604e-02 5.905699e-03 1.354269e-02 5.197120e-03 1.259061e-02 1.259682e-02 1.304237e-02 1.320377e-02 5.733482e-03 1.092262e-02 5.068319e-03 5.280048e-03 8.116278e-03 9.890860e-03 1.190211e-02 1.166917e-02 1.368277e-02 1.139423e-02 1.278495e-02 9.087759e-03 7.763327e-03 8.022224e-03 8.609202e-03 1.243236e-02 1.291769e-02 9.769670e-03 1.342669e-02 4.482531e-03 1.224985e-02 4.696677e-03 1.362911e-02 1.266661e-02 5.882317e-03 4.994258e-03
2.050250e-02 1.951060e-02 2.430981e-02 1.312331e-02 2.048074e-02 1.261876e-02 8.838518e-03 2.364542e-02 2.264075e-02 1.637812e-02 1.008104e-02 2.090841e-02 1.100697e-02 7.982981e-03 9.682505e-03 7.584437e-03 1.895094e-02 1.477435e-02 8.883900e-03 2.062721e-02 2.086164e-02 1.004697e-02 1.285293e-02 2.289534e-02 1.121777e-02 9.282648e-03 1.158761e-02 2.375138e-02 8.414094e-03 2.287462e-02 1.222651e-02 1.460166e-02 1.063424e-02 2.058139e-02 2.064835e-02 1.070457e-02 1.779341e-02 2.350362e-02 2.370140e-02 2.094777e-02 1.931879e-02 1.479300e-02 2.151826e-02 8.308816e-03 2.200306e-02 2.197063e-02 1.628118e-02 9.041207e-03 1.353289e-02 2.281807e-02 2.215356e-02 1.258991e-02 1.968734e-02 8.290288e-03 2.083093e-02 1.016409e-02 9.649490e-03 2.218508e-02 2.370061e-02 1.165376e-02 8.476421e-03 2.178431e-02 2.246888e-02 1.455337e-02 2.122808e-02 2.007265e-02 8.644274e-03 2.230920e-02 2.292693e-02 2.443079e-02 7.571719e-03 1.832824e-02 2.066751e-02 2.310323e-02 2.411228e-02 1.043142e-02 2.389049e-02 9.637252e-03 2.196381e-02 2.137547e-02 2.310063e-02 2.290892e-02 1.092569e-02 1.887491e-02 9.269249e-03 9.338155e-03 1.431765e-02 1.740173e-02 2.089103e-02 2.078460e-02 2.322743e-02 1.978116e-02 2.152911e-02 1.596806e-02 1.393553e-02 1.427380e-02 1.546536e-02 2.148316e-02 2.265007e-02 1.745152e-02 2.294998e-02 8.025440e-03 2.180162e-02 8.533328e-03 2.438762e-02 2.176571e-02 1.133048e-02 8.887222e-03
3.343771e-02 3.222344e-02 3.922089e-02 2.208594e-02 3.388847e-02 2.116970e-02 1.549344e-02 3.745330e-02 3.591783e-02 2.652322e-02 1.856913e-02 3.503711e-02 1.922469e-02 1.370134e-02 1.626358e-02 1.305359e-02 3.113125e-02 2.745633e-02 1.564860e-02 3.513785e-02 3.506104e-02 1.840103e-02 2.365257e-02 3.755477e-02 1.940124e-02 1.618108e-02 1.965444e-02 3.545515e-02 1.457076e-02 3.742360e-02 1.997431e-02 2.504654e-02 1.980405e-02 3.626469e-02 3.178606e-02 1.964778e-02 2.887688e-02 3.869541e-02 3.728233e-02 3.401701e-02 3.328692e-02 2.394022e-02 3.317838e-02 1.455926e-02 3.550444e-02 3.461324e-02 2.749855e-02 1.572290e-02 2.301859e-02 3.419122e-02 3.738311e-02 2.143822e-02 3.160992e-02 1.470453e-02 3.388676e-02 1.745066e-02 1.672674e-02 3.437287e-02 3.815212e-02 1.950469e-02 1.458917e-02 3.387307e-02 3.901923e-02 2.762832e-02 3.467758e-02 3.156590e-02 1.499738e-02 3.534279e-02 3.680583e-02 4.689587e-02 1.328897e-02 3.023497e-02 3.426919e-02 3.746392e-02 3.786462e-02 1.787444e-02 4.024751e-02 1.766214e-02 3.533712e-02 3.414036e-02 3.636021e-02 3.802850e-02 2.087833e-02 3.077421e-02 1.672061e-02 1.642688e-02 2.458771e-02 2.875950e-02 3.522058e-02 3.266218e-02 3.681785e-02 3.233145e-02 3.613265e-02 2.634529e-02 2.316219e-02 2.391154e-02 2.556839e-02 3.685948e-02 3.624974e-02 2.843770e-02 3.595727e-02 1.358987e-02 3.528395e-02 1.515934e-02 4.145776e-02 3.451111e-02 2.109316e-02 1.518653e-02
4.980812e-02 4.784542e-02 6.107993e-02 3.424869e-02 4.898024e-02 3.411558e-02 2.676746e-02 5.805996e-02 5.261959e-02 3.973438e-02 3.168845e-02 5.158727e-02 3.016324e-02 2.299162e-02 2.595273e-02 2.202698e-02 4.944655e-02 4.711601e-02 2.629642e-02 4.738935e-02 5.388987e-02 3.247454e-02 4.368558e-02 5.791786e-02 3.303177e-02 2.680407e-02 3.216221e-02 5.280794e-02 2.455056e-02 5.621694e-02 3.241266e-02 3.588277e-02 3.488015e-02 5.472693e-02 5.004429e-02 3.400812e-02 4.614546e-02 5.993717e-02 5.335165e-02 5.134968e-02 4.815700e-02 3.872240e-02 5.015609e-02 2.541787e-02 5.425285e-02 5.574428e-02 4.311289e-02 2.519696e-02 3.472105e-02 5.335423e-02 5.647031e-02 3.504718e-02 4.902592e-02 2.376210e-02 5.168713e-02 2.830165e-02 2.713135e-02 5.483076e-02 6.192884e-02 3.239630e-02 2.461723e-02 5.050568e-02 5.519257e-02 4.894593e-02 5.460028e-02 5.193346e-02 2.521978e-02 5.953896e-02 5.389489e-02 8.067531e-02 2.249106e-02 4.380095e-02 5.055088e-02 5.712652e-02 5.726096e-02 3.087566e-02 6.306541e-02 3.116463e-02 5.592805e-02 5.522088e-02 5.683466e-02 5.865497e-02 3.676995e-02 4.540425e-02 2.824474e-02 2.661082e-02 3.742252e-02 4.279050e-02 5.077933e-02 4.874260e-02 5.919279e-02 4.619042e-02 5.594668e-02 4.047362e-02 3.682561e-02 3.964133e-02 3.812229e-02 5.231293e-02 5.431337e-02 4.333412e-02 5.757295e-02 2.354323e-02 5.053573e-02 2.578251e-02 6.277949e-02 5.634278e-02 3.662556e-02 2.538646e-02
7.024187e-02 7.365383e-02 7.374407e-02 5.370043e-02 7.381505e-02 5.802177e-02 4.452907e-02 8.284954e-02 7.021709e-02 6.475999e-02 5.094692e-02 7.953387e-02 4.393089e-02 3.641683e-02 4.209152e-02 3.465119e-02 6.771378e-02 7.482236e-02 4.659056e-02 7.212926e-02 6.953627e-02 5.560952e-02 7.500013e-02 8.270798e-02 4.858601e-02 4.124175e-02 4.522533e-02 8.109038e-02 4.050455e-02 7.988255e-02 5.049476e-02 6.128602e-02 5.716231e-02 6.632218e-02 7.372799e-02 6.158719e-02 6.727787e-02 8.871669e-02 8.898660e-02 7.472369e-02 7.498818e-02 6.071346e-02 7.677234e-02 4.229135e-02 8.432196e-02 7.723194e-02 5.912462e-02 4.091208e-02 5.641872e-02 7.992842e-02 8.036662e-02 5.686491e-02 7.715219e-02 3.799736e-02 7.124667e-02 4.475153e-02 4.387855e-02 8.576191e-02 8.065195e-02 5.068134e-02 3.763594e-02 7.535199e-02 8.014546e-02 8.735139e-02 7.651168e-02 7.351091e-02 3.922358e-02 9.178399e-02 7.927947e-02 1.370145e-01 3.539604e-02 7.388498e-02 7.395756e-02 9.249125e-02 8.102044e-02 4.575077e-02 7.459016e-02 5.439806e-02 8.067509e-02 7.944653e-02 7.928709e-02 9.209278e-02 6.486167e-02 6.522022e-02 4.950060e-02 4.425316e-02 5.923571e-02 6.258145e-02 8.559509e-02 7.788958e-02 8.172951e-02 7.460852e-02 8.156620e-02 6.350590e-02 6.113439e-02 5.641379e-02 6.442102e-02 7.492711e-02 8.469475e-02 6.716513e-02 8.176822e-02 3.614317e-02 8.604884e-02 4.230346e-02 8.274650e-02 7.026447e-02 6.968761e-02 3.947653e-02
9.637609e-02 9.254167e-02 1.150275e-01 7.724729e-02 9.990980e-02 7.392698e-02 7.131960e-02 1.022678e-01 1.105645e-01 8.270403e-02 9.479628e-02 1.179991e-01 7.755198e-02 5.348225e-02 5.878105e-02 5.706042e-02 9.430477e-02 1.192847e-01 7.612870e-02 1.209040e-01 9.872662e-02 8.944798e-02 1.085402e-01 1.053451e-01 7.250612e-02 6.440893e-02 7.320761e-02 1.233506e-01 6.241291e-02 1.288725e-01 7.619224e-02 9.029382e-02 1.111360e-01 1.024619e-01 1.143141e-01 9.168460e-02 1.045711e-01 1.167523e-01 9.745883e-02 1.102616e-01 1.018402e-01 8.256334e-02 1.064950e-01 6.685525e-02 1.033763e-01 1.027161e-01 9.295548e-02 6.416513e-02 8.808240e-02 1.214608e-01 9.489786e-02 8.297809e-02 1.109251e-01 5.755889e-02 1.040643e-01 6.208200e-02 6.841507e-02 1.120977e-01 1.185023e-01 7.711186e-02 6.199530e-02 1.060110e-01 1.149036e-01 1.460850e-01 1.252088e-01 1.005537e-01 6.323380e-02 1.126045e-01 1.181129e-01 2.677743e-01 5.777881e-02 1.008258e-01 1.024411e-01 1.012780e-01 1.204486e-01 7.129647e-02 1.077056e-01 8.134510e-02 1.055052e-01 1.011761e-01 1.073639e-01 1.146622e-01 8.910183e-02 9.766750e-02 8.110727e-02 6.298501e-02 8.774929e-02 9.705842e-02 1.084327e-01 1.004395e-01 1.122291e-01 9.169093e-02 1.207756e-01 8.914695e-02 8.866552e-02 9.255840e-02 7.994805e-02 1.245152e-01 1.099330e-01 8.572615e-02 1.393349e-01 5.742945e-02 1.102640e-01 6.504525e-02 1.215110e-01 1.271398e-01 1.009796e-01 6.205978e-02
1.270333e-01 1.180072e-01 1.257847e-01 8.402783e-02 1.186428e-01 1.048234e-01 1.014197e-01 1.285970e-01 1.218737e-01 1.039636e-01 1.138294e-01 1.288316e-01 8.051183e-02 6.292269e-02 9.312444e-02 7.073035e-02 1.041939e-01 1.640829e-01 8.133298e-02 1.256586e-01 1.100238e-01 1.208849e-01 1.622896e-01 9.767850e-02 1.016893e-01 7.515170e-02 8.078730e-02 1.416865e-01 7.510805e-02 1.215235e-01 8.619510e-02 1.035455e-01 1.303590e-01 1.238775e-01 9.161400e-02 1.235141e-01 1.117624e-01 1.080962e-01 1.198296e-01 1.156996e-01 1.014577e-01 1.026738e-01 1.052978e-01 8.873835e-02 1.285359e-01 1.399180e-01 1.033229e-01 7.472697e-02 8.609854e-02 1.182046e-01 1.037140e-01 8.758391e-02 1.188525e-01 7.002126e-02 9.306582e-02 8.795988e-02 7.665204e-02 1.186980e-01 1.364555e-01 8.437525e-02 6.158975e-02 1.518768e-01 1.156430e-01 1.834874e-01 1.126400e-01 1.086687e-01 7.913519e-02 1.171162e-01 1.206485e-01 3.531762e-01 6.667607e-02 1.067320e-01 1.397574e-01 1.289615e-01 1.313431e-01 7.763315e-02 1.115198e-01 1.152518e-01 1.110743e-01 1.341190e-01 1.117565e-01 1.194426e-01 1.372935e-01 1.073338e-01 1.048967e-01 7.099329e-02 9.384202e-02 1.075461e-01 1.011310e-01 9.784273e-02 9.962678e-02 1.218541e-01 1.203908e-01 9.938319e-02 9.285057e-02 9.751981e-02 1.059029e-01 1.110772e-01 1.196632e-01 9.687503e-02 1.205516e-01 7.212071e-02 1.176191e-01 8.389787e-02 1.131609e-01 1.205011e-01 1.460468e-01 7.192701e-02
2.051334e-01 2.419783e-01 2.158718e-01 1.755257e-01 1.739808e-01 1.909521e-01 1.939751e-01 2.355508e-01 2.728090e-01 1.859251e-01 2.342638e-01 2.215053e-01 1.632227e-01 1.264087e-01 1.457382e-01 1.270438e-01 1.595732e-01 2.771215e-01 1.649161e-01 1.868005e-01 2.169353e-01 2.726147e-01 3.313705e-01 1.942453e-01 1.542214e-01 1.244061e-01 1.700186e-01 1.891325e-01 1.566324e-01 1.706209e-01 1.318576e-01 2.119073e-01 2.386238e-01 1.773967e-01 2.010783e-01 3.077609e-01 2.054388e-01 1.934791e-01 1.942685e-01 1.951558e-01 1.814210e-01 2.101321e-01 2.774360e-01 1.561292e-01 2.137942e-01 1.998637e-01 1.408766e-01 1.434858e-01 1.362875e-01 2.114211e-01 2.441174e-01 1.556653e-01 2.077246e-01 1.501673e-01 1.786576e-01 1.481205e-01 1.436543e-01 2.309159e-01 2.121040e-01 1.521548e-01 1.490484e-01 2.413518e-01 2.190615e-01 3.385152e-01 1.797142e-01 2.473076e-01 1.413745e-01 1.741816e-01 1.862432e-01 2.374739e+00 1.011366e-01 1.910826e-01 1.794456e-01 2.947367e-01 1.694246e-01 1.509724e-01 2.485272e-01 1.954568e-01 1.824890e-01 1.907027e-01 1.763271e-01 1.755186e-01 2.739510e-01 1.715843e-01 1.983774e-01 1.650821e-01 1.740699e-01 1.883284e-01 1.919532e-01 2.171697e-01 2.609105e-01 1.750570e-01 2.207244e-01 1.629222e-01 1.866363e-01 1.410979e-01 1.484494e-01 2.422790e-01 2.049618e-01 2.165394e-01 1.910207e-01 1.430807e-01 2.122453e-01 1.963067e-01 2.365947e-01 2.178629e-01 3.584088e-01 1.377508e-01
4.543092e-01 4.474290e-01 2.669882e-01 2.488478e-01 1.894507e-01 3.513969e-01 4.329305e-01 2.578602e-01 2.394394e-01 3.292156e-01 3.468674e-01 2.193912e-01 2.132329e-01 2.406050e-01 2.078914e-01 2.498812e-01 2.404661e-01 4.618911e-01 3.739018e-01 3.906851e-01 5.707578e-01 6.141331e-01 4.425043e-01 2.139562e-01 2.522949e-01 1.696322e-01 2.179040e-01 2.165333e-01 2.527420e-01 2.583623e-01 2.510088e-01 2.086883e-01 4.813076e-01 3.082515e-01 4.556728e-01 1.245619e+00 3.338863e-01 6.290163e-01 2.719854e-01 2.944773e-01 3.817689e-01 4.424309e-01 1.966392e-01 2.291405e-01 2.693992e-01 3.867825e-01 2.660376e-01 2.006605e-01 3.639896e-01 4.164524e-01 3.076538e-01 2.285539e-01 4.201035e-01 3.054069e-01 2.835354e-01 1.914364e-01 2.235833e-01 3.037831e-01 2.708944e-01 2.499447e-01 3.640329e-01 3.363549e-01 4.302255e-01 2.266110e+00 2.226514e-01 1.684084e-01 3.555071e-01 2.888238e-01 2.650769e-01 5.135240e-01 1.816163e-01 2.947413e-01 2.923049e-01 3.977360e-01 2.084866e-01 4.179172e-01 2.978597e-01 3.860563e-01 6.477887e-01 3.105534e-01 2.803612e-01 3.910223e-01 5.876161e-01 3.009584e-01 4.956418e-01 2.378590e-01 5.632756e-01 2.990864e-01 3.734456e-01 4.346766e-01 4.078893e-01 3.554189e-01 3.087135e-01 3.337504e-01 2.404173e-01 3.123581e-01 3.007957e-01 2.091893e-01 3.064035e-01 2.931218e-01 4.117790e-01 2.595584e-01 3.749036e-01 2.986464e-01 4.111569e-01 5.239745e-01 3.775278e-01 2.521729e-01
4.911540e-01 2.352817e-01 1.576729e-01 3.135418e-01 4.670599e-01 3.437764e-01 8.152093e-01 2.340108e-01 6.264366e-01 6.840513e-01 2.589549e-01 2.935445e-01 3.776961e-01 2.881173e-01 2.376241e-01 3.156803e-01 3.295815e-01 2.116598e+00 7.923047e-01 4.270670e-01 3.244066e-01 3.302238e-01 5.833184e-01 2.988575e-01 3.107259e-01 2.788065e-01 3.781070e-01 4.322432e-01 3.670231e-01 2.891657e-01 3.635212e-01 2.857728e-01 1.278260e+00 7.034287e-01 3.603317e-01 6.063004e-01 2.711892e-01 3.915414e-01 4.021613e-01 2.520324e-01 4.322804e-01 3.993100e-01 3.182446e-01 1.306644e+00 3.338059e-01 3.179040e-01 6.367259e-01 3.400824e-01 3.347937e-01 4.823931e-01 5.788157e-01 2.792905e-01 4.982512e-01 3.158724e-01 3.725736e-01 1.838851e-01 3.346363e-01 3.945154e-01 7.324168e-01 3.037800e-01 2.741364e-01 3.583906e-01 3.336418e-01 2.885639e-01 7.149258e-01 3.030074e-01 4.226174e-01 2.372256e-01 2.728667e-01 nan 5.180993e-01 5.406592e-01 2.814008e-01 3.819378e-01 4.529569e-01 3.730345e-01 4.214185e-01 5.758077e-01 5.253603e-01 7.139407e-01 3.524120e-01 8.046096e-01 1.018077e+00 5.356515e-01 4.369736e-01 3.656770e-01 2.913622e-01 4.762951e-01 3.882426e-01 3.224258e-01 3.358689e-01 4.169812e-01 3.619458e-01 3.299151e-01 4.741527e-01 4.665993e-01 4.575859e-01 4.074955e-01 3.558668e-01 4.189527e-01 4.874186e-01 2.546775e-01 5.248673e-01 3.518227e-01 3.310947e-01 2.134966e-01 4.303599e-01 2.538291e-01
