# Version 0.0
# Data /lustre/isaac24/proj/UTK0244/cbaillar/Bayes_HEP/Detroit_tune_Project/input/Data/Data__200__pp__STAR_2003_I631869__d01-x01-y01.dat
# Observable: $E\frac{d^3\sigma}{dp^3}$ ($\mu b c^3/GeV^2$)
# Subobservable: Leading $E_\pi$ (GeV)
# Design Design_Rivet.dat
# design_point1 design_point2 design_point3 design_point4 design_point5 design_point6 design_point7 design_point8 design_point9 design_point10 design_point11 design_point12 design_point13 design_point14 design_point15 design_point16 design_point17 design_point18 design_point19 design_point20 design_point21 design_point22 design_point23 design_point24 design_point25 design_point26 design_point27 design_point28 design_point29 design_point30 design_point31 design_point32 design_point33 design_point34 design_point35 design_point36 design_point37 design_point38 design_point39 design_point40 design_point41 design_point42 design_point43 design_point44 design_point45 design_point46 design_point47 design_point48 design_point49 design_point50 design_point51 design_point52 design_point53 design_point54 design_point55 design_point56 design_point57 design_point58 design_point59 design_point60 design_point61 design_point62 design_point63 design_point64 design_point65 design_point66 design_point67 design_point68 design_point69 design_point70 design_point71 design_point72 design_point73 design_point74 design_point75 design_point76 design_point77 design_point78 design_point79 design_point80 design_point81 design_point82 design_point83 design_point84 design_point85 design_point86 design_point87 design_point88 design_point89 design_point90 design_point91 design_point92 design_point93 design_point94 design_point95 design_point96 design_point97 design_point98 design_point99 design_point100 design_point101 design_point102 design_point103 design_point104 design_point105 design_point106 design_point107 design_point108
6.319433e-02 6.458529e-02 6.144247e-02 6.758979e-02 6.360160e-02 6.630489e-02 6.572104e-02 6.149520e-02 6.249263e-02 6.606535e-02 6.474731e-02 6.269661e-02 6.733563e-02 6.580730e-02 6.598858e-02 6.656152e-02 6.409240e-02 6.014602e-02 6.515511e-02 6.338797e-02 6.297998e-02 6.526925e-02 6.455166e-02 6.257384e-02 6.580602e-02 6.568756e-02 6.470440e-02 6.201947e-02 6.581798e-02 6.139576e-02 6.783292e-02 6.467101e-02 6.455622e-02 6.323537e-02 6.256567e-02 6.486333e-02 6.275293e-02 6.113453e-02 6.179755e-02 6.266428e-02 6.371684e-02 6.673211e-02 6.324325e-02 6.569685e-02 6.322481e-02 6.811725e-02 6.587391e-02 7.211546e-02 7.028681e-02 6.816111e-02 6.776579e-02 7.042979e-02 7.002932e-02 7.222372e-02 6.342861e-02 6.685787e-02 6.732122e-02 6.232524e-02 6.183695e-02 6.759095e-02 6.484947e-02 6.264289e-02 6.228054e-02 6.175172e-02 6.337815e-02 6.432840e-02 6.516466e-02 6.143250e-02 6.184804e-02 1.278401e-01 6.634224e-02 6.512697e-02 6.376852e-02 6.122041e-02 6.131770e-02 6.745966e-02 6.108615e-02 6.497106e-02 6.232152e-02 6.214876e-02 6.235778e-02 6.189082e-02 6.501358e-02 6.230698e-02 6.584223e-02 6.628575e-02 6.690591e-02 6.534228e-02 6.355900e-02 6.343772e-02 6.174340e-02 6.324332e-02 6.235531e-02 6.670522e-02 6.729153e-02 6.700223e-02 6.600064e-02 6.233481e-02 6.240181e-02 6.624899e-02 6.149483e-02 6.655419e-02 6.302853e-02 6.639639e-02 6.092206e-02 6.253726e-02 6.425570e-02 6.615581e-02
4.090760e-02 4.225089e-02 4.038512e-02 4.502729e-02 4.069405e-02 4.442519e-02 4.445430e-02 4.001485e-02 4.097353e-02 4.361092e-02 4.389992e-02 4.051808e-02 4.543136e-02 4.557729e-02 4.345188e-02 4.542952e-02 4.207233e-02 3.944205e-02 4.401752e-02 3.999242e-02 4.116255e-02 4.320813e-02 4.377079e-02 4.064328e-02 4.413186e-02 4.368047e-02 4.265039e-02 4.003195e-02 4.402848e-02 4.006477e-02 4.510944e-02 4.342730e-02 4.366459e-02 4.080032e-02 4.108140e-02 4.329554e-02 4.127112e-02 3.858683e-02 4.027366e-02 4.140621e-02 4.126913e-02 4.454948e-02 4.080230e-02 4.416088e-02 4.043750e-02 4.504808e-02 4.161799e-02 4.848874e-02 4.668962e-02 4.466775e-02 4.426705e-02 4.680863e-02 4.628749e-02 4.825280e-02 4.151111e-02 4.484726e-02 4.581664e-02 4.040025e-02 3.958536e-02 4.513198e-02 4.287750e-02 4.051416e-02 3.944981e-02 4.082820e-02 4.051687e-02 4.121028e-02 4.404889e-02 3.985490e-02 3.993868e-02 8.429602e-02 4.577860e-02 4.306140e-02 4.138019e-02 3.999536e-02 3.915291e-02 4.488794e-02 3.934670e-02 4.361962e-02 4.114963e-02 4.069974e-02 4.012965e-02 3.980963e-02 4.417726e-02 4.076135e-02 4.404068e-02 4.485861e-02 4.452172e-02 4.307419e-02 4.078236e-02 4.125091e-02 3.922813e-02 4.104246e-02 4.043866e-02 4.377578e-02 4.492099e-02 4.448020e-02 4.440819e-02 4.043258e-02 4.035822e-02 4.310691e-02 3.987658e-02 4.472742e-02 4.085731e-02 4.460889e-02 4.002544e-02 4.036864e-02 4.251682e-02 4.434735e-02
2.696706e-02 2.734854e-02 2.573457e-02 2.979882e-02 2.691956e-02 2.985538e-02 3.021774e-02 2.539762e-02 2.628129e-02 2.908151e-02 2.864802e-02 2.578346e-02 2.985638e-02 3.065883e-02 2.905172e-02 3.151320e-02 2.691298e-02 2.549202e-02 3.014888e-02 2.696048e-02 2.675753e-02 2.966641e-02 2.862877e-02 2.506191e-02 2.989158e-02 2.953538e-02 2.864553e-02 2.610232e-02 3.031962e-02 2.566071e-02 3.057893e-02 2.904062e-02 2.942841e-02 2.670489e-02 2.735286e-02 2.862026e-02 2.703565e-02 2.486814e-02 2.648992e-02 2.715748e-02 2.817731e-02 2.879492e-02 2.662267e-02 3.037127e-02 2.673677e-02 2.908466e-02 2.785934e-02 3.215386e-02 3.079170e-02 2.909620e-02 2.916813e-02 3.148278e-02 3.066487e-02 3.343918e-02 2.738538e-02 2.999366e-02 2.999445e-02 2.630348e-02 2.568335e-02 3.078514e-02 2.907967e-02 2.694454e-02 2.553141e-02 2.689595e-02 2.689438e-02 2.724419e-02 3.059722e-02 2.526442e-02 2.548344e-02 5.695561e-02 3.134732e-02 2.833954e-02 2.721320e-02 2.575868e-02 2.603099e-02 2.966897e-02 2.556349e-02 2.989054e-02 2.655699e-02 2.644753e-02 2.560957e-02 2.522647e-02 2.943960e-02 2.657787e-02 2.984794e-02 3.053607e-02 2.964405e-02 2.822117e-02 2.627152e-02 2.559342e-02 2.571537e-02 2.736202e-02 2.625050e-02 2.900098e-02 2.964811e-02 2.937616e-02 2.831215e-02 2.614063e-02 2.650392e-02 2.795562e-02 2.544305e-02 3.100462e-02 2.669139e-02 3.021155e-02 2.549208e-02 2.582599e-02 2.894488e-02 3.069070e-02
1.858466e-02 1.895653e-02 1.675731e-02 2.040560e-02 1.824184e-02 1.986590e-02 2.190184e-02 1.776744e-02 1.734281e-02 1.846810e-02 1.926344e-02 1.807011e-02 2.061764e-02 2.036694e-02 1.945371e-02 2.134731e-02 1.792335e-02 1.725076e-02 2.056029e-02 1.816385e-02 1.829267e-02 1.997411e-02 1.899839e-02 1.711189e-02 2.081645e-02 2.068719e-02 1.968952e-02 1.719846e-02 2.022801e-02 1.663179e-02 2.078539e-02 1.956956e-02 2.051485e-02 1.886896e-02 1.799503e-02 1.978543e-02 1.855498e-02 1.666043e-02 1.850169e-02 1.787057e-02 1.760143e-02 1.938559e-02 1.778255e-02 2.095633e-02 1.766705e-02 1.953267e-02 1.826503e-02 2.192530e-02 2.166172e-02 1.822102e-02 1.841641e-02 2.096222e-02 1.944852e-02 2.231444e-02 1.837779e-02 1.984342e-02 2.040664e-02 1.754847e-02 1.670080e-02 2.045142e-02 2.012161e-02 1.812875e-02 1.656832e-02 1.792726e-02 1.746680e-02 1.852343e-02 2.101786e-02 1.650051e-02 1.667721e-02 3.530914e-02 2.108799e-02 1.894421e-02 1.683928e-02 1.642623e-02 1.617604e-02 2.030987e-02 1.669010e-02 1.917536e-02 1.833398e-02 1.742820e-02 1.769085e-02 1.748532e-02 2.003424e-02 1.807040e-02 2.123986e-02 2.086959e-02 2.009299e-02 1.857719e-02 1.817877e-02 1.713866e-02 1.741290e-02 1.778170e-02 1.805136e-02 1.965077e-02 2.027504e-02 2.033451e-02 1.954299e-02 1.789865e-02 1.711848e-02 1.950029e-02 1.717483e-02 2.046066e-02 1.738699e-02 2.044420e-02 1.656284e-02 1.725755e-02 1.904649e-02 1.996727e-02
1.152675e-02 1.258080e-02 1.039754e-02 1.326787e-02 1.187091e-02 1.266353e-02 1.372264e-02 1.176980e-02 1.153719e-02 1.323451e-02 1.217802e-02 1.259239e-02 1.498405e-02 1.376710e-02 1.341384e-02 1.328798e-02 1.150077e-02 1.057707e-02 1.496734e-02 1.213292e-02 1.222685e-02 1.341690e-02 1.283124e-02 1.117163e-02 1.369782e-02 1.303988e-02 1.336935e-02 1.132878e-02 1.359798e-02 1.165949e-02 1.502947e-02 1.338033e-02 1.425632e-02 1.237806e-02 1.234519e-02 1.277339e-02 1.296347e-02 1.160724e-02 1.163641e-02 1.145601e-02 1.345983e-02 1.216117e-02 1.140795e-02 1.318722e-02 1.194312e-02 1.336858e-02 1.146867e-02 1.426792e-02 1.406869e-02 1.306388e-02 1.355260e-02 1.308999e-02 1.371391e-02 1.620376e-02 1.241433e-02 1.447538e-02 1.448856e-02 1.234236e-02 1.165307e-02 1.415048e-02 1.319641e-02 1.238301e-02 1.181535e-02 1.112760e-02 1.258763e-02 1.167226e-02 1.295247e-02 1.182646e-02 1.303873e-02 2.346569e-02 1.376480e-02 1.221237e-02 1.188552e-02 1.111271e-02 1.155998e-02 1.410332e-02 1.101188e-02 1.312261e-02 1.303898e-02 1.100794e-02 1.092835e-02 1.144693e-02 1.296476e-02 1.209018e-02 1.281550e-02 1.411877e-02 1.250126e-02 1.257765e-02 1.299476e-02 1.181504e-02 1.167651e-02 1.264069e-02 1.224354e-02 1.303433e-02 1.465127e-02 1.377802e-02 1.314017e-02 1.180339e-02 1.123400e-02 1.320495e-02 1.212532e-02 1.446562e-02 1.209813e-02 1.442413e-02 1.118852e-02 1.131042e-02 1.224875e-02 1.373589e-02
