# Version 0.0
# Data /lustre/isaac24/proj/UTK0244/cbaillar/Bayes_HEP/Detroit_tune_Project/input/Data/Data__200__pp__PHENIX_2025_I2820229__d02-x01-y03.dat
# Observable: $\frac{1}{N_{jet}}\frac{dN}{dz_g}$
# Subobservable: $z_g$
# Design Design_Rivet.dat
# design_point1 design_point2 design_point3 design_point4 design_point5 design_point6 design_point7 design_point8 design_point9 design_point10 design_point11 design_point12 design_point13 design_point14 design_point15 design_point16 design_point17 design_point18 design_point19 design_point20 design_point21 design_point22 design_point23 design_point24 design_point25 design_point26 design_point27 design_point28 design_point29 design_point30 design_point31 design_point32 design_point33 design_point34 design_point35 design_point36 design_point37 design_point38 design_point39 design_point40 design_point41 design_point42 design_point43 design_point44 design_point45 design_point46 design_point47 design_point48 design_point49 design_point50 design_point51 design_point52 design_point53 design_point54 design_point55 design_point56 design_point57 design_point58 design_point59 design_point60 design_point61 design_point62 design_point63 design_point64 design_point65 design_point66 design_point67 design_point68 design_point69 design_point70 design_point71 design_point72 design_point73 design_point74 design_point75 design_point76 design_point77 design_point78 design_point79 design_point80 design_point81 design_point82 design_point83 design_point84 design_point85 design_point86 design_point87 design_point88 design_point89 design_point90 design_point91 design_point92 design_point93 design_point94 design_point95 design_point96 design_point97 design_point98 design_point99 design_point100 design_point101 design_point102 design_point103 design_point104 design_point105 design_point106 design_point107 design_point108
3.377671e+00 3.389310e+00 3.413788e+00 3.387387e+00 3.387467e+00 3.370941e+00 3.368530e+00 3.379293e+00 3.411622e+00 3.397301e+00 3.365553e+00 3.396511e+00 3.383705e+00 3.397546e+00 3.375699e+00 3.398213e+00 3.377751e+00 3.382575e+00 3.377676e+00 3.400556e+00 3.400595e+00 3.365738e+00 2.999279e+00 3.403345e+00 3.388795e+00 3.378665e+00 3.364603e+00 3.388556e+00 3.378411e+00 3.400460e+00 3.383193e+00 3.375903e+00 3.399576e+00 3.398560e+00 3.379763e+00 3.324484e+00 3.401323e+00 3.380049e+00 3.393242e+00 3.390875e+00 3.390113e+00 3.376200e+00 3.406134e+00 3.372368e+00 3.388277e+00 3.387366e+00 3.391067e+00 3.363709e+00 3.364929e+00 3.402783e+00 3.388941e+00 3.364314e+00 3.395599e+00 3.371028e+00 3.396099e+00 3.357550e+00 3.363746e+00 3.388949e+00 3.401676e+00 3.356955e+00 3.359071e+00 3.379377e+00 3.404197e+00 3.200000e+00 3.402821e+00 3.391951e+00 3.368456e+00 3.383974e+00 3.393640e+00 3.033292e+00 3.374207e+00 3.397827e+00 3.394155e+00 3.394842e+00 3.403912e+00 3.376034e+00 3.382712e+00 3.391090e+00 3.396671e+00 3.384801e+00 3.388805e+00 3.383578e+00 3.310135e+00 3.371186e+00 3.373315e+00 3.371276e+00 3.372789e+00 3.406226e+00 3.397929e+00 3.382415e+00 3.400322e+00 3.393590e+00 3.395771e+00 3.376566e+00 3.384418e+00 3.388833e+00 3.391553e+00 3.399159e+00 3.387506e+00 3.383220e+00 3.384965e+00 3.378165e+00 3.393002e+00 3.387721e+00 3.394210e+00 3.373016e+00 3.328490e+00 3.371254e+00
2.966949e+00 2.968215e+00 2.968283e+00 2.957889e+00 2.968616e+00 2.934461e+00 2.932690e+00 2.969697e+00 2.979806e+00 2.964065e+00 2.943419e+00 2.949070e+00 2.945067e+00 2.955522e+00 2.937038e+00 2.928876e+00 2.960648e+00 2.952750e+00 2.932190e+00 2.991983e+00 2.958885e+00 2.943453e+00 3.013699e+00 2.968547e+00 2.959937e+00 2.958676e+00 2.953748e+00 2.977726e+00 2.949459e+00 2.967439e+00 2.949538e+00 2.959480e+00 2.951336e+00 2.977201e+00 2.982120e+00 2.943202e+00 2.966356e+00 2.981268e+00 2.979584e+00 2.983767e+00 2.972026e+00 2.970246e+00 2.951730e+00 2.943529e+00 2.965877e+00 2.978157e+00 2.966019e+00 2.946052e+00 2.943317e+00 2.956365e+00 2.976143e+00 2.956279e+00 2.963699e+00 2.940710e+00 2.952193e+00 2.961998e+00 2.950620e+00 2.961997e+00 2.956055e+00 2.958924e+00 2.955011e+00 2.972789e+00 2.962087e+00 2.100000e+00 2.979547e+00 2.960293e+00 2.935124e+00 2.971455e+00 2.967547e+00 2.762022e+00 2.936884e+00 2.969332e+00 2.963288e+00 2.968392e+00 2.962086e+00 2.957780e+00 2.977100e+00 2.919312e+00 2.970647e+00 2.994864e+00 2.948471e+00 2.958472e+00 2.878709e+00 2.975360e+00 2.941783e+00 2.929436e+00 2.963969e+00 2.967685e+00 2.978522e+00 2.980337e+00 2.966544e+00 2.976569e+00 2.965716e+00 2.957336e+00 2.938097e+00 2.971576e+00 2.957092e+00 2.957055e+00 2.976000e+00 2.973148e+00 2.964940e+00 2.948375e+00 2.962157e+00 2.941474e+00 2.981882e+00 2.980062e+00 2.950693e+00 2.943896e+00
2.669396e+00 2.647309e+00 2.649792e+00 2.644187e+00 2.643985e+00 2.658131e+00 2.652729e+00 2.667187e+00 2.646189e+00 2.636158e+00 2.645619e+00 2.647833e+00 2.642228e+00 2.639623e+00 2.642500e+00 2.634340e+00 2.652382e+00 2.650231e+00 2.650061e+00 2.648404e+00 2.655993e+00 2.643102e+00 2.869503e+00 2.651828e+00 2.638302e+00 2.652227e+00 2.640017e+00 2.658018e+00 2.642943e+00 2.651796e+00 2.652588e+00 2.651529e+00 2.643544e+00 2.635899e+00 2.641605e+00 2.655001e+00 2.644950e+00 2.652526e+00 2.653544e+00 2.650283e+00 2.646403e+00 2.660154e+00 2.661176e+00 2.649204e+00 2.665963e+00 2.648862e+00 2.651042e+00 2.656719e+00 2.649410e+00 2.635561e+00 2.638306e+00 2.642386e+00 2.647219e+00 2.634665e+00 2.639571e+00 2.633089e+00 2.633092e+00 2.641255e+00 2.671399e+00 2.645354e+00 2.640663e+00 2.661103e+00 2.646688e+00 2.500000e+00 2.648341e+00 2.645233e+00 2.652405e+00 2.653503e+00 2.653530e+00 2.120838e+00 2.639520e+00 2.643617e+00 2.647379e+00 2.648836e+00 2.661302e+00 2.634846e+00 2.642910e+00 2.670515e+00 2.659808e+00 2.651343e+00 2.643629e+00 2.657386e+00 2.719435e+00 2.647157e+00 2.633284e+00 2.642224e+00 2.647889e+00 2.654740e+00 2.643004e+00 2.641224e+00 2.657970e+00 2.652716e+00 2.666160e+00 2.644695e+00 2.661623e+00 2.639032e+00 2.660756e+00 2.647037e+00 2.657742e+00 2.643707e+00 2.663060e+00 2.648387e+00 2.661397e+00 2.648510e+00 2.667994e+00 2.659277e+00 2.594207e+00 2.651600e+00
2.395314e+00 2.406813e+00 2.417046e+00 2.407285e+00 2.399365e+00 2.398790e+00 2.412964e+00 2.394296e+00 2.397647e+00 2.401099e+00 2.410834e+00 2.409826e+00 2.388626e+00 2.405910e+00 2.404819e+00 2.407703e+00 2.417714e+00 2.410561e+00 2.408926e+00 2.403589e+00 2.391071e+00 2.394682e+00 2.393655e+00 2.409417e+00 2.400806e+00 2.419241e+00 2.403731e+00 2.399556e+00 2.409981e+00 2.404781e+00 2.393649e+00 2.408197e+00 2.403479e+00 2.408540e+00 2.407273e+00 2.378624e+00 2.396195e+00 2.392893e+00 2.418729e+00 2.397752e+00 2.402290e+00 2.408843e+00 2.390586e+00 2.415910e+00 2.395211e+00 2.393549e+00 2.381328e+00 2.401911e+00 2.416530e+00 2.399922e+00 2.402945e+00 2.406975e+00 2.411257e+00 2.431685e+00 2.411965e+00 2.418093e+00 2.406980e+00 2.401963e+00 2.400312e+00 2.402955e+00 2.423687e+00 2.397970e+00 2.409097e+00 2.800000e+00 2.391050e+00 2.414790e+00 2.405322e+00 2.405264e+00 2.399676e+00 2.540074e+00 2.408249e+00 2.426520e+00 2.400648e+00 2.401045e+00 2.390906e+00 2.423747e+00 2.384451e+00 2.393976e+00 2.404341e+00 2.400654e+00 2.412021e+00 2.396924e+00 2.378034e+00 2.417317e+00 2.411486e+00 2.400486e+00 2.407498e+00 2.400056e+00 2.398150e+00 2.399351e+00 2.390428e+00 2.401046e+00 2.392773e+00 2.409917e+00 2.404895e+00 2.404456e+00 2.392233e+00 2.394660e+00 2.395166e+00 2.395705e+00 2.397535e+00 2.418400e+00 2.385473e+00 2.389899e+00 2.395222e+00 2.408620e+00 2.338467e+00 2.413482e+00
2.208385e+00 2.212865e+00 2.199020e+00 2.214267e+00 2.218011e+00 2.239907e+00 2.241699e+00 2.208847e+00 2.215447e+00 2.215227e+00 2.233623e+00 2.214053e+00 2.236739e+00 2.225123e+00 2.252493e+00 2.252935e+00 2.196953e+00 2.227195e+00 2.228990e+00 2.195932e+00 2.223923e+00 2.243042e+00 2.350397e+00 2.210465e+00 2.229029e+00 2.212879e+00 2.238225e+00 2.203002e+00 2.213920e+00 2.211677e+00 2.232947e+00 2.220700e+00 2.235123e+00 2.213455e+00 2.202255e+00 2.234452e+00 2.228282e+00 2.217486e+00 2.207144e+00 2.221462e+00 2.218440e+00 2.212630e+00 2.215085e+00 2.232923e+00 2.213778e+00 2.205003e+00 2.214013e+00 2.246214e+00 2.228851e+00 2.229938e+00 2.207073e+00 2.234822e+00 2.215139e+00 2.237698e+00 2.230590e+00 2.236186e+00 2.236413e+00 2.234077e+00 2.209743e+00 2.242892e+00 2.229405e+00 2.209821e+00 2.214013e+00 2.400000e+00 2.205467e+00 2.215630e+00 2.249861e+00 2.209161e+00 2.215306e+00 2.071517e+00 2.230641e+00 2.219282e+00 2.220099e+00 2.227515e+00 2.219648e+00 2.228952e+00 2.216477e+00 2.228647e+00 2.206608e+00 2.210372e+00 2.220619e+00 2.209857e+00 2.205602e+00 2.225789e+00 2.226620e+00 2.242729e+00 2.235273e+00 2.213301e+00 2.228879e+00 2.219627e+00 2.214105e+00 2.214198e+00 2.204626e+00 2.224798e+00 2.223345e+00 2.222966e+00 2.224276e+00 2.218923e+00 2.211971e+00 2.215557e+00 2.202243e+00 2.230536e+00 2.214623e+00 2.243665e+00 2.197250e+00 2.210378e+00 2.229972e+00 2.248627e+00
2.084404e+00 2.083146e+00 2.088857e+00 2.107262e+00 2.082864e+00 2.100581e+00 2.107277e+00 2.086400e+00 2.089098e+00 2.097313e+00 2.113423e+00 2.093851e+00 2.115805e+00 2.103278e+00 2.108972e+00 2.112173e+00 2.100117e+00 2.095445e+00 2.104740e+00 2.085748e+00 2.079300e+00 2.113339e+00 1.932228e+00 2.081373e+00 2.100418e+00 2.095688e+00 2.104459e+00 2.095690e+00 2.105981e+00 2.084741e+00 2.110116e+00 2.113704e+00 2.093696e+00 2.094192e+00 2.093705e+00 2.134420e+00 2.089139e+00 2.094659e+00 2.089542e+00 2.086609e+00 2.084038e+00 2.087745e+00 2.080102e+00 2.096574e+00 2.089705e+00 2.096232e+00 2.085339e+00 2.103442e+00 2.101041e+00 2.096859e+00 2.088293e+00 2.103074e+00 2.098095e+00 2.101175e+00 2.086228e+00 2.111504e+00 2.094521e+00 2.086658e+00 2.084650e+00 2.089421e+00 2.113842e+00 2.088661e+00 2.090270e+00 2.600000e+00 2.085241e+00 2.090846e+00 2.100380e+00 2.098370e+00 2.083476e+00 2.293465e+00 2.123997e+00 2.080109e+00 2.068829e+00 2.093784e+00 2.080119e+00 2.080390e+00 2.089488e+00 2.101940e+00 2.087475e+00 2.082268e+00 2.092063e+00 2.085423e+00 2.177902e+00 2.092428e+00 2.114663e+00 2.114128e+00 2.098835e+00 2.085087e+00 2.077192e+00 2.097499e+00 2.100506e+00 2.085946e+00 2.088912e+00 2.102263e+00 2.108024e+00 2.090882e+00 2.077031e+00 2.091603e+00 2.079963e+00 2.111827e+00 2.084029e+00 2.106190e+00 2.085341e+00 2.116060e+00 2.089579e+00 2.094824e+00 2.162162e+00 2.113456e+00
2.011620e+00 2.016924e+00 1.992681e+00 2.007923e+00 2.005145e+00 2.013525e+00 2.034437e+00 2.007312e+00 2.001011e+00 2.019077e+00 2.028968e+00 2.013797e+00 2.013875e+00 2.015114e+00 2.013185e+00 2.010910e+00 2.011848e+00 2.011775e+00 2.041690e+00 1.998614e+00 2.005918e+00 2.036761e+00 2.062004e+00 1.996401e+00 2.013522e+00 2.015605e+00 2.021654e+00 1.992382e+00 2.026898e+00 2.018573e+00 2.016645e+00 2.013665e+00 2.002672e+00 1.998628e+00 2.018229e+00 2.041553e+00 2.012827e+00 1.994491e+00 1.991139e+00 2.000175e+00 2.009518e+00 2.009302e+00 2.009290e+00 2.022631e+00 2.002733e+00 2.011186e+00 2.025994e+00 2.018778e+00 2.017484e+00 2.006242e+00 2.014308e+00 2.020049e+00 1.999261e+00 2.027354e+00 2.012725e+00 2.019911e+00 2.043514e+00 2.015563e+00 2.002590e+00 2.039068e+00 2.023173e+00 2.002926e+00 2.004936e+00 1.800000e+00 2.009600e+00 1.999819e+00 2.026205e+00 2.003872e+00 1.991430e+00 2.194821e+00 2.030105e+00 1.992466e+00 2.021202e+00 2.001820e+00 2.004321e+00 2.039438e+00 2.011517e+00 2.021514e+00 2.003412e+00 2.005683e+00 2.006820e+00 2.021648e+00 1.995083e+00 2.008615e+00 2.040201e+00 2.036618e+00 2.012705e+00 2.005009e+00 2.004215e+00 2.011103e+00 2.001205e+00 2.015154e+00 1.996279e+00 2.005858e+00 1.999877e+00 2.010095e+00 2.004870e+00 2.011947e+00 2.010413e+00 1.995637e+00 2.013589e+00 2.013480e+00 2.010518e+00 2.022348e+00 1.987299e+00 2.003833e+00 2.063354e+00 2.019581e+00
1.960947e+00 1.946718e+00 1.938262e+00 1.958446e+00 1.959494e+00 1.971984e+00 1.950692e+00 1.951939e+00 1.927293e+00 1.948007e+00 1.963233e+00 1.942120e+00 1.966329e+00 1.953201e+00 1.967537e+00 1.962973e+00 1.954377e+00 1.959880e+00 1.961118e+00 1.947939e+00 1.949603e+00 1.960688e+00 2.033165e+00 1.943146e+00 1.967423e+00 1.965365e+00 1.973409e+00 1.954742e+00 1.970536e+00 1.932322e+00 1.956841e+00 1.941527e+00 1.954575e+00 1.944545e+00 1.950759e+00 1.975701e+00 1.939089e+00 1.952033e+00 1.934955e+00 1.938525e+00 1.951828e+00 1.953888e+00 1.952494e+00 1.971513e+00 1.947134e+00 1.946083e+00 1.961219e+00 1.964636e+00 1.972318e+00 1.940415e+00 1.958549e+00 1.964058e+00 1.945174e+00 1.959517e+00 1.940787e+00 1.962297e+00 1.969963e+00 1.933767e+00 1.938485e+00 1.961594e+00 1.957431e+00 1.949996e+00 1.939178e+00 2.200000e+00 1.952938e+00 1.956761e+00 1.966894e+00 1.950141e+00 1.959304e+00 2.515413e+00 1.967774e+00 1.946460e+00 1.955159e+00 1.936798e+00 1.945161e+00 1.954963e+00 1.955433e+00 1.971769e+00 1.938594e+00 1.937882e+00 1.955604e+00 1.952579e+00 1.975693e+00 1.938410e+00 1.964716e+00 1.963695e+00 1.950410e+00 1.947796e+00 1.943888e+00 1.947462e+00 1.939933e+00 1.938870e+00 1.947828e+00 1.960483e+00 1.965313e+00 1.959743e+00 1.971801e+00 1.947412e+00 1.950764e+00 1.956532e+00 1.954362e+00 1.961935e+00 1.955920e+00 1.948469e+00 1.945477e+00 1.942527e+00 1.921922e+00 1.945699e+00
