# Version 0.0
# Data /lustre/isaac24/proj/UTK0244/cbaillar/Bayes_HEP/Detroit_tune_Project/input/Data/Data__200__pp__PHENIX_2025_I2820229__d02-x01-y04.dat
# Observable: $\frac{1}{N_{jet}}\frac{dN}{dz_g}$
# Subobservable: $z_g$
# Design Design_Rivet.dat
# design_point1 design_point2 design_point3 design_point4 design_point5 design_point6 design_point7 design_point8 design_point9 design_point10 design_point11 design_point12 design_point13 design_point14 design_point15 design_point16 design_point17 design_point18 design_point19 design_point20 design_point21 design_point22 design_point23 design_point24 design_point25 design_point26 design_point27 design_point28 design_point29 design_point30 design_point31 design_point32 design_point33 design_point34 design_point35 design_point36 design_point37 design_point38 design_point39 design_point40 design_point41 design_point42 design_point43 design_point44 design_point45 design_point46 design_point47 design_point48 design_point49 design_point50 design_point51 design_point52 design_point53 design_point54 design_point55 design_point56 design_point57 design_point58 design_point59 design_point60 design_point61 design_point62 design_point63 design_point64 design_point65 design_point66 design_point67 design_point68 design_point69 design_point70 design_point71 design_point72 design_point73 design_point74 design_point75 design_point76 design_point77 design_point78 design_point79 design_point80 design_point81 design_point82 design_point83 design_point84 design_point85 design_point86 design_point87 design_point88 design_point89 design_point90 design_point91 design_point92 design_point93 design_point94 design_point95 design_point96 design_point97 design_point98 design_point99 design_point100 design_point101 design_point102 design_point103 design_point104 design_point105 design_point106 design_point107 design_point108
3.761957e+00 3.766399e+00 3.767748e+00 3.752079e+00 3.767323e+00 3.745596e+00 3.748679e+00 3.790327e+00 3.765969e+00 3.767668e+00 3.743308e+00 3.780786e+00 3.748649e+00 3.743479e+00 3.739471e+00 3.735683e+00 3.744296e+00 3.758683e+00 3.729047e+00 3.770644e+00 3.775036e+00 3.733570e+00 3.653846e+00 3.774569e+00 3.751726e+00 3.747032e+00 3.740007e+00 3.775441e+00 3.742139e+00 3.769940e+00 3.753881e+00 3.762513e+00 3.735653e+00 3.775339e+00 3.752718e+00 3.713483e+00 3.771753e+00 3.781539e+00 3.778274e+00 3.750806e+00 3.761729e+00 3.745629e+00 3.779474e+00 3.731757e+00 3.774874e+00 3.779207e+00 3.750053e+00 3.719396e+00 3.746334e+00 3.761904e+00 3.776486e+00 3.750425e+00 3.770694e+00 3.732408e+00 3.778812e+00 3.735533e+00 3.731145e+00 3.766904e+00 3.770891e+00 3.752527e+00 3.742049e+00 3.776332e+00 3.787517e+00 3.636364e+00 3.782734e+00 3.771154e+00 3.729698e+00 3.770671e+00 3.781242e+00 3.247664e+00 3.728010e+00 3.774066e+00 3.791393e+00 3.785437e+00 3.786566e+00 3.731473e+00 3.756591e+00 3.735249e+00 3.783972e+00 3.761127e+00 3.784543e+00 3.791504e+00 3.656130e+00 3.782442e+00 3.725566e+00 3.735889e+00 3.768523e+00 3.764319e+00 3.777568e+00 3.765633e+00 3.770421e+00 3.788730e+00 3.773365e+00 3.767947e+00 3.766740e+00 3.749605e+00 3.760811e+00 3.776953e+00 3.771118e+00 3.751238e+00 3.772707e+00 3.710272e+00 3.792151e+00 3.730507e+00 3.799507e+00 3.771411e+00 3.591582e+00 3.723018e+00
3.169543e+00 3.154640e+00 3.170904e+00 3.156598e+00 3.156993e+00 3.139301e+00 3.126306e+00 3.157432e+00 3.155174e+00 3.154116e+00 3.159343e+00 3.161929e+00 3.141774e+00 3.146645e+00 3.135879e+00 3.164463e+00 3.180761e+00 3.122276e+00 3.145572e+00 3.160845e+00 3.172113e+00 3.142874e+00 3.064103e+00 3.148247e+00 3.141447e+00 3.147877e+00 3.143447e+00 3.162572e+00 3.136165e+00 3.159672e+00 3.146005e+00 3.135697e+00 3.146807e+00 3.146239e+00 3.159926e+00 3.113344e+00 3.148216e+00 3.170827e+00 3.167882e+00 3.178798e+00 3.176610e+00 3.165937e+00 3.157378e+00 3.140678e+00 3.150512e+00 3.157117e+00 3.150325e+00 3.153243e+00 3.149359e+00 3.152096e+00 3.160078e+00 3.154788e+00 3.155848e+00 3.146677e+00 3.141752e+00 3.138755e+00 3.140080e+00 3.161238e+00 3.160568e+00 3.139889e+00 3.149552e+00 3.162330e+00 3.169227e+00 3.223140e+00 3.150632e+00 3.164269e+00 3.147521e+00 3.169275e+00 3.166569e+00 3.130841e+00 3.145910e+00 3.159430e+00 3.141171e+00 3.175285e+00 3.178942e+00 3.152327e+00 3.165554e+00 3.146236e+00 3.170726e+00 3.157822e+00 3.166384e+00 3.154160e+00 3.163959e+00 3.161390e+00 3.131257e+00 3.126390e+00 3.146563e+00 3.165363e+00 3.168685e+00 3.159653e+00 3.156890e+00 3.150733e+00 3.169954e+00 3.148382e+00 3.151415e+00 3.161661e+00 3.150327e+00 3.168586e+00 3.172747e+00 3.159036e+00 3.175339e+00 3.165478e+00 3.149799e+00 3.145374e+00 3.159349e+00 3.164941e+00 2.997886e+00 3.149324e+00
2.702166e+00 2.700362e+00 2.694960e+00 2.698756e+00 2.696748e+00 2.709483e+00 2.683255e+00 2.703214e+00 2.698824e+00 2.695642e+00 2.683243e+00 2.698387e+00 2.701847e+00 2.694803e+00 2.708270e+00 2.697808e+00 2.688949e+00 2.691788e+00 2.692481e+00 2.700436e+00 2.682156e+00 2.698410e+00 2.923077e+00 2.691600e+00 2.690222e+00 2.693202e+00 2.706563e+00 2.687741e+00 2.700985e+00 2.697918e+00 2.685442e+00 2.693505e+00 2.689905e+00 2.699898e+00 2.703094e+00 2.690566e+00 2.698535e+00 2.706503e+00 2.678078e+00 2.699703e+00 2.687096e+00 2.687585e+00 2.686021e+00 2.694369e+00 2.706565e+00 2.676057e+00 2.695916e+00 2.700021e+00 2.694523e+00 2.694060e+00 2.704506e+00 2.677073e+00 2.692229e+00 2.689610e+00 2.693119e+00 2.703616e+00 2.701359e+00 2.689591e+00 2.699548e+00 2.685008e+00 2.689546e+00 2.697609e+00 2.700728e+00 1.735537e+00 2.697018e+00 2.706624e+00 2.705058e+00 2.695092e+00 2.693245e+00 2.406542e+00 2.687870e+00 2.683974e+00 2.693450e+00 2.708424e+00 2.686395e+00 2.701509e+00 2.713774e+00 2.704293e+00 2.689851e+00 2.708969e+00 2.689101e+00 2.695060e+00 2.704874e+00 2.679796e+00 2.701615e+00 2.700223e+00 2.697147e+00 2.685401e+00 2.692556e+00 2.693208e+00 2.701573e+00 2.702452e+00 2.686398e+00 2.694939e+00 2.689786e+00 2.678494e+00 2.707134e+00 2.684796e+00 2.701280e+00 2.688912e+00 2.691591e+00 2.698281e+00 2.689182e+00 2.702663e+00 2.688984e+00 2.700179e+00 2.749747e+00 2.683793e+00
2.359446e+00 2.346676e+00 2.346240e+00 2.345763e+00 2.357130e+00 2.358057e+00 2.370014e+00 2.344077e+00 2.354574e+00 2.351465e+00 2.343407e+00 2.338389e+00 2.360041e+00 2.364261e+00 2.358186e+00 2.369562e+00 2.354075e+00 2.358477e+00 2.354887e+00 2.355842e+00 2.346843e+00 2.361577e+00 2.397436e+00 2.350146e+00 2.353366e+00 2.372149e+00 2.362424e+00 2.341973e+00 2.372360e+00 2.353366e+00 2.365708e+00 2.361941e+00 2.355468e+00 2.351079e+00 2.359234e+00 2.359850e+00 2.359142e+00 2.343227e+00 2.356294e+00 2.354631e+00 2.351063e+00 2.374254e+00 2.361124e+00 2.364111e+00 2.352462e+00 2.349519e+00 2.363770e+00 2.372134e+00 2.354782e+00 2.343314e+00 2.361213e+00 2.362380e+00 2.346676e+00 2.369010e+00 2.359754e+00 2.361206e+00 2.353720e+00 2.358613e+00 2.360215e+00 2.371733e+00 2.354428e+00 2.351923e+00 2.350011e+00 2.727273e+00 2.338757e+00 2.353343e+00 2.373114e+00 2.353463e+00 2.351142e+00 2.663551e+00 2.359833e+00 2.357422e+00 2.359387e+00 2.332998e+00 2.349612e+00 2.360611e+00 2.353995e+00 2.359436e+00 2.359088e+00 2.357829e+00 2.357112e+00 2.354103e+00 2.319645e+00 2.357786e+00 2.364042e+00 2.365797e+00 2.355408e+00 2.348248e+00 2.345248e+00 2.355119e+00 2.348081e+00 2.346089e+00 2.351313e+00 2.355150e+00 2.351023e+00 2.366444e+00 2.356890e+00 2.346631e+00 2.357071e+00 2.346742e+00 2.352251e+00 2.359232e+00 2.357811e+00 2.363451e+00 2.343504e+00 2.347766e+00 2.424410e+00 2.372668e+00
2.126167e+00 2.120913e+00 2.114799e+00 2.123436e+00 2.117569e+00 2.130307e+00 2.140065e+00 2.118736e+00 2.106674e+00 2.126528e+00 2.135048e+00 2.110680e+00 2.126975e+00 2.128772e+00 2.138281e+00 2.126677e+00 2.132043e+00 2.137743e+00 2.141932e+00 2.104726e+00 2.114965e+00 2.127182e+00 1.923077e+00 2.109467e+00 2.142875e+00 2.132458e+00 2.137080e+00 2.113383e+00 2.121531e+00 2.115422e+00 2.123972e+00 2.121372e+00 2.141571e+00 2.107762e+00 2.120450e+00 2.145198e+00 2.126072e+00 2.103421e+00 2.114793e+00 2.102764e+00 2.105662e+00 2.128102e+00 2.111494e+00 2.137202e+00 2.111608e+00 2.117809e+00 2.130538e+00 2.125638e+00 2.126587e+00 2.116692e+00 2.107931e+00 2.123463e+00 2.117081e+00 2.151606e+00 2.120413e+00 2.131597e+00 2.139526e+00 2.124642e+00 2.115245e+00 2.126946e+00 2.138158e+00 2.104424e+00 2.103440e+00 1.983471e+00 2.112956e+00 2.118896e+00 2.140279e+00 2.111527e+00 2.114217e+00 2.196262e+00 2.135478e+00 2.126587e+00 2.112760e+00 2.117482e+00 2.112266e+00 2.137957e+00 2.099518e+00 2.124641e+00 2.113630e+00 2.111493e+00 2.104801e+00 2.121397e+00 2.179616e+00 2.115934e+00 2.131877e+00 2.148573e+00 2.121053e+00 2.126951e+00 2.101959e+00 2.108006e+00 2.124580e+00 2.109865e+00 2.115912e+00 2.119033e+00 2.130867e+00 2.134054e+00 2.117445e+00 2.117626e+00 2.111254e+00 2.127384e+00 2.116942e+00 2.136341e+00 2.111291e+00 2.125179e+00 2.113994e+00 2.119620e+00 2.167080e+00 2.142380e+00
1.959460e+00 1.951423e+00 1.960712e+00 1.977709e+00 1.966082e+00 1.962518e+00 1.971015e+00 1.961945e+00 1.968535e+00 1.961592e+00 1.980929e+00 1.955893e+00 1.968832e+00 1.983429e+00 1.977557e+00 1.973835e+00 1.957290e+00 1.973986e+00 1.993418e+00 1.956422e+00 1.963091e+00 1.974067e+00 2.076923e+00 1.970382e+00 1.978190e+00 1.974038e+00 1.965892e+00 1.961107e+00 1.990841e+00 1.962373e+00 1.976659e+00 1.973701e+00 1.976787e+00 1.967592e+00 1.954252e+00 2.005669e+00 1.954968e+00 1.952257e+00 1.970533e+00 1.958698e+00 1.959316e+00 1.958263e+00 1.952137e+00 1.977617e+00 1.962170e+00 1.958088e+00 1.968117e+00 1.990632e+00 1.979492e+00 1.964627e+00 1.958861e+00 1.970346e+00 1.976426e+00 1.975863e+00 1.966731e+00 1.977178e+00 1.976997e+00 1.955740e+00 1.951873e+00 1.980445e+00 1.975491e+00 1.968310e+00 1.965253e+00 2.148760e+00 1.978513e+00 1.958409e+00 1.980220e+00 1.951686e+00 1.961543e+00 2.079439e+00 1.982154e+00 1.949875e+00 1.967221e+00 1.958318e+00 1.952190e+00 1.968094e+00 1.956762e+00 1.990227e+00 1.954750e+00 1.962344e+00 1.975474e+00 1.953840e+00 1.991728e+00 1.966809e+00 1.971843e+00 1.969778e+00 1.960256e+00 1.963463e+00 1.958052e+00 1.956310e+00 1.961624e+00 1.950777e+00 1.956359e+00 1.968708e+00 1.966694e+00 1.961034e+00 1.962345e+00 1.962566e+00 1.955395e+00 1.970343e+00 1.958119e+00 1.986805e+00 1.972424e+00 1.986140e+00 1.952021e+00 1.956033e+00 1.940998e+00 1.979566e+00
1.858534e+00 1.877604e+00 1.850493e+00 1.870545e+00 1.872893e+00 1.889204e+00 1.883115e+00 1.851728e+00 1.865114e+00 1.873478e+00 1.886161e+00 1.865901e+00 1.878682e+00 1.872504e+00 1.870603e+00 1.867503e+00 1.865592e+00 1.885739e+00 1.870312e+00 1.873450e+00 1.871779e+00 1.888742e+00 1.743590e+00 1.864430e+00 1.876968e+00 1.866605e+00 1.881575e+00 1.859316e+00 1.869788e+00 1.859657e+00 1.872907e+00 1.870399e+00 1.877480e+00 1.881499e+00 1.871490e+00 1.876734e+00 1.863078e+00 1.863527e+00 1.848580e+00 1.872657e+00 1.874533e+00 1.866440e+00 1.872445e+00 1.892016e+00 1.869154e+00 1.866444e+00 1.869233e+00 1.876614e+00 1.875660e+00 1.877591e+00 1.868410e+00 1.882890e+00 1.871010e+00 1.878349e+00 1.858887e+00 1.870773e+00 1.881499e+00 1.864713e+00 1.875525e+00 1.868665e+00 1.878922e+00 1.860984e+00 1.850486e+00 2.066116e+00 1.856168e+00 1.865176e+00 1.871734e+00 1.874523e+00 1.850104e+00 1.962617e+00 1.879632e+00 1.869435e+00 1.861297e+00 1.855325e+00 1.858288e+00 1.878106e+00 1.866482e+00 1.884656e+00 1.859878e+00 1.865215e+00 1.857900e+00 1.858568e+00 1.892467e+00 1.867255e+00 1.897514e+00 1.869963e+00 1.878712e+00 1.861804e+00 1.876721e+00 1.873620e+00 1.859593e+00 1.866022e+00 1.869751e+00 1.866151e+00 1.871820e+00 1.876134e+00 1.874529e+00 1.865018e+00 1.865171e+00 1.874767e+00 1.864615e+00 1.872532e+00 1.865419e+00 1.877875e+00 1.863008e+00 1.863957e+00 1.893208e+00 1.886718e+00
1.802234e+00 1.813511e+00 1.817128e+00 1.817036e+00 1.794520e+00 1.809169e+00 1.827528e+00 1.800477e+00 1.810233e+00 1.804672e+00 1.821025e+00 1.815067e+00 1.819642e+00 1.813044e+00 1.821418e+00 1.816457e+00 1.803623e+00 1.814415e+00 1.821028e+00 1.804097e+00 1.800083e+00 1.825994e+00 1.858974e+00 1.816733e+00 1.813299e+00 1.807283e+00 1.808976e+00 1.825248e+00 1.821490e+00 1.811986e+00 1.816030e+00 1.816535e+00 1.819354e+00 1.804065e+00 1.811187e+00 1.842076e+00 1.808978e+00 1.803307e+00 1.807414e+00 1.808406e+00 1.809841e+00 1.808633e+00 1.809019e+00 1.813544e+00 1.799020e+00 1.823279e+00 1.812678e+00 1.815387e+00 1.815443e+00 1.813147e+00 1.790574e+00 1.822709e+00 1.802249e+00 1.816932e+00 1.810467e+00 1.830599e+00 1.823534e+00 1.800809e+00 1.788589e+00 1.819493e+00 1.822814e+00 1.806795e+00 1.801022e+00 2.396694e+00 1.809527e+00 1.793969e+00 1.804768e+00 1.802526e+00 1.807261e+00 1.869159e+00 1.839585e+00 1.812128e+00 1.802314e+00 1.793702e+00 1.804289e+00 1.816053e+00 1.815055e+00 1.807548e+00 1.799395e+00 1.804056e+00 1.793456e+00 1.800406e+00 1.817430e+00 1.798523e+00 1.828492e+00 1.834010e+00 1.808473e+00 1.814084e+00 1.806924e+00 1.814778e+00 1.797730e+00 1.818113e+00 1.801731e+00 1.817413e+00 1.808983e+00 1.813543e+00 1.804503e+00 1.804080e+00 1.797398e+00 1.814360e+00 1.795612e+00 1.820683e+00 1.790689e+00 1.812680e+00 1.803053e+00 1.806117e+00 1.963055e+00 1.818223e+00
