# Version 0.0
# Data /lustre/isaac24/proj/UTK0244/cbaillar/Bayes_HEP/Detroit_tune_Project/input/Data/Data__200__pp__PHENIX_2025_I2820229__d08-x01-y03.dat
# Observable: $\frac{1}{N_{jet}}\frac{dN}{rdr}$
# Subobservable: r
# Design Design_Rivet.dat
# design_point1 design_point2 design_point3 design_point4 design_point5 design_point6 design_point7 design_point8 design_point9 design_point10 design_point11 design_point12 design_point13 design_point14 design_point15 design_point16 design_point17 design_point18 design_point19 design_point20 design_point21 design_point22 design_point23 design_point24 design_point25 design_point26 design_point27 design_point28 design_point29 design_point30 design_point31 design_point32 design_point33 design_point34 design_point35 design_point36 design_point37 design_point38 design_point39 design_point40 design_point41 design_point42 design_point43 design_point44 design_point45 design_point46 design_point47 design_point48 design_point49 design_point50 design_point51 design_point52 design_point53 design_point54 design_point55 design_point56 design_point57 design_point58 design_point59 design_point60 design_point61 design_point62 design_point63 design_point64 design_point65 design_point66 design_point67 design_point68 design_point69 design_point70 design_point71 design_point72 design_point73 design_point74 design_point75 design_point76 design_point77 design_point78 design_point79 design_point80 design_point81 design_point82 design_point83 design_point84 design_point85 design_point86 design_point87 design_point88 design_point89 design_point90 design_point91 design_point92 design_point93 design_point94 design_point95 design_point96 design_point97 design_point98 design_point99 design_point100 design_point101 design_point102 design_point103 design_point104 design_point105 design_point106 design_point107 design_point108
7.176328e+02 7.142319e+02 7.119157e+02 7.124744e+02 7.147990e+02 7.079798e+02 7.083861e+02 7.188490e+02 7.243248e+02 7.190213e+02 7.009158e+02 7.107975e+02 7.040907e+02 7.081056e+02 7.031714e+02 7.062289e+02 7.100696e+02 7.151160e+02 7.076534e+02 7.137940e+02 7.127469e+02 7.056386e+02 7.053667e+02 7.113667e+02 7.019910e+02 7.155274e+02 2.117900e+03 7.194917e+02 7.037616e+02 8.349055e+02 7.043441e+02 7.088719e+02 7.146905e+02 7.172205e+02 7.096580e+02 7.788178e+02 7.048580e+02 7.563772e+02 7.336983e+02 7.145985e+02 7.170537e+02 7.123939e+02 7.151070e+02 7.032024e+02 7.164038e+02 7.179799e+02 7.128154e+02 7.072986e+02 7.113980e+02 1.754826e+03 7.181822e+02 7.065437e+02 7.128484e+02 7.043925e+02 7.121271e+02 7.069724e+02 8.321892e+02 7.104139e+02 9.417392e+02 7.272169e+02 1.085974e+03 7.185546e+02 7.151658e+02 7.410984e+02 7.128204e+02 7.299504e+02 7.017323e+02 7.126592e+02 7.197480e+02 7.653018e+02 6.990099e+02 7.167592e+02 7.229729e+02 7.177375e+02 7.168311e+02 2.338439e+03 7.120906e+02 7.025232e+02 7.185671e+02 7.158705e+02 5.522812e+03 7.149768e+02 7.268131e+02 7.135231e+02 7.047689e+02 7.127793e+02 7.131768e+02 7.101693e+02 7.106552e+02 7.343479e+02 7.094062e+02 7.068569e+02 7.477791e+02 7.128726e+02 7.098274e+02 7.070858e+02 4.606475e+03 7.104942e+02 7.167166e+02 7.130213e+02 7.142644e+02 7.043431e+02 7.155299e+02 7.134954e+02 7.180257e+02 1.027204e+03 7.656772e+02 7.075855e+02
3.956361e+02 3.963576e+02 3.954117e+02 4.009614e+02 3.964963e+02 4.013686e+02 4.062859e+02 3.954041e+02 3.953466e+02 3.983067e+02 4.062512e+02 3.951929e+02 4.035301e+02 4.076683e+02 4.052749e+02 4.081813e+02 3.971705e+02 4.041866e+02 4.065114e+02 3.960871e+02 3.956195e+02 4.063458e+02 4.098946e+02 3.951820e+02 4.030645e+02 4.065831e+02 4.033257e+02 3.952030e+02 4.059488e+02 3.945497e+02 4.024370e+02 3.994979e+02 4.082009e+02 3.965495e+02 3.961614e+02 4.069011e+02 3.977480e+02 3.944345e+02 3.949331e+02 3.954360e+02 3.972244e+02 3.997210e+02 3.959425e+02 4.060367e+02 3.958688e+02 3.963585e+02 4.014884e+02 4.062747e+02 4.018088e+02 3.959838e+02 3.963080e+02 4.034178e+02 3.971353e+02 4.063007e+02 3.955069e+02 4.038722e+02 4.042924e+02 3.952887e+02 3.950942e+02 4.028637e+02 4.055479e+02 3.953845e+02 3.945905e+02 4.075582e+02 3.950762e+02 3.967062e+02 4.058226e+02 3.959470e+02 3.946143e+02 4.093960e+02 4.072020e+02 3.975535e+02 3.965973e+02 3.956467e+02 3.949511e+02 4.038154e+02 3.947704e+02 4.068184e+02 3.951866e+02 3.954355e+02 3.952127e+02 3.953438e+02 4.066777e+02 3.972729e+02 4.062766e+02 4.044275e+02 3.995057e+02 3.990952e+02 3.955080e+02 3.963346e+02 3.956235e+02 3.966369e+02 3.954335e+02 3.984028e+02 4.008194e+02 4.005509e+02 3.990811e+02 3.952364e+02 3.953609e+02 3.981188e+02 3.949768e+02 4.077156e+02 3.957567e+02 4.080581e+02 3.940452e+02 3.957709e+02 4.089407e+02 4.063548e+02
2.294981e+02 2.305064e+02 2.267641e+02 2.370112e+02 2.294029e+02 2.376342e+02 2.447685e+02 2.276528e+02 2.278035e+02 2.333424e+02 2.439810e+02 2.281291e+02 2.397893e+02 2.456903e+02 2.429952e+02 2.455839e+02 2.300126e+02 2.404925e+02 2.450072e+02 2.287392e+02 2.288479e+02 2.436940e+02 2.379403e+02 2.275077e+02 2.404544e+02 2.429623e+02 2.397516e+02 2.272999e+02 2.447711e+02 2.278123e+02 2.386327e+02 2.348309e+02 2.446656e+02 2.289039e+02 2.298322e+02 2.459159e+02 2.313338e+02 2.269117e+02 2.271861e+02 2.283210e+02 2.302101e+02 2.346991e+02 2.285361e+02 2.456511e+02 2.281801e+02 2.286490e+02 2.375435e+02 2.451455e+02 2.382046e+02 2.292746e+02 2.286392e+02 2.396686e+02 2.309744e+02 2.456422e+02 2.289396e+02 2.420643e+02 2.425294e+02 2.280523e+02 2.268209e+02 2.391426e+02 2.447196e+02 2.283038e+02 2.273082e+02 2.374613e+02 2.290846e+02 2.290228e+02 2.449767e+02 2.290852e+02 2.274550e+02 2.376484e+02 2.458568e+02 2.312468e+02 2.291296e+02 2.278033e+02 2.269879e+02 2.408492e+02 2.272460e+02 2.445758e+02 2.280936e+02 2.281654e+02 2.276223e+02 2.273591e+02 2.445783e+02 2.310419e+02 2.448507e+02 2.427238e+02 2.350611e+02 2.321149e+02 2.283444e+02 2.292510e+02 2.275575e+02 2.299935e+02 2.280389e+02 2.333926e+02 2.357308e+02 2.351886e+02 2.335880e+02 2.278737e+02 2.274092e+02 2.314105e+02 2.271435e+02 2.456407e+02 2.284902e+02 2.454067e+02 2.264707e+02 2.279440e+02 2.389061e+02 2.437193e+02
1.409043e+02 1.421728e+02 1.387931e+02 1.487767e+02 1.408008e+02 1.491727e+02 1.561831e+02 1.389989e+02 1.394688e+02 1.443887e+02 1.558093e+02 1.405012e+02 1.511413e+02 1.568971e+02 1.545740e+02 1.576507e+02 1.417522e+02 1.520898e+02 1.560885e+02 1.402645e+02 1.402605e+02 1.556543e+02 1.512307e+02 1.390753e+02 1.515897e+02 1.551909e+02 1.512479e+02 1.393952e+02 1.561526e+02 1.388225e+02 1.501533e+02 1.465997e+02 1.570558e+02 1.402047e+02 1.414405e+02 1.567887e+02 1.433527e+02 1.387292e+02 1.393110e+02 1.402786e+02 1.415263e+02 1.463893e+02 1.401304e+02 1.568305e+02 1.401366e+02 1.406532e+02 1.487677e+02 1.560821e+02 1.494490e+02 1.405716e+02 1.404890e+02 1.517169e+02 1.425236e+02 1.575549e+02 1.407567e+02 1.533349e+02 1.540987e+02 1.392555e+02 1.384849e+02 1.506741e+02 1.562737e+02 1.399664e+02 1.391589e+02 1.428501e+02 1.404230e+02 1.408813e+02 1.563257e+02 1.408570e+02 1.390103e+02 1.444480e+02 1.572854e+02 1.430620e+02 1.401382e+02 1.391994e+02 1.388309e+02 1.522110e+02 1.381853e+02 1.560850e+02 1.400585e+02 1.399279e+02 1.389195e+02 1.390888e+02 1.548218e+02 1.430315e+02 1.562163e+02 1.546987e+02 1.467896e+02 1.438375e+02 1.405056e+02 1.408228e+02 1.387692e+02 1.414254e+02 1.395272e+02 1.450644e+02 1.473516e+02 1.466459e+02 1.455151e+02 1.397727e+02 1.394366e+02 1.434805e+02 1.391949e+02 1.566850e+02 1.402839e+02 1.571455e+02 1.387050e+02 1.398023e+02 1.500871e+02 1.556055e+02
9.028583e+01 9.138593e+01 8.833223e+01 9.714912e+01 9.014805e+01 9.781725e+01 1.048994e+02 8.857309e+01 8.918547e+01 9.352526e+01 1.037786e+02 8.952314e+01 9.996336e+01 1.051495e+02 1.025269e+02 1.055547e+02 9.091148e+01 1.008328e+02 1.043455e+02 8.989802e+01 8.983969e+01 1.037842e+02 9.303536e+01 8.867856e+01 9.988664e+01 1.033359e+02 9.976707e+01 8.892544e+01 1.044842e+02 8.846597e+01 9.858686e+01 9.572081e+01 1.056923e+02 8.953143e+01 9.048499e+01 1.041094e+02 9.268966e+01 8.835450e+01 8.873989e+01 8.953359e+01 9.085303e+01 9.521495e+01 8.952244e+01 1.050596e+02 8.956593e+01 9.020406e+01 9.801060e+01 1.040682e+02 9.811255e+01 9.029763e+01 8.996854e+01 1.000879e+02 9.165315e+01 1.052887e+02 9.002174e+01 1.018187e+02 1.021543e+02 8.932414e+01 8.845491e+01 9.897461e+01 1.043687e+02 8.955417e+01 8.898149e+01 1.002903e+02 8.973545e+01 9.028316e+01 1.042255e+02 8.996657e+01 8.886402e+01 9.465259e+01 1.054357e+02 9.208729e+01 8.997151e+01 8.863976e+01 8.839886e+01 1.006837e+02 8.838007e+01 1.039990e+02 8.947628e+01 8.933210e+01 8.874192e+01 8.853204e+01 1.044328e+02 9.180107e+01 1.042652e+02 1.029106e+02 9.550616e+01 9.320776e+01 8.987527e+01 9.022090e+01 8.819772e+01 9.084524e+01 8.896948e+01 9.389702e+01 9.638513e+01 9.556513e+01 9.451008e+01 8.914438e+01 8.896962e+01 9.282854e+01 8.877066e+01 1.048154e+02 8.947198e+01 1.055901e+02 8.805648e+01 8.917536e+01 1.002307e+02 1.034633e+02
4.224486e+01 4.319439e+01 4.100905e+01 4.755698e+01 4.227718e+01 4.782973e+01 5.369497e+01 4.108376e+01 4.148374e+01 4.460343e+01 5.251667e+01 4.176637e+01 4.924702e+01 5.374422e+01 5.161464e+01 5.398861e+01 4.289051e+01 5.028721e+01 5.291238e+01 4.196448e+01 4.190805e+01 5.278159e+01 4.831104e+01 4.113742e+01 4.945182e+01 5.244829e+01 4.903892e+01 4.127741e+01 5.314857e+01 4.093681e+01 4.842140e+01 4.592862e+01 5.468046e+01 4.190517e+01 4.254454e+01 5.274362e+01 4.406801e+01 4.067915e+01 4.119226e+01 4.175501e+01 4.286910e+01 4.581848e+01 4.188495e+01 5.341155e+01 4.172808e+01 4.219463e+01 4.825852e+01 5.268363e+01 4.783505e+01 4.235526e+01 4.206486e+01 4.950913e+01 4.352807e+01 5.355032e+01 4.202800e+01 5.080919e+01 5.110490e+01 4.150632e+01 4.087121e+01 4.868775e+01 5.269447e+01 4.173208e+01 4.132419e+01 5.159200e+01 4.190803e+01 4.218543e+01 5.281729e+01 4.210126e+01 4.118090e+01 4.554119e+01 5.328643e+01 4.391494e+01 4.209212e+01 4.114476e+01 4.086930e+01 5.010666e+01 4.080012e+01 5.261031e+01 4.173325e+01 4.152003e+01 4.117734e+01 4.107254e+01 5.190236e+01 4.361047e+01 5.263507e+01 5.150980e+01 4.610022e+01 4.457337e+01 4.191748e+01 4.204217e+01 4.103628e+01 4.259673e+01 4.154648e+01 4.489338e+01 4.695299e+01 4.619784e+01 4.536344e+01 4.145057e+01 4.137724e+01 4.398116e+01 4.113430e+01 5.331481e+01 4.169903e+01 5.424922e+01 4.091738e+01 4.141924e+01 4.963994e+01 5.211931e+01
