# Version 0.0
# Data /lustre/isaac24/proj/UTK0244/cbaillar/Bayes_HEP/Detroit_tune_Project/input/Data/Data__200__pp__PHENIX_2025_I2820229__d06-x01-y03.dat
# Observable: $\frac{1}{N_{jet}}(j_T/p_T^{jet})\frac{dN}{d(j_T/p_T^{jet})}$
# Subobservable: $j_T/p_T^{jet}$
# Design Design_Rivet.dat
# design_point1 design_point2 design_point3 design_point4 design_point5 design_point6 design_point7 design_point8 design_point9 design_point10 design_point11 design_point12 design_point13 design_point14 design_point15 design_point16 design_point17 design_point18 design_point19 design_point20 design_point21 design_point22 design_point23 design_point24 design_point25 design_point26 design_point27 design_point28 design_point29 design_point30 design_point31 design_point32 design_point33 design_point34 design_point35 design_point36 design_point37 design_point38 design_point39 design_point40 design_point41 design_point42 design_point43 design_point44 design_point45 design_point46 design_point47 design_point48 design_point49 design_point50 design_point51 design_point52 design_point53 design_point54 design_point55 design_point56 design_point57 design_point58 design_point59 design_point60 design_point61 design_point62 design_point63 design_point64 design_point65 design_point66 design_point67 design_point68 design_point69 design_point70 design_point71 design_point72 design_point73 design_point74 design_point75 design_point76 design_point77 design_point78 design_point79 design_point80 design_point81 design_point82 design_point83 design_point84 design_point85 design_point86 design_point87 design_point88 design_point89 design_point90 design_point91 design_point92 design_point93 design_point94 design_point95 design_point96 design_point97 design_point98 design_point99 design_point100 design_point101 design_point102 design_point103 design_point104 design_point105 design_point106 design_point107 design_point108
8.211247e+04 9.406138e+04 8.080119e+04 1.017282e+05 2.684097e+05 1.014059e+05 1.219014e+05 8.048434e+04 8.497665e+04 1.038668e+05 1.108599e+05 8.709447e+04 1.022690e+05 1.141315e+05 3.037767e+05 1.261578e+05 8.456088e+04 1.057519e+05 1.386232e+05 8.247694e+04 8.344826e+04 1.166437e+05 1.090354e+05 7.979422e+04 1.017211e+05 1.108420e+05 1.248174e+05 9.520494e+04 1.157471e+05 8.674581e+04 1.049328e+05 9.698304e+04 1.207934e+05 8.809527e+04 8.254086e+04 1.214391e+05 1.082366e+05 1.007972e+05 8.968971e+04 8.375571e+04 1.372871e+05 3.577122e+05 1.121694e+05 1.142323e+05 2.863596e+05 8.930568e+04 9.852637e+04 1.110034e+05 9.832263e+04 9.530125e+04 8.298499e+04 1.019919e+05 8.703295e+04 1.152378e+05 8.216411e+04 1.266012e+05 1.356636e+05 8.711017e+04 8.461695e+04 1.009899e+05 1.145754e+05 1.272996e+05 8.025838e+04 1.050345e+05 8.146857e+04 8.323831e+04 1.967038e+05 9.526202e+04 8.706649e+04 1.025347e+05 1.129306e+05 8.825389e+04 8.330803e+04 8.631640e+04 8.158595e+04 1.192224e+05 7.952036e+04 1.117931e+05 9.140701e+04 8.058176e+04 1.176595e+05 8.068778e+04 1.133456e+05 8.958742e+04 1.381099e+05 1.214172e+05 9.251074e+04 9.022800e+04 8.221681e+04 8.309570e+04 7.876681e+04 8.313941e+04 8.095065e+04 8.939713e+04 9.526127e+04 1.039109e+05 1.245250e+05 8.617018e+04 8.080708e+04 1.022372e+05 9.641595e+04 1.176713e+05 8.848376e+04 1.236747e+05 8.230376e+04 8.430763e+04 1.076174e+05 1.139107e+05
9.058801e+03 9.099630e+03 9.026719e+03 9.245267e+03 9.064608e+03 9.268886e+03 9.421010e+03 9.040445e+03 9.039396e+03 9.158087e+03 9.403232e+03 9.043491e+03 9.311025e+03 9.447946e+03 9.392559e+03 9.449625e+03 9.096279e+03 9.319954e+03 9.428657e+03 9.056279e+03 9.073032e+03 9.400703e+03 9.449860e+03 9.024000e+03 9.327452e+03 9.393555e+03 9.309996e+03 9.026878e+03 9.441606e+03 9.027686e+03 9.281495e+03 9.210565e+03 9.411047e+03 9.059411e+03 9.086059e+03 9.421187e+03 9.125777e+03 9.013686e+03 9.030246e+03 9.047853e+03 9.091466e+03 9.206452e+03 9.041051e+03 9.436986e+03 9.061627e+03 9.075540e+03 9.260835e+03 9.431457e+03 9.282884e+03 9.075037e+03 9.058486e+03 9.320711e+03 9.107813e+03 9.450612e+03 9.061576e+03 9.390306e+03 9.362393e+03 9.027017e+03 9.012438e+03 9.307950e+03 9.426937e+03 9.044148e+03 9.041324e+03 9.319053e+03 9.056465e+03 9.061853e+03 9.440315e+03 9.065681e+03 9.014159e+03 8.976153e+03 9.450344e+03 9.120370e+03 9.056786e+03 9.018640e+03 9.014908e+03 9.336288e+03 9.012519e+03 9.412016e+03 9.044465e+03 9.047700e+03 9.028043e+03 9.019349e+03 9.405327e+03 9.116355e+03 9.422380e+03 9.382065e+03 9.215229e+03 9.131797e+03 9.057623e+03 9.067843e+03 9.034853e+03 9.083089e+03 9.050820e+03 9.162926e+03 9.238209e+03 9.203336e+03 9.189319e+03 9.034006e+03 9.029953e+03 9.140087e+03 9.027724e+03 9.452080e+03 9.057456e+03 9.435316e+03 9.020448e+03 9.028484e+03 9.132738e+03 9.420861e+03
2.552978e+03 2.555334e+03 2.549753e+03 2.573459e+03 2.551852e+03 2.569978e+03 2.569177e+03 2.548221e+03 2.547551e+03 2.560787e+03 2.583064e+03 2.553728e+03 2.579578e+03 2.571027e+03 2.579221e+03 2.580667e+03 2.557323e+03 2.560911e+03 2.579753e+03 2.553447e+03 2.554587e+03 2.578643e+03 2.393373e+03 2.544908e+03 2.574923e+03 2.576978e+03 2.578645e+03 2.548424e+03 2.576409e+03 2.549321e+03 2.579010e+03 2.561598e+03 2.555084e+03 2.551555e+03 2.553347e+03 2.585945e+03 2.558324e+03 2.549711e+03 2.550477e+03 2.552109e+03 2.555700e+03 2.564827e+03 2.550422e+03 2.586671e+03 2.548074e+03 2.550287e+03 2.559660e+03 2.584221e+03 2.575480e+03 2.551211e+03 2.551800e+03 2.582297e+03 2.557689e+03 2.582172e+03 2.555984e+03 2.584437e+03 2.584480e+03 2.554201e+03 2.546246e+03 2.575082e+03 2.584791e+03 2.551731e+03 2.549566e+03 2.530977e+03 2.549094e+03 2.558551e+03 2.575684e+03 2.550221e+03 2.552292e+03 2.404895e+03 2.588548e+03 2.557197e+03 2.555130e+03 2.552270e+03 2.546182e+03 2.578735e+03 2.547017e+03 2.583439e+03 2.555837e+03 2.549396e+03 2.548390e+03 2.550822e+03 2.568609e+03 2.558677e+03 2.585214e+03 2.586318e+03 2.569117e+03 2.553125e+03 2.552764e+03 2.557323e+03 2.548347e+03 2.561555e+03 2.545150e+03 2.560237e+03 2.562897e+03 2.571692e+03 2.563186e+03 2.550794e+03 2.550757e+03 2.559713e+03 2.542663e+03 2.582945e+03 2.547720e+03 2.567590e+03 2.548344e+03 2.547368e+03 2.541340e+03 2.582539e+03
6.696517e+02 6.703481e+02 6.659087e+02 6.692841e+02 6.681770e+02 6.699805e+02 6.636490e+02 6.681486e+02 6.652813e+02 6.657045e+02 6.689016e+02 6.689886e+02 6.684490e+02 6.624341e+02 6.693813e+02 6.643321e+02 6.685992e+02 6.635880e+02 6.648008e+02 6.703065e+02 6.667433e+02 6.660308e+02 6.291082e+02 6.670638e+02 6.688455e+02 6.623370e+02 6.709499e+02 6.683367e+02 6.661370e+02 6.666480e+02 6.669998e+02 6.694592e+02 6.530001e+02 6.641321e+02 6.701079e+02 6.651533e+02 6.656612e+02 6.685898e+02 6.657030e+02 6.676650e+02 6.703008e+02 6.679812e+02 6.671871e+02 6.672616e+02 6.693878e+02 6.664758e+02 6.625540e+02 6.664277e+02 6.685198e+02 6.676962e+02 6.668723e+02 6.698427e+02 6.669108e+02 6.687276e+02 6.689948e+02 6.684660e+02 6.684656e+02 6.666163e+02 6.685324e+02 6.669382e+02 6.691046e+02 6.665549e+02 6.669047e+02 7.184092e+02 6.692745e+02 6.706657e+02 6.666929e+02 6.666259e+02 6.671030e+02 6.403322e+02 6.695274e+02 6.666354e+02 6.682746e+02 6.679546e+02 6.686120e+02 6.689051e+02 6.676276e+02 6.655568e+02 6.666289e+02 6.667537e+02 6.672932e+02 6.681020e+02 6.662976e+02 6.671046e+02 6.663812e+02 6.690330e+02 6.702575e+02 6.662526e+02 6.677928e+02 6.678161e+02 6.670248e+02 6.669309e+02 6.669387e+02 6.734466e+02 6.679216e+02 6.696919e+02 6.665216e+02 6.681278e+02 6.688049e+02 6.674164e+02 6.687005e+02 6.655549e+02 6.689636e+02 6.591149e+02 6.635176e+02 6.698440e+02 6.523590e+02 6.696277e+02
1.353138e+02 1.345627e+02 1.347028e+02 1.333264e+02 1.348111e+02 1.340103e+02 1.300618e+02 1.344316e+02 1.351251e+02 1.339305e+02 1.327583e+02 1.356366e+02 1.324255e+02 1.298005e+02 1.321478e+02 1.300626e+02 1.344532e+02 1.310540e+02 1.315839e+02 1.354930e+02 1.339333e+02 1.314064e+02 1.594965e+02 1.351524e+02 1.318006e+02 1.292337e+02 1.327698e+02 1.351600e+02 1.300117e+02 1.349471e+02 1.343729e+02 1.336371e+02 1.274332e+02 1.357475e+02 1.354296e+02 1.339436e+02 1.342858e+02 1.353271e+02 1.362241e+02 1.355615e+02 1.354072e+02 1.331530e+02 1.351416e+02 1.313232e+02 1.349360e+02 1.353675e+02 1.314203e+02 1.316155e+02 1.336586e+02 1.346163e+02 1.349761e+02 1.329510e+02 1.341471e+02 1.328526e+02 1.335278e+02 1.331859e+02 1.323379e+02 1.361580e+02 1.361064e+02 1.321309e+02 1.316788e+02 1.348002e+02 1.347060e+02 8.927589e+01 1.346719e+02 1.340190e+02 1.313826e+02 1.339858e+02 1.347750e+02 1.462625e+02 1.319501e+02 1.327876e+02 1.352015e+02 1.348767e+02 1.353135e+02 1.322491e+02 1.348513e+02 1.310920e+02 1.349947e+02 1.359339e+02 1.349645e+02 1.349550e+02 1.363376e+02 1.338036e+02 1.310343e+02 1.327961e+02 1.332789e+02 1.332790e+02 1.353288e+02 1.345590e+02 1.346940e+02 1.347665e+02 1.353479e+02 1.327071e+02 1.321344e+02 1.323015e+02 1.330919e+02 1.355416e+02 1.356201e+02 1.340722e+02 1.359065e+02 1.309200e+02 1.352172e+02 1.291939e+02 1.348062e+02 1.349837e+02 1.301821e+02 1.321105e+02
1.537102e+01 1.539570e+01 1.558311e+01 1.504671e+01 1.527549e+01 1.470047e+01 1.362393e+01 1.567750e+01 1.568962e+01 1.561407e+01 1.427439e+01 1.532632e+01 1.480778e+01 1.421760e+01 1.431862e+01 1.396273e+01 1.564195e+01 1.447907e+01 1.448628e+01 1.518934e+01 1.534500e+01 1.461590e+01 1.485806e+01 1.575084e+01 1.465135e+01 1.401452e+01 1.497563e+01 1.571078e+01 1.402473e+01 1.582690e+01 1.449003e+01 1.531763e+01 1.357696e+01 1.542487e+01 1.544915e+01 1.435692e+01 1.561392e+01 1.564549e+01 1.513102e+01 1.546042e+01 1.543560e+01 1.508691e+01 1.564081e+01 1.451624e+01 1.574253e+01 1.552295e+01 1.458161e+01 1.402563e+01 1.495009e+01 1.555709e+01 1.541443e+01 1.455358e+01 1.513914e+01 1.429942e+01 1.540653e+01 1.427397e+01 1.469749e+01 1.573361e+01 1.551400e+01 1.460304e+01 1.432845e+01 1.538267e+01 1.589650e+01 1.222675e+01 1.554145e+01 1.554458e+01 1.426795e+01 1.530032e+01 1.573525e+01 1.496560e+01 1.449692e+01 1.516654e+01 1.547492e+01 1.545642e+01 1.568357e+01 1.486422e+01 1.566914e+01 1.412980e+01 1.518797e+01 1.529565e+01 1.618094e+01 1.565240e+01 1.516639e+01 1.534980e+01 1.464086e+01 1.484919e+01 1.523235e+01 1.495146e+01 1.571583e+01 1.544271e+01 1.552378e+01 1.540298e+01 1.536785e+01 1.531767e+01 1.499532e+01 1.511378e+01 1.502892e+01 1.546142e+01 1.548286e+01 1.533189e+01 1.577720e+01 1.379379e+01 1.544189e+01 1.412049e+01 1.558771e+01 1.535410e+01 1.510051e+01 1.449184e+01
2.078341e-01 1.959686e-01 2.088650e-01 1.981274e-01 2.138460e-01 1.688758e-01 1.883483e-01 1.932974e-01 1.880992e-01 2.083390e-01 1.778351e-01 2.023518e-01 1.589682e-01 1.759013e-01 2.168553e-01 1.637188e-01 2.073164e-01 2.176327e-01 1.916832e-01 1.516332e-01 2.045970e-01 1.618843e-01 0.000000e+00 1.930849e-01 1.908076e-01 1.913599e-01 1.849979e-01 1.747443e-01 1.856481e-01 1.706191e-01 1.793342e-01 1.952508e-01 1.759316e-01 1.689472e-01 1.898887e-01 2.268285e-01 1.907617e-01 2.058707e-01 2.032957e-01 2.007331e-01 1.855856e-01 1.788776e-01 2.333295e-01 1.897453e-01 2.174062e-01 2.503648e-01 2.090412e-01 1.852022e-01 1.817343e-01 2.075515e-01 2.172897e-01 1.833971e-01 1.874726e-01 1.611580e-01 2.165803e-01 1.553451e-01 1.944375e-01 2.067750e-01 2.236828e-01 1.677281e-01 1.819495e-01 1.946576e-01 2.056716e-01 0.000000e+00 1.864747e-01 1.807612e-01 1.894307e-01 1.913270e-01 2.121024e-01 0.000000e+00 1.444123e-01 2.121071e-01 2.279669e-01 1.736252e-01 2.053691e-01 2.065460e-01 1.918215e-01 1.930972e-01 2.236929e-01 1.586807e-01 1.850389e-01 2.311294e-01 2.488304e-01 1.969743e-01 1.770531e-01 2.026127e-01 2.131896e-01 1.809815e-01 2.035225e-01 2.173736e-01 2.223305e-01 1.703217e-01 2.337962e-01 2.066633e-01 1.655474e-01 1.903574e-01 2.156757e-01 1.920456e-01 2.131761e-01 1.964579e-01 2.014604e-01 1.909934e-01 1.556214e-01 1.604298e-01 1.903341e-01 1.829042e-01 9.952045e-02 2.141627e-01
