# Version 0.0
# Data /lustre/isaac24/proj/UTK0244/cbaillar/Bayes_HEP/Detroit_tune_Project/input/Data/Data__200__pp__STAR_2019_I1771348__d03-x01-y01.dat
# Observable: $ \langle p^{ch}_{T} \rangle$
# Subobservable: Leading jet $p_{T} [GeV/c]$
# Design Design_Rivet.dat
# design_point1 design_point2 design_point3 design_point4 design_point5 design_point6 design_point7 design_point8 design_point9 design_point10 design_point11 design_point12 design_point13 design_point14 design_point15 design_point16 design_point17 design_point18 design_point19 design_point20 design_point21 design_point22 design_point23 design_point24 design_point25 design_point26 design_point27 design_point28 design_point29 design_point30 design_point31 design_point32 design_point33 design_point34 design_point35 design_point36 design_point37 design_point38 design_point39 design_point40 design_point41 design_point42 design_point43 design_point44 design_point45 design_point46 design_point47 design_point48 design_point49 design_point50 design_point51 design_point52 design_point53 design_point54 design_point55 design_point56 design_point57 design_point58 design_point59 design_point60 design_point61 design_point62 design_point63 design_point64 design_point65 design_point66 design_point67 design_point68 design_point69 design_point70 design_point71 design_point72 design_point73 design_point74 design_point75 design_point76 design_point77 design_point78 design_point79 design_point80 design_point81 design_point82 design_point83 design_point84 design_point85 design_point86 design_point87 design_point88 design_point89 design_point90 design_point91 design_point92 design_point93 design_point94 design_point95 design_point96 design_point97 design_point98 design_point99 design_point100 design_point101 design_point102 design_point103 design_point104 design_point105 design_point106 design_point107 design_point108
3.473307e-03 2.768662e-03 5.004680e-03 1.027893e-03 3.315868e-03 9.374013e-04 3.473282e-04 4.749167e-03 4.327402e-03 1.809700e-03 4.207131e-04 3.983506e-03 7.025795e-04 3.358186e-04 4.810575e-04 3.167418e-04 3.037092e-03 6.073040e-04 3.751426e-04 3.749428e-03 3.756714e-03 4.093878e-04 5.390011e-04 4.554038e-03 6.812760e-04 4.169312e-04 6.768937e-04 4.433158e-03 3.648859e-04 4.736147e-03 8.477355e-04 1.140145e-03 3.300929e-04 3.796302e-03 3.061695e-03 4.422222e-04 1.987865e-03 5.097234e-03 4.684191e-03 3.890790e-03 3.191920e-03 1.456204e-03 3.872551e-03 3.489679e-04 3.952270e-03 3.872080e-03 8.769859e-04 4.263222e-04 8.567183e-04 3.742776e-03 4.023030e-03 6.978117e-04 2.826818e-03 3.537467e-04 3.599790e-03 5.605774e-04 5.099235e-04 4.306682e-03 4.906426e-03 7.872593e-04 3.953677e-04 4.056837e-03 4.516055e-03 6.089096e-04 3.906170e-03 3.575490e-03 3.770848e-04 4.346212e-03 4.677841e-03 9.765531e-04 3.364601e-04 2.575926e-03 3.648456e-03 4.692989e-03 4.930613e-03 6.245846e-04 4.941859e-03 4.009178e-04 4.125391e-03 4.003361e-03 4.579395e-03 4.723154e-03 4.524006e-04 1.981812e-03 3.905945e-04 4.837204e-04 1.410080e-03 2.081275e-03 3.772826e-03 3.332634e-03 4.973546e-03 2.853788e-03 4.201480e-03 1.848301e-03 1.219034e-03 1.356997e-03 1.609681e-03 4.198741e-03 4.346699e-03 2.309194e-03 4.664793e-03 3.624617e-04 3.931205e-03 3.231832e-04 4.969954e-03 4.245946e-03 4.728306e-04 4.228646e-04
8.895478e-03 7.414667e-03 1.179014e-02 2.871508e-03 8.722274e-03 2.487310e-03 8.306215e-04 1.154244e-02 1.079146e-02 5.057802e-03 1.082858e-03 1.003090e-02 1.828557e-03 7.241307e-04 1.035642e-03 6.883679e-04 8.060965e-03 1.499966e-03 8.660010e-04 9.550020e-03 9.604728e-03 1.073266e-03 1.618248e-03 1.143458e-02 1.733293e-03 8.874261e-04 1.485910e-03 1.105184e-02 7.927282e-04 1.158785e-02 2.291503e-03 2.226908e-03 8.691407e-04 9.911207e-03 8.155682e-03 1.175713e-03 5.274851e-03 1.200237e-02 1.141967e-02 1.020686e-02 8.449813e-03 4.027740e-03 9.961343e-03 7.905331e-04 1.027199e-02 9.991630e-03 1.797646e-03 9.470742e-04 1.731143e-03 9.511701e-03 1.017414e-02 1.382252e-03 7.901732e-03 7.753267e-04 9.328273e-03 1.347621e-03 1.234177e-03 1.058536e-02 1.158928e-02 2.066998e-03 8.261923e-04 1.015664e-02 1.120544e-02 1.920270e-03 9.961442e-03 9.168379e-03 8.242508e-04 1.087374e-02 1.114713e-02 2.935048e-03 7.156916e-04 7.235665e-03 9.337754e-03 1.127602e-02 1.163425e-02 1.577227e-03 1.186650e-02 1.008757e-03 1.048246e-02 9.747443e-03 1.114373e-02 1.156934e-02 1.253870e-03 4.949098e-03 9.504290e-04 1.115494e-03 3.910013e-03 5.957038e-03 9.490678e-03 8.671057e-03 1.203217e-02 7.378389e-03 1.054261e-02 5.253871e-03 3.508727e-03 3.751213e-03 4.548507e-03 1.056126e-02 1.057947e-02 6.265383e-03 1.161541e-02 8.047243e-04 9.748784e-03 7.443524e-04 1.177481e-02 1.041401e-02 1.335028e-03 9.091946e-04
1.937268e-02 1.654933e-02 2.496037e-02 7.266443e-03 1.876497e-02 6.401134e-03 2.190258e-03 2.329879e-02 2.234542e-02 1.217433e-02 3.088078e-03 2.151819e-02 4.721861e-03 1.733491e-03 2.375524e-03 1.648809e-03 1.788170e-02 4.121798e-03 2.218678e-03 1.985897e-02 1.976410e-02 3.106996e-03 5.174293e-03 2.362427e-02 4.554695e-03 2.051511e-03 3.374743e-03 2.288415e-02 1.892928e-03 2.455643e-02 6.027447e-03 4.381961e-03 2.533387e-03 2.127390e-02 1.748992e-02 3.442880e-03 1.279135e-02 2.456236e-02 2.299820e-02 2.123610e-02 1.902775e-02 9.916323e-03 2.036319e-02 1.971296e-03 2.028921e-02 2.169644e-02 3.891001e-03 2.273265e-03 3.535675e-03 2.128858e-02 2.134101e-02 2.907189e-03 1.823845e-02 1.872809e-03 2.079723e-02 3.334667e-03 3.076489e-03 2.271084e-02 2.431204e-02 5.228304e-03 1.888746e-03 2.173959e-02 2.337576e-02 6.623821e-03 2.096343e-02 1.990214e-02 1.979363e-03 2.391272e-02 2.425202e-02 9.600459e-03 1.668168e-03 1.709235e-02 2.066991e-02 2.235157e-02 2.398256e-02 4.100935e-03 2.403549e-02 2.788986e-03 2.274774e-02 1.997742e-02 2.459095e-02 2.377484e-02 3.757673e-03 1.153772e-02 2.550560e-03 2.743624e-03 9.792644e-03 1.406813e-02 2.066323e-02 1.872436e-02 2.529513e-02 1.691095e-02 2.203118e-02 1.271516e-02 8.961604e-03 9.631963e-03 1.094816e-02 2.245705e-02 2.353157e-02 1.492567e-02 2.410651e-02 1.950526e-03 2.110274e-02 1.909942e-03 2.557395e-02 2.259543e-02 4.148779e-03 2.081188e-03
3.181348e-02 2.837846e-02 3.956161e-02 1.558910e-02 3.302688e-02 1.350867e-02 5.737203e-03 3.764191e-02 3.853289e-02 2.355605e-02 8.468249e-03 3.463726e-02 1.061688e-02 4.088132e-03 5.289809e-03 3.880278e-03 3.089432e-02 1.111566e-02 5.676512e-03 3.472702e-02 3.500874e-02 8.774381e-03 1.601091e-02 3.689549e-02 1.027450e-02 4.627107e-03 7.020604e-03 3.783704e-02 4.333129e-03 3.694780e-02 1.324392e-02 8.130383e-03 7.655227e-03 3.602416e-02 3.027335e-02 1.004446e-02 2.497831e-02 3.769383e-02 3.952682e-02 3.630763e-02 3.167520e-02 1.970994e-02 3.772364e-02 4.821789e-03 3.837545e-02 3.649006e-02 8.352714e-03 5.314985e-03 7.199700e-03 3.627909e-02 3.536971e-02 5.674931e-03 3.251246e-02 4.513624e-03 3.641365e-02 7.845798e-03 7.359258e-03 3.788521e-02 3.923132e-02 1.196429e-02 4.140626e-03 3.630500e-02 4.071911e-02 2.187793e-02 3.593780e-02 3.238347e-02 4.627796e-03 3.966712e-02 3.856941e-02 3.175081e-02 3.819450e-03 2.738708e-02 3.450135e-02 4.131776e-02 4.043121e-02 9.525939e-03 3.888730e-02 7.507815e-03 3.646144e-02 3.758714e-02 3.732233e-02 3.753211e-02 1.118174e-02 2.244603e-02 6.774511e-03 6.488219e-03 1.948479e-02 2.730715e-02 3.287675e-02 3.323596e-02 4.128324e-02 3.202003e-02 3.597796e-02 2.488692e-02 1.787368e-02 1.933719e-02 2.179193e-02 3.703359e-02 3.816392e-02 2.548897e-02 3.612601e-02 4.585948e-03 3.595028e-02 4.767771e-03 3.912152e-02 3.886287e-02 1.213727e-02 4.557008e-03
9.929817e-02 7.893771e-02 1.026295e-01 5.866872e-02 9.773264e-02 5.258619e-02 3.231074e-02 1.082450e-01 1.091310e-01 6.776278e-02 5.173666e-02 9.946868e-02 4.146032e-02 2.227214e-02 2.753557e-02 2.178357e-02 9.331168e-02 5.341550e-02 3.203942e-02 8.785481e-02 9.293745e-02 5.161834e-02 9.378206e-02 1.208587e-01 4.198063e-02 2.475551e-02 3.269694e-02 8.945688e-02 2.352558e-02 1.086014e-01 4.984120e-02 3.806391e-02 3.679795e-02 9.228971e-02 1.016138e-01 4.804478e-02 7.618624e-02 1.065536e-01 9.788807e-02 9.586623e-02 1.059694e-01 7.181990e-02 1.123043e-01 2.796112e-02 1.029658e-01 1.133413e-01 3.791296e-02 2.808478e-02 3.358617e-02 1.012730e-01 1.345009e-01 3.115150e-02 7.604809e-02 2.480120e-02 8.161417e-02 3.493362e-02 3.370241e-02 1.031412e-01 1.025490e-01 4.571505e-02 2.108011e-02 1.042919e-01 1.149202e-01 1.276057e-01 9.552120e-02 1.005883e-01 2.462644e-02 1.004948e-01 1.040589e-01 1.368547e-01 2.185435e-02 8.899148e-02 9.388770e-02 1.224817e-01 1.118479e-01 4.179830e-02 8.842710e-02 4.483702e-02 1.125574e-01 1.012670e-01 9.783715e-02 1.175330e-01 6.920685e-02 6.643113e-02 4.013879e-02 2.955056e-02 5.636488e-02 1.005845e-01 9.822497e-02 9.764030e-02 1.257821e-01 9.669340e-02 1.070079e-01 9.004992e-02 6.435103e-02 5.914490e-02 6.413591e-02 1.134073e-01 9.575347e-02 7.491695e-02 9.609481e-02 2.416229e-02 1.080383e-01 2.739549e-02 1.154289e-01 1.142187e-01 9.265900e-02 2.358870e-02
4.114052e-01 2.735547e-01 3.238935e-01 2.089188e-01 2.302473e-01 1.949055e-01 1.521632e-01 2.625818e-01 3.280012e-01 2.386433e-01 2.138756e-01 4.432439e-01 1.666085e-01 8.189255e-02 1.569196e-01 9.125439e-02 3.013229e-01 2.544631e-01 1.351290e-01 2.596342e-01 3.263486e-01 2.276786e-01 4.045843e-01 2.807420e-01 1.791220e-01 1.327880e-01 1.045442e-01 2.191007e-01 1.248920e-01 2.630705e-01 1.631106e-01 1.574720e-01 1.662176e-01 2.270965e-01 2.104835e-01 2.332943e-01 2.306370e-01 4.073122e-01 5.168016e-01 3.171026e-01 2.784203e-01 1.862362e-01 3.277926e-01 1.279509e-01 3.463972e-01 3.107426e-01 1.547977e-01 1.181630e-01 1.182718e-01 3.333768e-01 3.283323e-01 1.094167e-01 2.399771e-01 1.167261e-01 2.347453e-01 1.357557e-01 1.557987e-01 1.919033e-01 2.334954e-01 1.968247e-01 9.189275e-02 2.297096e-01 3.077571e-01 2.623307e-01 3.154910e-01 2.851301e-01 1.048134e-01 5.487274e-01 2.701165e-01 3.000739e-01 9.153537e-02 3.255784e-01 3.020893e-01 2.977465e-01 2.574590e-01 1.576291e-01 3.211480e-01 2.002439e-01 3.258211e-01 2.851499e-01 3.447404e-01 3.607126e-01 1.972679e-01 2.413201e-01 1.792544e-01 1.339891e-01 1.956583e-01 2.845057e-01 3.383923e-01 2.640730e-01 4.429856e-01 2.826662e-01 2.399346e-01 1.971951e-01 2.049751e-01 3.089259e-01 2.435653e-01 3.836983e-01 2.581080e-01 3.328861e-01 3.444695e-01 1.234013e-01 3.842069e-01 1.280888e-01 3.067046e-01 3.278286e-01 3.434459e-01 8.818139e-02
4.850225e-01 7.286436e-01 2.069256e+00 5.534028e-01 0.000000e+00 3.701722e-01 1.256881e+00 1.284962e+00 6.205049e-01 5.370944e-01 1.009284e+00 5.873902e-01 4.107332e-01 2.386228e-01 3.464386e-01 2.110978e-01 4.062729e-01 6.375829e-01 9.684056e-01 1.351166e+00 5.991102e-01 4.345454e-01 0.000000e+00 6.025053e-01 4.755616e-01 4.545224e-01 2.148882e-01 6.331057e-01 2.988089e-01 6.193595e-01 7.809392e-01 7.106178e-01 7.319214e-01 5.486162e-01 7.624676e-01 4.102287e-01 4.995620e-01 1.123050e+00 7.778722e-01 9.824445e-01 8.598707e-01 4.298717e-01 1.270639e+00 3.805459e-01 8.708946e-01 4.786581e-01 2.606830e-01 3.774673e-01 6.363919e-01 8.528006e-01 1.070912e+00 2.479645e-01 4.757395e-01 2.618245e-01 2.330914e+00 6.276667e-01 3.365722e-01 7.045475e-01 3.577566e-01 7.925821e-01 2.106048e-01 7.642161e-01 5.589338e-01 9.345451e-01 1.211404e+00 5.664488e-01 4.516773e-01 9.860156e-01 8.528869e-01 0.000000e+00 2.235549e-01 1.092927e+00 8.962957e-01 1.439111e+00 6.861346e-01 4.113867e-01 4.758930e-01 6.552730e-01 9.311912e-01 6.820698e-01 7.764416e-01 5.351817e-01 4.481269e-01 6.542865e-01 3.188871e-01 4.646353e-01 5.081132e-01 5.531242e-01 4.989153e-01 1.022111e+00 7.371491e-01 1.980069e+00 7.924305e-01 6.134948e-01 5.868085e-01 5.680298e-01 7.970271e-01 6.708432e-01 1.963331e+00 8.804138e-01 3.138591e+00 2.794866e-01 8.545407e-01 4.462404e-01 4.549351e-01 3.979926e-01 7.311273e-01 2.485016e-01
0.000000e+00 0.000000e+00 0.000000e+00 0.000000e+00 0.000000e+00 0.000000e+00 0.000000e+00 0.000000e+00 0.000000e+00 0.000000e+00 0.000000e+00 0.000000e+00 0.000000e+00 8.815974e-01 0.000000e+00 0.000000e+00 0.000000e+00 0.000000e+00 0.000000e+00 0.000000e+00 0.000000e+00 0.000000e+00 0.000000e+00 4.339758e+00 0.000000e+00 0.000000e+00 0.000000e+00 0.000000e+00 0.000000e+00 0.000000e+00 0.000000e+00 0.000000e+00 0.000000e+00 0.000000e+00 1.747767e+00 0.000000e+00 0.000000e+00 0.000000e+00 2.440242e+00 0.000000e+00 0.000000e+00 0.000000e+00 0.000000e+00 1.412200e+00 0.000000e+00 0.000000e+00 0.000000e+00 0.000000e+00 0.000000e+00 0.000000e+00 0.000000e+00 0.000000e+00 0.000000e+00 0.000000e+00 0.000000e+00 0.000000e+00 0.000000e+00 5.259923e-01 9.688040e-01 3.331050e-01 0.000000e+00 5.185846e-01 1.742877e+00 0.000000e+00 5.478337e+00 0.000000e+00 4.472090e-01 0.000000e+00 0.000000e+00 0.000000e+00 5.863399e-01 0.000000e+00 0.000000e+00 7.562518e-01 1.356022e+00 0.000000e+00 0.000000e+00 0.000000e+00 0.000000e+00 0.000000e+00 0.000000e+00 0.000000e+00 0.000000e+00 0.000000e+00 0.000000e+00 7.193379e-01 0.000000e+00 0.000000e+00 3.746235e+00 0.000000e+00 0.000000e+00 0.000000e+00 2.823012e+00 0.000000e+00 0.000000e+00 0.000000e+00 0.000000e+00 0.000000e+00 0.000000e+00 3.301721e+00 5.814265e-01 0.000000e+00 0.000000e+00 0.000000e+00 0.000000e+00 5.029727e+00 0.000000e+00 1.734611e+00
