# Version 0.0
# Data /lustre/isaac24/proj/UTK0244/cbaillar/Bayes_HEP/Detroit_tune_Project/input/Data/Data__200__pp__STAR_2019_I1771348__d03-x01-y03.dat
# Observable: $ \langle p^{ch}_{T} \rangle$
# Subobservable: Leading jet $p_{T} [GeV/c]$
# Design Design_Rivet.dat
# design_point1 design_point2 design_point3 design_point4 design_point5 design_point6 design_point7 design_point8 design_point9 design_point10 design_point11 design_point12 design_point13 design_point14 design_point15 design_point16 design_point17 design_point18 design_point19 design_point20 design_point21 design_point22 design_point23 design_point24 design_point25 design_point26 design_point27 design_point28 design_point29 design_point30 design_point31 design_point32 design_point33 design_point34 design_point35 design_point36 design_point37 design_point38 design_point39 design_point40 design_point41 design_point42 design_point43 design_point44 design_point45 design_point46 design_point47 design_point48 design_point49 design_point50 design_point51 design_point52 design_point53 design_point54 design_point55 design_point56 design_point57 design_point58 design_point59 design_point60 design_point61 design_point62 design_point63 design_point64 design_point65 design_point66 design_point67 design_point68 design_point69 design_point70 design_point71 design_point72 design_point73 design_point74 design_point75 design_point76 design_point77 design_point78 design_point79 design_point80 design_point81 design_point82 design_point83 design_point84 design_point85 design_point86 design_point87 design_point88 design_point89 design_point90 design_point91 design_point92 design_point93 design_point94 design_point95 design_point96 design_point97 design_point98 design_point99 design_point100 design_point101 design_point102 design_point103 design_point104 design_point105 design_point106 design_point107 design_point108
2.195407e-03 1.853894e-03 3.121172e-03 7.941191e-04 2.151326e-03 7.440476e-04 3.145565e-04 3.056485e-03 2.656583e-03 1.261035e-03 3.755638e-04 2.511336e-03 5.822399e-04 3.074628e-04 4.347144e-04 2.907864e-04 1.931688e-03 5.445221e-04 3.410195e-04 2.385937e-03 2.340772e-03 3.649842e-04 4.690357e-04 2.838076e-03 5.686838e-04 3.787336e-04 5.960647e-04 2.857056e-03 3.351406e-04 2.934722e-03 6.773520e-04 9.938140e-04 2.932141e-04 2.376976e-03 1.992753e-03 3.926195e-04 1.403439e-03 3.139584e-03 2.803333e-03 2.467132e-03 2.039829e-03 1.044894e-03 2.398805e-03 3.192556e-04 2.500000e-03 2.446147e-03 7.727387e-04 3.853873e-04 7.605776e-04 2.355342e-03 2.501167e-03 6.372568e-04 1.820503e-03 3.250693e-04 2.305694e-03 4.833691e-04 4.450102e-04 2.742136e-03 3.099576e-03 6.409231e-04 3.625725e-04 2.489416e-03 2.781290e-03 5.245805e-04 2.444970e-03 2.222420e-03 3.458763e-04 2.705232e-03 2.781017e-03 8.496434e-04 3.100618e-04 1.641154e-03 2.235845e-03 2.942673e-03 3.124312e-03 5.246070e-04 3.090570e-03 3.591607e-04 2.523568e-03 2.559547e-03 2.891590e-03 2.951775e-03 3.995129e-04 1.480047e-03 3.518572e-04 4.274738e-04 1.023636e-03 1.367324e-03 2.360096e-03 2.180822e-03 3.087324e-03 1.887135e-03 2.669096e-03 1.272079e-03 9.009503e-04 9.894513e-04 1.144208e-03 2.625850e-03 2.792133e-03 1.534437e-03 2.975503e-03 3.284815e-04 2.404435e-03 2.944876e-04 3.047964e-03 2.675845e-03 4.155966e-04 3.851275e-04
5.101092e-03 4.320646e-03 6.840575e-03 1.946835e-03 5.190925e-03 1.776401e-03 7.007430e-04 7.050125e-03 6.091994e-03 3.071617e-03 8.997778e-04 5.884281e-03 1.351749e-03 6.239044e-04 8.767681e-04 5.903468e-04 4.701767e-03 1.249719e-03 7.381858e-04 5.324820e-03 5.658387e-03 8.839399e-04 1.294283e-03 6.809032e-03 1.308577e-03 7.610706e-04 1.215326e-03 6.441880e-03 6.837061e-04 6.737499e-03 1.635159e-03 1.846727e-03 7.182484e-04 5.434738e-03 4.784822e-03 9.713218e-04 3.242879e-03 7.256884e-03 6.726181e-03 5.594883e-03 4.867658e-03 2.585440e-03 5.467474e-03 6.775220e-04 6.074590e-03 5.760208e-03 1.484400e-03 7.995389e-04 1.433892e-03 5.399110e-03 5.690654e-03 1.203416e-03 4.413752e-03 6.692551e-04 5.288734e-03 1.063444e-03 9.883043e-04 6.178838e-03 6.851363e-03 1.512107e-03 7.121278e-04 5.739816e-03 6.324029e-03 1.522436e-03 6.049093e-03 5.317345e-03 7.064866e-04 6.335755e-03 7.166430e-03 2.380072e-03 6.174340e-04 4.178030e-03 5.244851e-03 6.460699e-03 6.873211e-03 1.216651e-03 7.067361e-03 8.435269e-04 6.186069e-03 5.597989e-03 6.552182e-03 6.732832e-03 1.022194e-03 3.320128e-03 7.986061e-04 9.098602e-04 2.506838e-03 3.395095e-03 5.235529e-03 5.036840e-03 6.587933e-03 4.296870e-03 5.970654e-03 3.315421e-03 2.255614e-03 2.426618e-03 2.864161e-03 6.083865e-03 6.229024e-03 3.654611e-03 6.498679e-03 6.841209e-04 5.563830e-03 6.359717e-04 7.595280e-03 6.096397e-03 1.085420e-03 7.795308e-04
1.021136e-02 8.738687e-03 1.395406e-02 4.497826e-03 9.697766e-03 4.097050e-03 1.707386e-03 1.266238e-02 1.165193e-02 6.492636e-03 2.367910e-03 1.224893e-02 3.187496e-03 1.376320e-03 1.858903e-03 1.318381e-03 9.124267e-03 3.131813e-03 1.745152e-03 1.150255e-02 1.080538e-02 2.358862e-03 3.711878e-03 1.380433e-02 3.005603e-03 1.628084e-03 2.521014e-03 1.254075e-02 1.504532e-03 1.285077e-02 3.711872e-03 3.351857e-03 1.903662e-03 1.199804e-02 9.342009e-03 2.597975e-03 6.872211e-03 1.426656e-02 1.278377e-02 1.198147e-02 1.131087e-02 5.892127e-03 1.054402e-02 1.570993e-03 1.099495e-02 1.152932e-02 2.936893e-03 1.753198e-03 2.789439e-03 1.420860e-02 1.110938e-02 2.376498e-03 9.000359e-03 1.501695e-03 1.105584e-02 2.421013e-03 2.238033e-03 1.209424e-02 1.412711e-02 3.474280e-03 1.500308e-03 1.248971e-02 1.529210e-02 4.694947e-03 1.059689e-02 1.002098e-02 1.575169e-03 1.416926e-02 1.200114e-02 6.599678e-03 1.337567e-03 8.175692e-03 1.048306e-02 1.166024e-02 1.308356e-02 2.816321e-03 1.339477e-02 2.144636e-03 1.390835e-02 1.056266e-02 1.261909e-02 1.364499e-02 2.796357e-03 6.513729e-03 2.004812e-03 2.055661e-03 5.681579e-03 7.464033e-03 1.198393e-02 1.018457e-02 1.360492e-02 8.467987e-03 1.332576e-02 6.740231e-03 5.120125e-03 5.458051e-03 6.103807e-03 1.257340e-02 1.293773e-02 7.746136e-03 1.297154e-02 1.520512e-03 1.042928e-02 1.507501e-03 1.622732e-02 1.300521e-02 3.041723e-03 1.675095e-03
1.641524e-02 1.546700e-02 2.326236e-02 8.183490e-03 1.735578e-02 7.624919e-03 3.835404e-03 1.927840e-02 1.705625e-02 1.139877e-02 5.450806e-03 1.735541e-02 5.987799e-03 2.834872e-03 3.601684e-03 2.742343e-03 1.635863e-02 6.948294e-03 3.813748e-03 1.965706e-02 2.086244e-02 5.790069e-03 9.160202e-03 2.148216e-02 5.891953e-03 3.212054e-03 4.611244e-03 2.026707e-02 3.042184e-03 1.844424e-02 7.001026e-03 5.706171e-03 4.555417e-03 1.740060e-02 1.474096e-02 6.273606e-03 1.199791e-02 2.179833e-02 2.237019e-02 1.783878e-02 1.556027e-02 9.060100e-03 1.764490e-02 3.364396e-03 1.655379e-02 1.758244e-02 5.380504e-03 3.543923e-03 5.013479e-03 1.799622e-02 1.993699e-02 4.155651e-03 1.455220e-02 3.168096e-03 1.690664e-02 4.913610e-03 4.520160e-03 1.996683e-02 2.043889e-02 6.373129e-03 2.967900e-03 1.622087e-02 1.976498e-02 1.238469e-02 1.997635e-02 1.544019e-02 3.260526e-03 2.539416e-02 2.120675e-02 1.878900e-02 2.684293e-03 1.292432e-02 1.970096e-02 2.057979e-02 2.050695e-02 5.495531e-03 2.622601e-02 4.935388e-03 2.223220e-02 1.820784e-02 1.636702e-02 2.146845e-02 7.134348e-03 1.096863e-02 4.552935e-03 4.023726e-03 9.369839e-03 1.339367e-02 1.651653e-02 2.063620e-02 1.689230e-02 1.512861e-02 1.871895e-02 1.148663e-02 8.861044e-03 9.422397e-03 1.109320e-02 1.642708e-02 2.015916e-02 1.353581e-02 1.833326e-02 3.149019e-03 2.067501e-02 3.290275e-03 2.159057e-02 2.018433e-02 7.642346e-03 3.214885e-03
6.588405e-02 5.215299e-02 4.816162e-02 3.514329e-02 3.951331e-02 1.880534e-02 1.514860e-02 6.218523e-02 4.760814e-02 2.768602e-02 2.541313e-02 3.912279e-02 1.703016e-02 1.108333e-02 1.448227e-02 1.168930e-02 6.029826e-02 2.752204e-02 1.594490e-02 3.740593e-02 4.994373e-02 2.187460e-02 5.362510e-02 5.015483e-02 1.750794e-02 1.235604e-02 1.557145e-02 6.241299e-02 1.328800e-02 4.647120e-02 2.279021e-02 1.903512e-02 1.768739e-02 3.741668e-02 3.972090e-02 2.313291e-02 2.842046e-02 6.084092e-02 3.608633e-02 4.140769e-02 4.669167e-02 3.342717e-02 3.786451e-02 1.454499e-02 3.981206e-02 5.400483e-02 1.687010e-02 1.316444e-02 1.674550e-02 4.303656e-02 4.762079e-02 1.741967e-02 3.360795e-02 1.265958e-02 4.247694e-02 1.537407e-02 1.420651e-02 5.138675e-02 5.481447e-02 2.048725e-02 1.168745e-02 4.467847e-02 3.452586e-02 4.222044e-02 3.394520e-02 3.253289e-02 1.302664e-02 3.593201e-02 6.738004e-02 6.978488e-02 1.135500e-02 3.032191e-02 4.532026e-02 4.408726e-02 4.970566e-02 1.760728e-02 5.934242e-02 1.916313e-02 5.166129e-02 3.952699e-02 5.728454e-02 3.753072e-02 2.794009e-02 3.035995e-02 1.999062e-02 1.543529e-02 2.527400e-02 3.089328e-02 5.173872e-02 4.381576e-02 5.690208e-02 3.746942e-02 4.473054e-02 2.751969e-02 2.313359e-02 2.784420e-02 2.581234e-02 5.131002e-02 6.022250e-02 4.320589e-02 5.713469e-02 1.223310e-02 4.862202e-02 1.390437e-02 6.422386e-02 4.622490e-02 5.090851e-02 1.233431e-02
1.735680e-01 6.216764e-02 1.036157e-01 7.372606e-02 6.345080e-02 5.809340e-02 4.957961e-02 6.671591e-02 5.241737e-02 7.797286e-02 6.405027e-02 8.105443e-02 5.550056e-02 3.278781e-02 5.590538e-02 3.609801e-02 7.074688e-02 6.898071e-02 6.419506e-02 7.064827e-02 1.311089e-01 1.244599e-01 1.954880e-01 8.951246e-02 5.932326e-02 6.238834e-02 5.312462e-02 1.044007e-01 3.557615e-02 1.481011e-01 6.369274e-02 5.129454e-02 4.337810e-02 8.241420e-02 1.000380e-01 9.328752e-02 1.589651e-01 2.345998e-01 6.295751e-02 1.436954e-01 8.373679e-02 7.138428e-02 8.078416e-02 5.623838e-02 1.394624e-01 7.096818e-02 5.550339e-02 5.063234e-02 5.722728e-02 7.669973e-02 8.316580e-02 5.007104e-02 8.049026e-02 7.528741e-02 9.334502e-02 4.826632e-02 6.507217e-02 6.304079e-02 6.401885e-02 6.252873e-02 3.695176e-02 8.433982e-02 1.333108e-01 1.115559e-01 6.244194e-02 1.051311e-01 3.904624e-02 5.025254e-01 1.163716e-01 8.907386e-02 3.812001e-02 8.477111e-02 1.731805e-01 1.813791e-01 9.849756e-02 5.534041e-02 7.020371e-02 1.192034e-01 9.986374e-02 5.626911e-02 8.632043e-02 1.148358e-01 6.953653e-02 4.720396e-02 6.915435e-02 4.584197e-02 5.300028e-02 7.578984e-02 1.618756e-01 1.704905e-01 1.111644e-01 1.123815e-01 2.123593e-01 5.388746e-02 8.399413e-02 8.584034e-02 6.419837e-02 1.306879e-01 6.749966e-02 8.886881e-02 9.612790e-02 4.419982e-02 7.369443e-02 5.521638e-02 7.804428e-02 1.084728e-01 6.161277e-02 3.795198e-02
3.574766e-01 9.010079e-02 0.000000e+00 1.597573e-01 0.000000e+00 6.009545e-02 5.303882e-01 9.535080e-02 1.007325e-01 1.101045e-01 8.787333e-02 5.996298e-02 7.568254e-02 9.388969e-02 8.245661e-02 5.955416e-02 1.046571e-01 9.395075e-02 1.232122e-01 1.015174e-01 2.074684e-01 5.034088e-02 0.000000e+00 4.147770e-01 1.006732e-01 1.653272e-01 1.168524e-01 1.386114e-01 7.082338e-02 1.192687e-01 2.206131e-01 5.785296e-02 1.204859e-01 1.109777e-01 2.731911e-01 1.330465e-01 1.602761e-01 1.241475e-01 2.322389e-01 3.790891e-01 7.089454e-03 1.137737e-01 nan 1.196622e-01 4.260728e-01 6.661513e-02 8.750094e-02 1.155602e-01 2.719858e-01 1.455599e-01 8.088254e-02 9.292953e-02 7.571442e-02 7.544822e-02 nan 9.196680e-02 1.624158e-01 2.047447e-01 2.715890e-01 1.576487e-01 7.775588e-02 1.245613e-01 4.871601e-02 9.621148e-02 0.000000e+00 1.860276e-01 1.556499e-01 2.574632e-01 2.577813e-01 0.000000e+00 6.948147e-02 1.955241e-01 2.627392e-01 1.807416e-01 3.312788e-01 8.528019e-02 1.469662e-01 1.318157e-01 3.158580e-01 1.005294e-01 1.240611e-01 nan 1.318853e-01 5.711911e-01 1.178425e-01 6.288110e-02 1.147703e-01 1.090737e-01 9.391030e-02 nan 0.000000e+00 1.724857e-01 0.000000e+00 1.497195e-01 2.288041e-01 9.758542e-02 1.474602e-01 1.528850e-01 nan 1.955801e-01 nan 8.344438e-02 1.333070e-01 1.466824e-01 1.182605e-01 4.045078e-02 8.957808e-02 7.175434e-02
0.000000e+00 0.000000e+00 0.000000e+00 0.000000e+00 0.000000e+00 0.000000e+00 0.000000e+00 0.000000e+00 0.000000e+00 0.000000e+00 0.000000e+00 0.000000e+00 0.000000e+00 2.539582e-01 0.000000e+00 0.000000e+00 0.000000e+00 0.000000e+00 0.000000e+00 0.000000e+00 0.000000e+00 0.000000e+00 0.000000e+00 nan 0.000000e+00 0.000000e+00 0.000000e+00 0.000000e+00 0.000000e+00 0.000000e+00 0.000000e+00 0.000000e+00 0.000000e+00 0.000000e+00 3.629705e-01 0.000000e+00 0.000000e+00 0.000000e+00 2.565697e-01 0.000000e+00 0.000000e+00 0.000000e+00 0.000000e+00 8.853437e-02 0.000000e+00 0.000000e+00 0.000000e+00 0.000000e+00 0.000000e+00 0.000000e+00 0.000000e+00 0.000000e+00 0.000000e+00 0.000000e+00 0.000000e+00 0.000000e+00 0.000000e+00 4.322211e-01 0.000000e+00 2.483967e-01 0.000000e+00 1.665130e-01 0.000000e+00 0.000000e+00 1.801782e-01 0.000000e+00 3.784889e-01 0.000000e+00 0.000000e+00 0.000000e+00 1.074890e-01 0.000000e+00 0.000000e+00 nan 0.000000e+00 0.000000e+00 0.000000e+00 0.000000e+00 0.000000e+00 0.000000e+00 0.000000e+00 0.000000e+00 0.000000e+00 0.000000e+00 0.000000e+00 1.057842e-01 0.000000e+00 0.000000e+00 0.000000e+00 0.000000e+00 0.000000e+00 0.000000e+00 nan 0.000000e+00 0.000000e+00 0.000000e+00 0.000000e+00 0.000000e+00 0.000000e+00 4.051262e-02 0.000000e+00 0.000000e+00 0.000000e+00 0.000000e+00 0.000000e+00 4.527673e-01 0.000000e+00 7.020467e-02
