# Version 0.0
# Data /lustre/isaac24/proj/UTK0244/cbaillar/Bayes_HEP/Detroit_tune_Project/input/Data/Data__200__pp__PHENIX_2025_I2820229__d06-x01-y04.dat
# Observable: $\frac{1}{N_{jet}}(j_T/p_T^{jet})\frac{dN}{d(j_T/p_T^{jet})}$
# Subobservable: $j_T/p_T^{jet}$
# Design Design_Rivet.dat
# design_point1 design_point2 design_point3 design_point4 design_point5 design_point6 design_point7 design_point8 design_point9 design_point10 design_point11 design_point12 design_point13 design_point14 design_point15 design_point16 design_point17 design_point18 design_point19 design_point20 design_point21 design_point22 design_point23 design_point24 design_point25 design_point26 design_point27 design_point28 design_point29 design_point30 design_point31 design_point32 design_point33 design_point34 design_point35 design_point36 design_point37 design_point38 design_point39 design_point40 design_point41 design_point42 design_point43 design_point44 design_point45 design_point46 design_point47 design_point48 design_point49 design_point50 design_point51 design_point52 design_point53 design_point54 design_point55 design_point56 design_point57 design_point58 design_point59 design_point60 design_point61 design_point62 design_point63 design_point64 design_point65 design_point66 design_point67 design_point68 design_point69 design_point70 design_point71 design_point72 design_point73 design_point74 design_point75 design_point76 design_point77 design_point78 design_point79 design_point80 design_point81 design_point82 design_point83 design_point84 design_point85 design_point86 design_point87 design_point88 design_point89 design_point90 design_point91 design_point92 design_point93 design_point94 design_point95 design_point96 design_point97 design_point98 design_point99 design_point100 design_point101 design_point102 design_point103 design_point104 design_point105 design_point106 design_point107 design_point108
1.125928e+05 1.102896e+05 1.020882e+05 1.431956e+05 1.047234e+05 1.950326e+05 2.344306e+05 1.633849e+05 1.074185e+05 1.131714e+05 1.622588e+05 1.069767e+05 1.512164e+05 1.435027e+05 1.352581e+05 2.240772e+05 1.227225e+05 1.541665e+05 1.407748e+05 1.055080e+05 1.077709e+05 1.399710e+05 1.385897e+05 1.044118e+05 1.689114e+05 1.388169e+05 1.327280e+05 1.145972e+05 1.410072e+05 1.274983e+05 1.440842e+05 1.175451e+05 1.471299e+05 1.034972e+05 1.506661e+05 1.451043e+05 1.139156e+05 1.002934e+05 1.140873e+05 1.250324e+05 1.434482e+05 1.177183e+05 1.107662e+05 1.521335e+05 1.109899e+05 1.105095e+05 1.271612e+05 3.145592e+05 1.294196e+05 1.067968e+05 1.063638e+05 1.380587e+05 1.087220e+05 1.433773e+05 1.065108e+05 1.410408e+05 1.349912e+05 1.146086e+05 1.155373e+05 1.292593e+05 1.402084e+05 1.034654e+05 2.151509e+05 1.274704e+05 1.034814e+05 1.042367e+05 1.409292e+05 1.064828e+05 1.062878e+05 1.371004e+05 1.465616e+05 1.167777e+05 1.096006e+05 1.495093e+05 1.012541e+05 1.346116e+05 1.003372e+05 1.446143e+05 1.043737e+05 1.073012e+05 1.032651e+05 1.010850e+05 1.395510e+05 1.094162e+05 1.503178e+05 1.408284e+05 1.214529e+05 1.152658e+05 1.492503e+05 1.042703e+05 1.011914e+05 1.376636e+05 1.039473e+05 1.131104e+05 1.266097e+05 1.173013e+05 1.670089e+05 1.282593e+05 1.538013e+05 1.130802e+05 1.028454e+05 2.273207e+05 1.052055e+05 1.495091e+05 1.125766e+05 1.028945e+05 1.369370e+05 1.379793e+05
9.904238e+03 9.942541e+03 9.874230e+03 1.004718e+04 9.909099e+03 1.007116e+04 1.017553e+04 9.866131e+03 9.874470e+03 9.989261e+03 1.018285e+04 9.882483e+03 1.010144e+04 1.018329e+04 1.017203e+04 1.021036e+04 9.932657e+03 1.009867e+04 1.019199e+04 9.897516e+03 9.890446e+03 1.018057e+04 9.776855e+03 9.873097e+03 1.009850e+04 1.014631e+04 1.010396e+04 9.868202e+03 1.019362e+04 9.865038e+03 1.008813e+04 1.001593e+04 1.014594e+04 9.893090e+03 9.916691e+03 1.025664e+04 9.939776e+03 9.852002e+03 9.870366e+03 9.894285e+03 9.914239e+03 1.001718e+04 9.885511e+03 1.018695e+04 9.889109e+03 9.902791e+03 1.004948e+04 1.017963e+04 1.007146e+04 9.904133e+03 9.901698e+03 1.010908e+04 9.939025e+03 1.023003e+04 9.894851e+03 1.013216e+04 1.015009e+04 9.878507e+03 9.872582e+03 1.009732e+04 1.018133e+04 9.888434e+03 9.874235e+03 9.775901e+03 9.888442e+03 9.894635e+03 1.020109e+04 9.899474e+03 9.889168e+03 1.018377e+04 1.021171e+04 9.939287e+03 9.902145e+03 9.878005e+03 9.866375e+03 1.011665e+04 9.855924e+03 1.017209e+04 9.883773e+03 9.889322e+03 9.890716e+03 9.876174e+03 1.024917e+04 9.937333e+03 1.017929e+04 1.016895e+04 1.002541e+04 9.962849e+03 9.905272e+03 9.895270e+03 9.870895e+03 9.917112e+03 9.893593e+03 9.985267e+03 1.002094e+04 1.001603e+04 1.000120e+04 9.873077e+03 9.880891e+03 9.953964e+03 9.870877e+03 1.020767e+04 9.878601e+03 1.018875e+04 9.866591e+03 9.890985e+03 1.018090e+04 1.017314e+04
2.371326e+03 2.368852e+03 2.358784e+03 2.386044e+03 2.368514e+03 2.386058e+03 2.378388e+03 2.363759e+03 2.364882e+03 2.375893e+03 2.393081e+03 2.364948e+03 2.395186e+03 2.386844e+03 2.391752e+03 2.391517e+03 2.367308e+03 2.374209e+03 2.398198e+03 2.365306e+03 2.363983e+03 2.391706e+03 2.364919e+03 2.362664e+03 2.394330e+03 2.379473e+03 2.387865e+03 2.371675e+03 2.395567e+03 2.365033e+03 2.389012e+03 2.380754e+03 2.362618e+03 2.366317e+03 2.366741e+03 2.400560e+03 2.371875e+03 2.360585e+03 2.357700e+03 2.365009e+03 2.369710e+03 2.384386e+03 2.369731e+03 2.401848e+03 2.360270e+03 2.373192e+03 2.369396e+03 2.399896e+03 2.387949e+03 2.368925e+03 2.367572e+03 2.387721e+03 2.367600e+03 2.403319e+03 2.366064e+03 2.397483e+03 2.397077e+03 2.366355e+03 2.358005e+03 2.385109e+03 2.398275e+03 2.367104e+03 2.360985e+03 2.690682e+03 2.362563e+03 2.371512e+03 2.391100e+03 2.370472e+03 2.367698e+03 2.384790e+03 2.406531e+03 2.365860e+03 2.362169e+03 2.368285e+03 2.360830e+03 2.391763e+03 2.364457e+03 2.394660e+03 2.362253e+03 2.364575e+03 2.358146e+03 2.364408e+03 2.374637e+03 2.369743e+03 2.403378e+03 2.392976e+03 2.376836e+03 2.366072e+03 2.362527e+03 2.365378e+03 2.359938e+03 2.369373e+03 2.364054e+03 2.376066e+03 2.375237e+03 2.381731e+03 2.379981e+03 2.364900e+03 2.364773e+03 2.374358e+03 2.365962e+03 2.398333e+03 2.365236e+03 2.376484e+03 2.356406e+03 2.360924e+03 2.384408e+03 2.397782e+03
5.086548e+02 5.091624e+02 5.074851e+02 5.109779e+02 5.064923e+02 5.117406e+02 5.079153e+02 5.072368e+02 5.091763e+02 5.070108e+02 5.104027e+02 5.069407e+02 5.119640e+02 5.065943e+02 5.103638e+02 5.077582e+02 5.092738e+02 5.060027e+02 5.112797e+02 5.082955e+02 5.082746e+02 5.094276e+02 5.737093e+02 5.094947e+02 5.092368e+02 5.055204e+02 5.125587e+02 5.072448e+02 5.100853e+02 5.092569e+02 5.108631e+02 5.089976e+02 4.992163e+02 5.082974e+02 5.102540e+02 5.158762e+02 5.078089e+02 5.068528e+02 5.074498e+02 5.083346e+02 5.099269e+02 5.084060e+02 5.063449e+02 5.109787e+02 5.060966e+02 5.084941e+02 5.066704e+02 5.130410e+02 5.124959e+02 5.066589e+02 5.069760e+02 5.100385e+02 5.081177e+02 5.114779e+02 5.085462e+02 5.145177e+02 5.114801e+02 5.083625e+02 5.087198e+02 5.110539e+02 5.127467e+02 5.076231e+02 5.074146e+02 4.842096e+02 5.069242e+02 5.081743e+02 5.122112e+02 5.077703e+02 5.083145e+02 4.750540e+02 5.150896e+02 5.084034e+02 5.096505e+02 5.068824e+02 5.081381e+02 5.128981e+02 5.096064e+02 5.129817e+02 5.055356e+02 5.071942e+02 5.077104e+02 5.072892e+02 5.201154e+02 5.101528e+02 5.116210e+02 5.122446e+02 5.091099e+02 5.048872e+02 5.077116e+02 5.078355e+02 5.083660e+02 5.071069e+02 5.059359e+02 5.089219e+02 5.109175e+02 5.112909e+02 5.078505e+02 5.082492e+02 5.098272e+02 5.093216e+02 5.076157e+02 5.105198e+02 5.075443e+02 5.012518e+02 5.097766e+02 5.088400e+02 5.240241e+02 5.144655e+02
8.313483e+01 8.272694e+01 8.306377e+01 8.236828e+01 8.317743e+01 8.251454e+01 8.148773e+01 8.266435e+01 8.292420e+01 8.295558e+01 8.223671e+01 8.353836e+01 8.155757e+01 8.063016e+01 8.117512e+01 8.051624e+01 8.296691e+01 8.076241e+01 8.105532e+01 8.226694e+01 8.338007e+01 8.208874e+01 8.051429e+01 8.227031e+01 8.257705e+01 8.107005e+01 8.288716e+01 8.338089e+01 8.127919e+01 8.308505e+01 8.249177e+01 8.290873e+01 7.929618e+01 8.364834e+01 8.251994e+01 8.270075e+01 8.258466e+01 8.388938e+01 8.378467e+01 8.394415e+01 8.359907e+01 8.302428e+01 8.292066e+01 8.188236e+01 8.234343e+01 8.259394e+01 8.207970e+01 8.157038e+01 8.256251e+01 8.283412e+01 8.287712e+01 8.272466e+01 8.129904e+01 8.243310e+01 8.315812e+01 8.214893e+01 8.195726e+01 8.293043e+01 8.297152e+01 8.239825e+01 8.223181e+01 8.210486e+01 8.309692e+01 9.666754e+01 8.311484e+01 8.208098e+01 8.174758e+01 8.227147e+01 8.301727e+01 8.887570e+01 8.246002e+01 8.210610e+01 8.243932e+01 8.215167e+01 8.285015e+01 8.217702e+01 8.275722e+01 8.172433e+01 8.218033e+01 8.337130e+01 8.293421e+01 8.272796e+01 8.425197e+01 8.291319e+01 8.143555e+01 8.192229e+01 8.286678e+01 8.210538e+01 8.343043e+01 8.337341e+01 8.308054e+01 8.257094e+01 8.343631e+01 8.246483e+01 8.163932e+01 8.282753e+01 8.264033e+01 8.306093e+01 8.269985e+01 8.298349e+01 8.340263e+01 8.163906e+01 8.316857e+01 8.011393e+01 8.308766e+01 8.209243e+01 8.839054e+01 8.250462e+01
7.620451e+00 7.841689e+00 7.785252e+00 7.629378e+00 7.783202e+00 7.663228e+00 7.158652e+00 8.028548e+00 7.856035e+00 7.630932e+00 7.057174e+00 7.869167e+00 7.565613e+00 7.363302e+00 7.321050e+00 7.165891e+00 7.968562e+00 7.536795e+00 7.323812e+00 8.074623e+00 7.949193e+00 7.360181e+00 6.897603e+00 8.003845e+00 7.603253e+00 7.249553e+00 7.649592e+00 7.979357e+00 7.386151e+00 8.085101e+00 7.518239e+00 7.676516e+00 6.963439e+00 7.772880e+00 7.755478e+00 7.210351e+00 7.815726e+00 7.853056e+00 8.070629e+00 7.931677e+00 7.859393e+00 7.788993e+00 7.989024e+00 7.280203e+00 7.853168e+00 7.917451e+00 7.586249e+00 7.514460e+00 7.510993e+00 7.851497e+00 7.984836e+00 7.602346e+00 7.580029e+00 7.366737e+00 7.921413e+00 7.431691e+00 7.358909e+00 7.835482e+00 7.992652e+00 7.664314e+00 7.424197e+00 7.807110e+00 7.783894e+00 5.250370e+00 7.771242e+00 7.776937e+00 7.214550e+00 7.897305e+00 8.035084e+00 1.287149e+01 7.207588e+00 7.699297e+00 8.039455e+00 8.114397e+00 7.847212e+00 7.661568e+00 7.845202e+00 7.358569e+00 7.811073e+00 8.084314e+00 8.083776e+00 7.961714e+00 7.136930e+00 7.510773e+00 7.295716e+00 7.311562e+00 7.858240e+00 7.703760e+00 7.917179e+00 8.012691e+00 7.937353e+00 7.746953e+00 7.873806e+00 7.591123e+00 7.532904e+00 7.725065e+00 7.569631e+00 7.878843e+00 7.947375e+00 7.766655e+00 7.993353e+00 7.260705e+00 7.979585e+00 7.153156e+00 7.733343e+00 7.917347e+00 9.451186e+00 7.566825e+00
1.253131e-01 8.784178e-02 1.221426e-01 9.746616e-02 1.048521e-01 9.396321e-02 7.421371e-02 8.636630e-02 9.273967e-02 9.391937e-02 8.541481e-02 1.063881e-01 9.601740e-02 9.942854e-02 9.314690e-02 9.664469e-02 8.185679e-02 8.329442e-02 9.714350e-02 1.065132e-01 9.807943e-02 9.226822e-02 0.000000e+00 1.180390e-01 8.693806e-02 6.956986e-02 7.153625e-02 1.021180e-01 6.268608e-02 9.722890e-02 9.580987e-02 8.212440e-02 9.415164e-02 8.671045e-02 9.650475e-02 8.393038e-02 1.035017e-01 9.346712e-02 1.204317e-01 9.494614e-02 1.014115e-01 8.827797e-02 8.096956e-02 7.487487e-02 7.695783e-02 8.574850e-02 6.849211e-02 9.330584e-02 8.356942e-02 8.925076e-02 1.099102e-01 9.338596e-02 1.188367e-01 8.401683e-02 8.848440e-02 8.294312e-02 9.421239e-02 1.103886e-01 9.642410e-02 9.315735e-02 9.795054e-02 9.685084e-02 9.310061e-02 0.000000e+00 7.900780e-02 1.115367e-01 1.026734e-01 9.827528e-02 9.098804e-02 0.000000e+00 8.791057e-02 9.275932e-02 8.039986e-02 1.052966e-01 8.583677e-02 1.002630e-01 8.763394e-02 7.117562e-02 1.014336e-01 1.079185e-01 7.887580e-02 9.299245e-02 9.176076e-02 1.157443e-01 9.566109e-02 9.126879e-02 7.888141e-02 7.294267e-02 9.460098e-02 9.559766e-02 8.987779e-02 9.612283e-02 1.170053e-01 9.341353e-02 9.103572e-02 7.277834e-02 9.267926e-02 1.053791e-01 9.998840e-02 7.461262e-02 9.869527e-02 8.031512e-02 7.573376e-02 8.710364e-02 1.047790e-01 8.616306e-02 1.820880e-01 8.562568e-02
