# Version 0.0
# Data /lustre/isaac24/proj/UTK0244/cbaillar/Bayes_HEP/Detroit_tune_Project/input/Data/Data__200__pp__PHENIX_2025_I2820229__d08-x01-y05.dat
# Observable: $\frac{1}{N_{jet}}\frac{dN}{rdr}$
# Subobservable: r
# Design Design_Rivet.dat
# design_point1 design_point2 design_point3 design_point4 design_point5 design_point6 design_point7 design_point8 design_point9 design_point10 design_point11 design_point12 design_point13 design_point14 design_point15 design_point16 design_point17 design_point18 design_point19 design_point20 design_point21 design_point22 design_point23 design_point24 design_point25 design_point26 design_point27 design_point28 design_point29 design_point30 design_point31 design_point32 design_point33 design_point34 design_point35 design_point36 design_point37 design_point38 design_point39 design_point40 design_point41 design_point42 design_point43 design_point44 design_point45 design_point46 design_point47 design_point48 design_point49 design_point50 design_point51 design_point52 design_point53 design_point54 design_point55 design_point56 design_point57 design_point58 design_point59 design_point60 design_point61 design_point62 design_point63 design_point64 design_point65 design_point66 design_point67 design_point68 design_point69 design_point70 design_point71 design_point72 design_point73 design_point74 design_point75 design_point76 design_point77 design_point78 design_point79 design_point80 design_point81 design_point82 design_point83 design_point84 design_point85 design_point86 design_point87 design_point88 design_point89 design_point90 design_point91 design_point92 design_point93 design_point94 design_point95 design_point96 design_point97 design_point98 design_point99 design_point100 design_point101 design_point102 design_point103 design_point104 design_point105 design_point106 design_point107 design_point108
4.032047e+00 4.205658e+00 2.888497e+00 3.285665e+00 8.091542e+00 2.949468e+00 2.961079e+00 3.668231e+00 3.376773e+01 3.012080e+00 4.031620e+00 3.756529e+02 4.436122e+00 4.067642e+00 2.917719e+00 3.653619e+00 4.502080e+00 3.756875e+00 2.932872e+00 4.778352e+00 8.312050e+01 4.093509e+00 4.804846e+01 3.484873e+00 4.421206e+00 3.269690e+03 6.822187e+00 3.304938e+00 2.763673e+00 7.089846e+00 3.111160e+00 3.383049e+00 2.709463e+00 2.873737e+00 2.685022e+00 1.936109e+02 3.857232e+00 7.970386e+01 4.000629e+01 3.374222e+00 5.920058e+00 2.809314e+00 2.820780e+00 2.613526e+01 4.878378e+00 4.079176e+00 2.885428e+03 4.379282e+00 1.317339e+01 4.519776e+00 5.250059e+00 6.949771e+00 7.475140e+00 3.903877e+00 7.677915e+00 4.756350e+00 4.383863e+00 3.338827e+00 3.753932e+00 5.963091e+00 6.211285e+00 3.827036e+00 3.828604e+00 8.710356e+01 4.258429e+00 3.706323e+00 4.673957e+00 4.430725e+00 4.167890e+00 6.440613e+02 4.278941e+00 3.597044e+00 2.460419e+00 6.049662e+00 4.196720e+00 4.128905e+00 3.797039e+00 5.192402e+00 3.660354e+00 4.270147e+00 4.286517e+00 1.947741e+00 1.563559e+01 5.466602e+00 4.793067e+00 7.577185e+00 5.004660e+00 4.332052e+00 4.004653e+00 4.111700e+00 7.056507e+00 2.830185e+00 3.234734e+00 6.810298e+00 4.277515e+00 5.677779e+00 5.053428e+00 3.772402e+01 3.710997e+00 3.969976e+00 4.823768e+00 4.999716e+00 1.981836e+01 5.482019e+00 4.416805e+00 4.386865e+00 3.124713e+01 4.065973e+00
4.564827e-01 4.560801e-01 4.562698e-01 4.587082e-01 4.563184e-01 4.581912e-01 4.606579e-01 4.543768e-01 4.550071e-01 4.572577e-01 4.600432e-01 4.563670e-01 4.623259e-01 4.612282e-01 4.606546e-01 4.617182e-01 4.557032e-01 4.594569e-01 4.657862e-01 6.455735e-01 6.435037e-01 6.625352e-01 1.465111e+01 6.437586e-01 6.501076e-01 6.547116e-01 6.497113e-01 4.564799e-01 4.613358e-01 4.554058e-01 4.585093e-01 4.580061e-01 4.605220e-01 4.572963e-01 4.557371e-01 6.427806e-01 4.634367e-01 4.548500e-01 4.582079e-01 4.562742e-01 4.562492e-01 4.580648e-01 4.560733e-01 4.604945e-01 4.545188e-01 4.553728e-01 6.485308e-01 6.509304e-01 6.486595e-01 6.440662e-01 6.447509e-01 6.580664e-01 6.543668e-01 6.519261e-01 4.563055e-01 6.523172e-01 6.511192e-01 6.430303e-01 6.413983e-01 6.544367e-01 6.524570e-01 6.427574e-01 6.496058e-01 2.561407e+01 6.430126e-01 6.456524e-01 6.535079e-01 6.428089e-01 6.438887e-01 1.925320e+01 6.551788e-01 6.454983e-01 4.558132e-01 6.489214e-01 6.422716e-01 6.479678e-01 6.425336e-01 6.503797e-01 6.486030e-01 6.452331e-01 6.433900e-01 3.220993e-01 2.898286e+00 6.453549e-01 6.514344e-01 6.507365e-01 6.471955e-01 6.469310e-01 6.449258e-01 6.506668e-01 3.712458e-01 4.651551e-01 4.551914e-01 4.577576e-01 6.570728e-01 6.471653e-01 6.462324e-01 6.416714e-01 6.482640e-01 4.563527e-01 6.434807e-01 6.525495e-01 6.457667e-01 6.534048e-01 6.478560e-01 6.437455e-01 5.270203e+00 6.573586e-01
2.527265e-01 2.533257e-01 2.517965e-01 2.570021e-01 2.529051e-01 2.569479e-01 2.606113e-01 2.512308e-01 2.519229e-01 2.547429e-01 2.603915e-01 2.526666e-01 2.602033e-01 2.611012e-01 2.601173e-01 2.616670e-01 2.524612e-01 2.583611e-01 2.634841e-01 3.573804e-01 3.565181e-01 3.745308e-01 8.219635e+00 3.561001e-01 3.658890e-01 3.695472e-01 3.655936e-01 2.524292e-01 2.612547e-01 2.516181e-01 2.573973e-01 2.558493e-01 2.599506e-01 2.534275e-01 2.528634e-01 3.668070e-01 2.575166e-01 2.512025e-01 2.532615e-01 2.524511e-01 2.532970e-01 2.557434e-01 2.524350e-01 2.610702e-01 2.514698e-01 2.524902e-01 3.632589e-01 3.686281e-01 3.637790e-01 3.569921e-01 3.574812e-01 3.697746e-01 3.629442e-01 3.698338e-01 2.528156e-01 3.675854e-01 3.675644e-01 3.562678e-01 3.543524e-01 3.675521e-01 3.694903e-01 3.559656e-01 3.590258e-01 1.526877e+01 3.563316e-01 3.579155e-01 3.697822e-01 3.562371e-01 3.555715e-01 1.076690e+01 3.714172e-01 3.589882e-01 2.527408e-01 3.589749e-01 3.545179e-01 3.651795e-01 3.548743e-01 3.681068e-01 3.588079e-01 3.573302e-01 3.555900e-01 1.780618e-01 1.649278e+00 3.586989e-01 3.688457e-01 3.675361e-01 3.616909e-01 3.598133e-01 3.570550e-01 3.600417e-01 2.052471e-01 2.578922e-01 2.519037e-01 2.551482e-01 3.672022e-01 3.617271e-01 3.608985e-01 3.553366e-01 3.586379e-01 2.539447e-01 3.557836e-01 3.693804e-01 3.573163e-01 3.692076e-01 3.577117e-01 3.562707e-01 2.981289e+00 3.717546e-01
1.633342e-01 1.639430e-01 1.621950e-01 1.676612e-01 1.635695e-01 1.678493e-01 1.721003e-01 1.620774e-01 1.624757e-01 1.653060e-01 1.715865e-01 1.630648e-01 1.704991e-01 1.723069e-01 1.710337e-01 1.725966e-01 1.635473e-01 1.692136e-01 1.737079e-01 2.308132e-01 2.302307e-01 2.469849e-01 5.421560e+00 2.299029e-01 2.400183e-01 2.433311e-01 2.392977e-01 1.627133e-01 1.722572e-01 1.621065e-01 1.683225e-01 1.667957e-01 1.714759e-01 1.635418e-01 1.634462e-01 2.425127e-01 1.668697e-01 1.619982e-01 1.632898e-01 1.630559e-01 1.635884e-01 1.664898e-01 1.630389e-01 1.722096e-01 1.624517e-01 1.629710e-01 2.374199e-01 2.431810e-01 2.378400e-01 2.304137e-01 2.310105e-01 2.423753e-01 2.352609e-01 2.441756e-01 1.633325e-01 2.416052e-01 2.415983e-01 2.297316e-01 2.283948e-01 2.405139e-01 2.435409e-01 2.297949e-01 2.314515e-01 1.002855e+01 2.300430e-01 2.313095e-01 2.436840e-01 2.302466e-01 2.291730e-01 7.180160e+00 2.451146e-01 2.326342e-01 1.632715e-01 2.317465e-01 2.283082e-01 2.395138e-01 2.288176e-01 2.424456e-01 2.315951e-01 2.304919e-01 2.293908e-01 1.148228e-01 1.091038e+00 2.324881e-01 2.428239e-01 2.417121e-01 2.355670e-01 2.338633e-01 2.305427e-01 2.327336e-01 1.322968e-01 1.663951e-01 1.625071e-01 1.658318e-01 2.392499e-01 2.359803e-01 2.346272e-01 2.295113e-01 2.311768e-01 1.647075e-01 2.294731e-01 2.440497e-01 2.307325e-01 2.438319e-01 2.306565e-01 2.297290e-01 1.981539e+00 2.448767e-01
1.149232e-01 1.155470e-01 1.138139e-01 1.192848e-01 1.149547e-01 1.195871e-01 1.237371e-01 1.136960e-01 1.141264e-01 1.170833e-01 1.230633e-01 1.147173e-01 1.218321e-01 1.238756e-01 1.226392e-01 1.245149e-01 1.152278e-01 1.210894e-01 1.248407e-01 1.620197e-01 1.618176e-01 1.772694e-01 3.886205e+00 1.610260e-01 1.715319e-01 1.748392e-01 1.708596e-01 1.142816e-01 1.238831e-01 1.137151e-01 1.201663e-01 1.183263e-01 1.236442e-01 1.150449e-01 1.151029e-01 1.744697e-01 1.177346e-01 1.134603e-01 1.144802e-01 1.145798e-01 1.153415e-01 1.181569e-01 1.146453e-01 1.238883e-01 1.142043e-01 1.146808e-01 1.690431e-01 1.746876e-01 1.694714e-01 1.622250e-01 1.622970e-01 1.730576e-01 1.659314e-01 1.757640e-01 1.148794e-01 1.729357e-01 1.733604e-01 1.613621e-01 1.602894e-01 1.717345e-01 1.752394e-01 1.615267e-01 1.621745e-01 6.833307e+00 1.618341e-01 1.627395e-01 1.750067e-01 1.619843e-01 1.609002e-01 5.061064e+00 1.763544e-01 1.642664e-01 1.148883e-01 1.626879e-01 1.604014e-01 1.712372e-01 1.602187e-01 1.742403e-01 1.627565e-01 1.621475e-01 1.609285e-01 8.055648e-02 7.852871e-01 1.640363e-01 1.745223e-01 1.733486e-01 1.671414e-01 1.653921e-01 1.619911e-01 1.637598e-01 9.271980e-02 1.172535e-01 1.142352e-01 1.171947e-01 1.700218e-01 1.673740e-01 1.662603e-01 1.611395e-01 1.625616e-01 1.162660e-01 1.609160e-01 1.754118e-01 1.622294e-01 1.754977e-01 1.615486e-01 1.613041e-01 1.408983e+00 1.757933e-01
7.451500e-02 7.503944e-02 7.332767e-02 7.885180e-02 7.455987e-02 7.892126e-02 8.326336e-02 7.341805e-02 7.379311e-02 7.652383e-02 8.249277e-02 7.416389e-02 8.082591e-02 8.347319e-02 8.193611e-02 8.373574e-02 7.476260e-02 8.083065e-02 8.372149e-02 1.051619e-01 1.046807e-01 1.190221e-01 2.629077e+00 1.041019e-01 1.138976e-01 1.173209e-01 1.135147e-01 7.380014e-02 8.317148e-02 7.345294e-02 7.962110e-02 7.768445e-02 8.381966e-02 7.442914e-02 7.465441e-02 1.168827e-01 7.704538e-02 7.307731e-02 7.393695e-02 7.417598e-02 7.481990e-02 7.764841e-02 7.423906e-02 8.315137e-02 7.385860e-02 7.434318e-02 1.121838e-01 1.169902e-01 1.120762e-01 1.052598e-01 1.051792e-01 1.150566e-01 1.080961e-01 1.180911e-01 7.445670e-02 1.151668e-01 1.155839e-01 1.043542e-01 1.034353e-01 1.136410e-01 1.171558e-01 1.044706e-01 1.048384e-01 4.666126e+00 1.047784e-01 1.055393e-01 1.174843e-01 1.049885e-01 1.039293e-01 3.368281e+00 1.184007e-01 1.070610e-01 7.444433e-02 1.051500e-01 1.032580e-01 1.140149e-01 1.035446e-01 1.168641e-01 1.052376e-01 1.048124e-01 1.039453e-01 5.198991e-02 5.249053e-01 1.068427e-01 1.171659e-01 1.157251e-01 1.097723e-01 1.082227e-01 1.049636e-01 1.061149e-01 5.982259e-02 7.618211e-02 7.386771e-02 7.669116e-02 1.121211e-01 1.099294e-01 1.090804e-01 1.040212e-01 1.047585e-01 7.578455e-02 1.038909e-01 1.177550e-01 1.050379e-01 1.185804e-01 1.041766e-01 1.043222e-01 9.398323e-01 1.177433e-01
