# Version 0.0
# Data /lustre/isaac24/proj/UTK0244/cbaillar/Bayes_HEP/Detroit_tune_Project/input/Data/Data__200__pp__STAR_2020_I1783875__d30-x01-y01.dat
# Observable: $1/N_{jets}$
# Subobservable: $z_{g}$
# Design Design_Rivet.dat
# design_point1 design_point2 design_point3 design_point4 design_point5 design_point6 design_point7 design_point8 design_point9 design_point10 design_point11 design_point12 design_point13 design_point14 design_point15 design_point16 design_point17 design_point18 design_point19 design_point20 design_point21 design_point22 design_point23 design_point24 design_point25 design_point26 design_point27 design_point28 design_point29 design_point30 design_point31 design_point32 design_point33 design_point34 design_point35 design_point36 design_point37 design_point38 design_point39 design_point40 design_point41 design_point42 design_point43 design_point44 design_point45 design_point46 design_point47 design_point48 design_point49 design_point50 design_point51 design_point52 design_point53 design_point54 design_point55 design_point56 design_point57 design_point58 design_point59 design_point60 design_point61 design_point62 design_point63 design_point64 design_point65 design_point66 design_point67 design_point68 design_point69 design_point70 design_point71 design_point72 design_point73 design_point74 design_point75 design_point76 design_point77 design_point78 design_point79 design_point80 design_point81 design_point82 design_point83 design_point84 design_point85 design_point86 design_point87 design_point88 design_point89 design_point90 design_point91 design_point92 design_point93 design_point94 design_point95 design_point96 design_point97 design_point98 design_point99 design_point100 design_point101 design_point102 design_point103 design_point104 design_point105 design_point106 design_point107 design_point108
6.556027e-03 6.562831e-03 6.544091e-03 6.618193e-03 6.554594e-03 6.619228e-03 6.681240e-03 6.535683e-03 6.544888e-03 6.580740e-03 6.677757e-03 6.556144e-03 6.665890e-03 6.676830e-03 6.647246e-03 6.682862e-03 6.562737e-03 6.644764e-03 6.715974e-03 9.279970e-03 9.268635e-03 9.521265e-03 2.538260e-01 9.255905e-03 9.388585e-03 9.445885e-03 9.375021e-03 6.561595e-03 6.681462e-03 6.543948e-03 6.618938e-03 6.595369e-03 6.669300e-03 6.568739e-03 6.559229e-03 8.744839e-03 6.631795e-03 6.531357e-03 6.574543e-03 6.559718e-03 6.554082e-03 6.596485e-03 6.550159e-03 6.682467e-03 6.544338e-03 6.553669e-03 9.360747e-03 9.438307e-03 9.362860e-03 9.265383e-03 9.266827e-03 9.453937e-03 9.363392e-03 9.453961e-03 6.553009e-03 9.409013e-03 9.411216e-03 9.253827e-03 9.244656e-03 9.426610e-03 9.426619e-03 9.254795e-03 9.311628e-03 4.020708e-01 9.259023e-03 9.274799e-03 9.435545e-03 9.148529e-03 9.255256e-03 3.396893e-01 9.462124e-03 9.288911e-03 6.555211e-03 9.243058e-03 9.245464e-03 9.388244e-03 9.249729e-03 9.431987e-03 9.293096e-03 9.261310e-03 9.248737e-03 4.632945e-03 4.036226e-02 9.292587e-03 9.440553e-03 9.411232e-03 9.338235e-03 9.303336e-03 9.272901e-03 9.327504e-03 5.336672e-03 6.644443e-03 6.542442e-03 6.589016e-03 9.409832e-03 9.330267e-03 9.314797e-03 9.248711e-03 9.292452e-03 6.578776e-03 9.259033e-03 9.436739e-03 9.278097e-03 9.464442e-03 9.283912e-03 9.267132e-03 8.513233e-02 9.466417e-03
5.061685e-03 5.065693e-03 5.054480e-03 5.088799e-03 5.065925e-03 5.086516e-03 5.108401e-03 5.060031e-03 5.059171e-03 5.070864e-03 5.120616e-03 5.063385e-03 5.115608e-03 5.118599e-03 5.106415e-03 5.119736e-03 5.060308e-03 5.096768e-03 5.145760e-03 7.165416e-03 7.154194e-03 7.290268e-03 2.010899e-01 7.163354e-03 7.200446e-03 7.227326e-03 7.213663e-03 5.071398e-03 5.115523e-03 5.060413e-03 5.086254e-03 5.078186e-03 5.085550e-03 5.062938e-03 5.059356e-03 6.721816e-03 5.108292e-03 5.058800e-03 5.085163e-03 5.057355e-03 5.055427e-03 5.067571e-03 5.059092e-03 5.118643e-03 5.060729e-03 5.061762e-03 7.178271e-03 7.228446e-03 7.201205e-03 7.152186e-03 7.150733e-03 7.267752e-03 7.220758e-03 7.250307e-03 5.062984e-03 7.219741e-03 7.224386e-03 7.157052e-03 7.146032e-03 7.242446e-03 7.245193e-03 7.148596e-03 7.187837e-03 3.058824e-01 7.146826e-03 7.159353e-03 7.240799e-03 7.062305e-03 7.153417e-03 2.654052e-01 7.261437e-03 7.165393e-03 5.060080e-03 7.141159e-03 7.154891e-03 7.214386e-03 7.154043e-03 7.241195e-03 7.186308e-03 7.156731e-03 7.151571e-03 3.577660e-03 3.117284e-02 7.162959e-03 7.238946e-03 7.230103e-03 7.178947e-03 7.170242e-03 7.164546e-03 7.204483e-03 4.130642e-03 5.123762e-03 5.056375e-03 5.076638e-03 7.235397e-03 7.179839e-03 7.178100e-03 7.149247e-03 7.180336e-03 5.069625e-03 7.148393e-03 7.231285e-03 7.174861e-03 7.214193e-03 7.174803e-03 7.149685e-03 6.535795e-02 7.266358e-03
4.151073e-03 4.148703e-03 4.162241e-03 4.131082e-03 4.145798e-03 4.133659e-03 4.123557e-03 4.153989e-03 4.146890e-03 4.141181e-03 4.134767e-03 4.157019e-03 4.150184e-03 4.124554e-03 4.127395e-03 4.117416e-03 4.152701e-03 4.126248e-03 4.157320e-03 5.866186e-03 5.871511e-03 5.888857e-03 1.541305e-01 5.871463e-03 5.841757e-03 5.849153e-03 5.845649e-03 4.165173e-03 4.127635e-03 4.155915e-03 4.131515e-03 4.138491e-03 4.106764e-03 4.162141e-03 4.151004e-03 5.451468e-03 4.173719e-03 4.157181e-03 4.175255e-03 4.150520e-03 4.142185e-03 4.131908e-03 4.147135e-03 4.128152e-03 4.150683e-03 4.148652e-03 5.846654e-03 5.833048e-03 5.850850e-03 5.865698e-03 5.865445e-03 5.894405e-03 5.902191e-03 5.861369e-03 4.150696e-03 5.835414e-03 5.837745e-03 5.868587e-03 5.875864e-03 5.875695e-03 5.855226e-03 5.874724e-03 5.903340e-03 2.269094e-01 5.873855e-03 5.865686e-03 5.844339e-03 5.796648e-03 5.872919e-03 2.144870e-01 5.858142e-03 5.856688e-03 4.155477e-03 5.865510e-03 5.873718e-03 5.833795e-03 5.885557e-03 5.846557e-03 5.897565e-03 5.880801e-03 5.876682e-03 2.939105e-03 2.540188e-02 5.858541e-03 5.851845e-03 5.838548e-03 5.858508e-03 5.846793e-03 5.874308e-03 5.906593e-03 3.390981e-03 4.197290e-03 4.151581e-03 4.140358e-03 5.894449e-03 5.849612e-03 5.845990e-03 5.870490e-03 5.897365e-03 4.142616e-03 5.876402e-03 5.833480e-03 5.884977e-03 5.822807e-03 5.902739e-03 5.874185e-03 5.284267e-02 5.873607e-03
3.575296e-03 3.565671e-03 3.593329e-03 3.527866e-03 3.569997e-03 3.528033e-03 3.501163e-03 3.589210e-03 3.584157e-03 3.554749e-03 3.506741e-03 3.586516e-03 3.528696e-03 3.494476e-03 3.509835e-03 3.487849e-03 3.564268e-03 3.524005e-03 3.522638e-03 5.067205e-03 5.060941e-03 4.997599e-03 1.305977e-01 5.073423e-03 4.965498e-03 4.965735e-03 4.978595e-03 3.587769e-03 3.501886e-03 3.594171e-03 3.523666e-03 3.547081e-03 3.492482e-03 3.584266e-03 3.575273e-03 4.644488e-03 3.584292e-03 3.591163e-03 3.606116e-03 3.581364e-03 3.570220e-03 3.540535e-03 3.581632e-03 3.495250e-03 3.584361e-03 3.575535e-03 4.992888e-03 4.948321e-03 4.991973e-03 5.057581e-03 5.064058e-03 5.016374e-03 5.080151e-03 4.951040e-03 3.577508e-03 4.963523e-03 4.954533e-03 5.069367e-03 5.067977e-03 4.999618e-03 4.953960e-03 5.058194e-03 5.094888e-03 2.130678e-01 5.061012e-03 5.072620e-03 4.956867e-03 4.990054e-03 5.079814e-03 1.745527e-01 4.960503e-03 5.039964e-03 3.579957e-03 5.065615e-03 5.075663e-03 4.959043e-03 5.081214e-03 4.958308e-03 5.087445e-03 5.075082e-03 5.073502e-03 2.535401e-03 2.157900e-02 5.037375e-03 4.963016e-03 4.957413e-03 5.016029e-03 5.039134e-03 5.061883e-03 5.079384e-03 2.926238e-03 3.612744e-03 3.583644e-03 3.553469e-03 5.039854e-03 5.007344e-03 5.012104e-03 5.060741e-03 5.083293e-03 3.563470e-03 5.065915e-03 4.944857e-03 5.077701e-03 4.951109e-03 5.100647e-03 5.065235e-03 4.440301e-02 4.983301e-03
3.204872e-03 3.202284e-03 3.225916e-03 3.144046e-03 3.209621e-03 3.143032e-03 3.103598e-03 3.227695e-03 3.221477e-03 3.174721e-03 3.107123e-03 3.215128e-03 3.135024e-03 3.094902e-03 3.114325e-03 3.093510e-03 3.200163e-03 3.133967e-03 3.115876e-03 4.550279e-03 4.544184e-03 4.437381e-03 1.207160e-01 4.554633e-03 4.418108e-03 4.403520e-03 4.431667e-03 3.230415e-03 3.101650e-03 3.223045e-03 3.131660e-03 3.164191e-03 3.104441e-03 3.215113e-03 3.209862e-03 4.108800e-03 3.207176e-03 3.223744e-03 3.231945e-03 3.214985e-03 3.209698e-03 3.159660e-03 3.221791e-03 3.099853e-03 3.211547e-03 3.210954e-03 4.450438e-03 4.375301e-03 4.444865e-03 4.533691e-03 4.547299e-03 4.455648e-03 4.551908e-03 4.379402e-03 3.210921e-03 4.404346e-03 4.390648e-03 4.557462e-03 4.558002e-03 4.462627e-03 4.383485e-03 4.534232e-03 4.568707e-03 1.882354e-01 4.542338e-03 4.535848e-03 4.391942e-03 4.492071e-03 4.555308e-03 1.529034e-01 4.383195e-03 4.514132e-03 3.213980e-03 4.550803e-03 4.561119e-03 4.408804e-03 4.562763e-03 4.393362e-03 4.577290e-03 4.555699e-03 4.558254e-03 2.279847e-03 1.907684e-02 4.523096e-03 4.387957e-03 4.395565e-03 4.469775e-03 4.497489e-03 4.542601e-03 4.565185e-03 2.634397e-03 3.234644e-03 3.218587e-03 3.173190e-03 4.494047e-03 4.474760e-03 4.480062e-03 4.545929e-03 4.563547e-03 3.196639e-03 4.554813e-03 4.370122e-03 4.563171e-03 4.383379e-03 4.581485e-03 4.548818e-03 4.046335e-02 4.399392e-03
2.983166e-03 2.967864e-03 2.996187e-03 2.905321e-03 2.978055e-03 2.899641e-03 2.856791e-03 2.991852e-03 2.985205e-03 2.934513e-03 2.851344e-03 2.979749e-03 2.891272e-03 2.840923e-03 2.857006e-03 2.834197e-03 2.963195e-03 2.886209e-03 2.863596e-03 4.205397e-03 4.208511e-03 4.064989e-03 1.120604e-01 4.231921e-03 4.069392e-03 4.057264e-03 4.066162e-03 2.997038e-03 2.843729e-03 2.991285e-03 2.890288e-03 2.923595e-03 2.857434e-03 2.980486e-03 2.968364e-03 3.783528e-03 2.973508e-03 2.994150e-03 3.006024e-03 2.983636e-03 2.958355e-03 2.922564e-03 2.976283e-03 2.842074e-03 2.978427e-03 2.972907e-03 4.110071e-03 4.024142e-03 4.096605e-03 4.204580e-03 4.212890e-03 4.105193e-03 4.213441e-03 4.005094e-03 2.981110e-03 4.055436e-03 4.042702e-03 4.220259e-03 4.221613e-03 4.091866e-03 4.019410e-03 4.212651e-03 4.250603e-03 1.776432e-01 4.213607e-03 4.207432e-03 4.033457e-03 4.146573e-03 4.231685e-03 1.468652e-01 4.011967e-03 4.187771e-03 2.977078e-03 4.220404e-03 4.233689e-03 4.054952e-03 4.243988e-03 4.027707e-03 4.230791e-03 4.225013e-03 4.219670e-03 2.114862e-03 1.771607e-02 4.181995e-03 4.031550e-03 4.041989e-03 4.135638e-03 4.169018e-03 4.210588e-03 4.226830e-03 2.445790e-03 3.001868e-03 2.989588e-03 2.937016e-03 4.157538e-03 4.127148e-03 4.143359e-03 4.211965e-03 4.242303e-03 2.945323e-03 4.232085e-03 4.017023e-03 4.225459e-03 4.039683e-03 4.248442e-03 4.221775e-03 3.738130e-02 4.050159e-03
2.829336e-03 2.825879e-03 2.851060e-03 2.755625e-03 2.831285e-03 2.753755e-03 2.700407e-03 2.847897e-03 2.849089e-03 2.796918e-03 2.703747e-03 2.843175e-03 2.741937e-03 2.696594e-03 2.702851e-03 2.685976e-03 2.825510e-03 2.744249e-03 2.707799e-03 4.009853e-03 4.006570e-03 3.853665e-03 9.990207e-02 4.037355e-03 3.863779e-03 3.842657e-03 3.863047e-03 2.858055e-03 2.694126e-03 2.854435e-03 2.737616e-03 2.777012e-03 2.712631e-03 2.849488e-03 2.827366e-03 3.591466e-03 2.826772e-03 2.851586e-03 2.860388e-03 2.835457e-03 2.829287e-03 2.777706e-03 2.842572e-03 2.696256e-03 2.842038e-03 2.836625e-03 3.908594e-03 3.805193e-03 3.883684e-03 4.009734e-03 4.011759e-03 3.891361e-03 4.014307e-03 3.798388e-03 2.836659e-03 3.832332e-03 3.834188e-03 4.023440e-03 4.036079e-03 3.888872e-03 3.806630e-03 4.020025e-03 4.052801e-03 1.578401e-01 4.014025e-03 4.001780e-03 3.809125e-03 3.969331e-03 4.028666e-03 1.411036e-01 3.798367e-03 3.978364e-03 2.831356e-03 4.028633e-03 4.034567e-03 3.853094e-03 4.033129e-03 3.820287e-03 4.037349e-03 4.028717e-03 4.026116e-03 2.014378e-03 1.674179e-02 3.985892e-03 3.828412e-03 3.819894e-03 3.924959e-03 3.970834e-03 4.012141e-03 4.033809e-03 2.329777e-03 2.860093e-03 2.848554e-03 2.800803e-03 3.954797e-03 3.925525e-03 3.941422e-03 4.015511e-03 4.053514e-03 2.815532e-03 4.029374e-03 3.795417e-03 4.016460e-03 3.817504e-03 4.050882e-03 4.031079e-03 3.508675e-02 3.841288e-03
2.771217e-03 2.750425e-03 2.793546e-03 2.686767e-03 2.761761e-03 2.685696e-03 2.628949e-03 2.788679e-03 2.780147e-03 2.727546e-03 2.624543e-03 2.777988e-03 2.669047e-03 2.620105e-03 2.629683e-03 2.612949e-03 2.757569e-03 2.676485e-03 2.637617e-03 3.923686e-03 3.919104e-03 3.762715e-03 1.001363e-01 3.933608e-03 3.770029e-03 3.740394e-03 3.771313e-03 2.793121e-03 2.622180e-03 2.785842e-03 2.671008e-03 2.711267e-03 2.650881e-03 2.781472e-03 2.759740e-03 3.487521e-03 2.763168e-03 2.793301e-03 2.798951e-03 2.768887e-03 2.760758e-03 2.706105e-03 2.767047e-03 2.619630e-03 2.772669e-03 2.769845e-03 3.806347e-03 3.698379e-03 3.794338e-03 3.904733e-03 3.919665e-03 3.790365e-03 3.925508e-03 3.691168e-03 2.772939e-03 3.738369e-03 3.727670e-03 3.929448e-03 3.934765e-03 3.782555e-03 3.700372e-03 3.929022e-03 3.951159e-03 1.578401e-01 3.926373e-03 3.917748e-03 3.716255e-03 3.865237e-03 3.944038e-03 1.339752e-01 3.697080e-03 3.888546e-03 2.774697e-03 3.930351e-03 3.941713e-03 3.753017e-03 3.946309e-03 3.719390e-03 3.941672e-03 3.931163e-03 3.939944e-03 1.970527e-03 1.603557e-02 3.878206e-03 3.717596e-03 3.726869e-03 3.823850e-03 3.875420e-03 3.923522e-03 3.940261e-03 2.279444e-03 2.791843e-03 2.778398e-03 2.721988e-03 3.856724e-03 3.821040e-03 3.842213e-03 3.919749e-03 3.951023e-03 2.739695e-03 3.934559e-03 3.701871e-03 3.928968e-03 3.713579e-03 3.960463e-03 3.932747e-03 3.378470e-02 3.735953e-03
