# Version 0.0
# Data /lustre/isaac24/proj/UTK0244/cbaillar/Bayes_HEP/Detroit_tune_Project/input/Data/Data__200__pp__STAR_2020_I1783875__d12-x01-y01.dat
# Observable: $1/N_{jets}$
# Subobservable: $R_{g}$
# Design Design_Rivet.dat
# design_point1 design_point2 design_point3 design_point4 design_point5 design_point6 design_point7 design_point8 design_point9 design_point10 design_point11 design_point12 design_point13 design_point14 design_point15 design_point16 design_point17 design_point18 design_point19 design_point20 design_point21 design_point22 design_point23 design_point24 design_point25 design_point26 design_point27 design_point28 design_point29 design_point30 design_point31 design_point32 design_point33 design_point34 design_point35 design_point36 design_point37 design_point38 design_point39 design_point40 design_point41 design_point42 design_point43 design_point44 design_point45 design_point46 design_point47 design_point48 design_point49 design_point50 design_point51 design_point52 design_point53 design_point54 design_point55 design_point56 design_point57 design_point58 design_point59 design_point60 design_point61 design_point62 design_point63 design_point64 design_point65 design_point66 design_point67 design_point68 design_point69 design_point70 design_point71 design_point72 design_point73 design_point74 design_point75 design_point76 design_point77 design_point78 design_point79 design_point80 design_point81 design_point82 design_point83 design_point84 design_point85 design_point86 design_point87 design_point88 design_point89 design_point90 design_point91 design_point92 design_point93 design_point94 design_point95 design_point96 design_point97 design_point98 design_point99 design_point100 design_point101 design_point102 design_point103 design_point104 design_point105 design_point106 design_point107 design_point108
6.782648e-01 6.730452e-01 6.912153e-01 6.228526e-01 6.752212e-01 6.224100e-01 5.906191e-01 6.892828e-01 6.857658e-01 6.537505e-01 5.769046e-01 6.803589e-01 5.967226e-01 5.867281e-01 5.874790e-01 5.787201e-01 6.682034e-01 6.217650e-01 5.682140e-01 6.818434e-01 6.800442e-01 5.838225e-01 5.443787e-01 6.882299e-01 6.092517e-01 5.990937e-01 6.068927e-01 6.843863e-01 5.795976e-01 6.879123e-01 6.159241e-01 6.376845e-01 6.198162e-01 6.793201e-01 6.734975e-01 5.839239e-01 6.559575e-01 6.919449e-01 6.854336e-01 6.797839e-01 6.719063e-01 6.412057e-01 6.814229e-01 5.709840e-01 6.815936e-01 6.779343e-01 6.410486e-01 5.771675e-01 6.151580e-01 6.740887e-01 6.830841e-01 6.050030e-01 6.659073e-01 5.647480e-01 6.772570e-01 5.917504e-01 5.900614e-01 6.853649e-01 6.880247e-01 6.048062e-01 5.715092e-01 6.829400e-01 6.838907e-01 4.168838e-01 6.836046e-01 6.776345e-01 5.776471e-01 6.883866e-01 6.888324e-01 5.221564e-01 5.602845e-01 6.679098e-01 6.792498e-01 6.916926e-01 6.905218e-01 6.039452e-01 6.911709e-01 5.774333e-01 6.826638e-01 6.844893e-01 6.914301e-01 6.914091e-01 5.712386e-01 6.681083e-01 5.769971e-01 5.857599e-01 6.388967e-01 6.673216e-01 6.808030e-01 6.736881e-01 6.881635e-01 6.658749e-01 6.832872e-01 6.496109e-01 6.344198e-01 6.374240e-01 6.452443e-01 6.805778e-01 6.864780e-01 6.607510e-01 6.894726e-01 5.783638e-01 6.826760e-01 6.013265e-01 6.877245e-01 6.879567e-01 5.424893e-01 5.694644e-01
2.978564e+00 2.955748e+00 3.040221e+00 2.774239e+00 2.969662e+00 2.758606e+00 2.629848e+00 3.027335e+00 3.016512e+00 2.885318e+00 2.593287e+00 2.989725e+00 2.675133e+00 2.614648e+00 2.632121e+00 2.588137e+00 2.953751e+00 2.746787e+00 2.562536e+00 2.992629e+00 2.990746e+00 2.614481e+00 2.354333e+00 3.024205e+00 2.714975e+00 2.668934e+00 2.697531e+00 3.008288e+00 2.588236e+00 3.020993e+00 2.738790e+00 2.824657e+00 2.726770e+00 2.985843e+00 2.971960e+00 2.628792e+00 2.905327e+00 3.034662e+00 3.020110e+00 3.001090e+00 2.964805e+00 2.839368e+00 3.000330e+00 2.555363e+00 3.004109e+00 2.981672e+00 2.821623e+00 2.587346e+00 2.742542e+00 2.982906e+00 2.990318e+00 2.686009e+00 2.936796e+00 2.534794e+00 2.990727e+00 2.652321e+00 2.639065e+00 3.010788e+00 3.018496e+00 2.708334e+00 2.566405e+00 2.997689e+00 3.008774e+00 2.094841e+00 2.999836e+00 2.978278e+00 2.585723e+00 3.031783e+00 3.019450e+00 2.215636e+00 2.528799e+00 2.945299e+00 2.990757e+00 3.032125e+00 3.023984e+00 2.685556e+00 3.032973e+00 2.592690e+00 3.004291e+00 3.003662e+00 3.015081e+00 3.028368e+00 2.571837e+00 2.935797e+00 2.584785e+00 2.619709e+00 2.829014e+00 2.922849e+00 2.993864e+00 2.970060e+00 3.028942e+00 2.943474e+00 3.010887e+00 2.885591e+00 2.811168e+00 2.819489e+00 2.856479e+00 3.002504e+00 3.017055e+00 2.910289e+00 3.025035e+00 2.582145e+00 2.995385e+00 2.656906e+00 3.029722e+00 3.006971e+00 2.478275e+00 2.570048e+00
4.337429e+00 4.305731e+00 4.375920e+00 4.149100e+00 4.324950e+00 4.134316e+00 3.991737e+00 4.370923e+00 4.360849e+00 4.244534e+00 3.981563e+00 4.352341e+00 4.087112e+00 3.979221e+00 4.003102e+00 3.949842e+00 4.310218e+00 4.098638e+00 3.981071e+00 4.342194e+00 4.343214e+00 3.991368e+00 3.649147e+00 4.370331e+00 4.088574e+00 4.045420e+00 4.065050e+00 4.362932e+00 3.970339e+00 4.374856e+00 4.120249e+00 4.182971e+00 4.058166e+00 4.347242e+00 4.320074e+00 4.023404e+00 4.323598e+00 4.371493e+00 4.393567e+00 4.355052e+00 4.311298e+00 4.200125e+00 4.344560e+00 3.938757e+00 4.344901e+00 4.328175e+00 4.171579e+00 3.961285e+00 4.103215e+00 4.332457e+00 4.349819e+00 4.095445e+00 4.335928e+00 3.916456e+00 4.330763e+00 4.034951e+00 4.017197e+00 4.355828e+00 4.367063e+00 4.113341e+00 3.949279e+00 4.345813e+00 4.386436e+00 3.877019e+00 4.342446e+00 4.332272e+00 3.967133e+00 4.371028e+00 4.369294e+00 3.449054e+00 3.921043e+00 4.297088e+00 4.345420e+00 4.399140e+00 4.363900e+00 4.056426e+00 4.368023e+00 3.968719e+00 4.374703e+00 4.353902e+00 4.356059e+00 4.368601e+00 3.963563e+00 4.293627e+00 3.963686e+00 3.993909e+00 4.196055e+00 4.289020e+00 4.344587e+00 4.352964e+00 4.382890e+00 4.379901e+00 4.353303e+00 4.248854e+00 4.218660e+00 4.196014e+00 4.220578e+00 4.343259e+00 4.376067e+00 4.274098e+00 4.368823e+00 3.959839e+00 4.346769e+00 4.005366e+00 4.389691e+00 4.359168e+00 3.698451e+00 3.982111e+00
3.785376e+00 3.776520e+00 3.790767e+00 3.748119e+00 3.782475e+00 3.739145e+00 3.683245e+00 3.784991e+00 3.779449e+00 3.761734e+00 3.701904e+00 3.790315e+00 3.753586e+00 3.682017e+00 3.709066e+00 3.678890e+00 3.777191e+00 3.715500e+00 3.714988e+00 3.791343e+00 3.774699e+00 3.695016e+00 3.494605e+00 3.780609e+00 3.723721e+00 3.708678e+00 3.721743e+00 3.796089e+00 3.688553e+00 3.789717e+00 3.728651e+00 3.749803e+00 3.695017e+00 3.801982e+00 3.780819e+00 3.708337e+00 3.819529e+00 3.784133e+00 3.809994e+00 3.788450e+00 3.780410e+00 3.760581e+00 3.778098e+00 3.686058e+00 3.779477e+00 3.787419e+00 3.725891e+00 3.686090e+00 3.726742e+00 3.778134e+00 3.781302e+00 3.744326e+00 3.821501e+00 3.676979e+00 3.784087e+00 3.709437e+00 3.711915e+00 3.786757e+00 3.782937e+00 3.761063e+00 3.684902e+00 3.783384e+00 3.815724e+00 3.741532e+00 3.781297e+00 3.780316e+00 3.686344e+00 3.789283e+00 3.789384e+00 3.497036e+00 3.683193e+00 3.776272e+00 3.781462e+00 3.802273e+00 3.788825e+00 3.721524e+00 3.788941e+00 3.694452e+00 3.803815e+00 3.790793e+00 3.784048e+00 3.780304e+00 3.691804e+00 3.772968e+00 3.698607e+00 3.704655e+00 3.759476e+00 3.769978e+00 3.783423e+00 3.809310e+00 3.786328e+00 3.858505e+00 3.782913e+00 3.766278e+00 3.802797e+00 3.756450e+00 3.761280e+00 3.783098e+00 3.801980e+00 3.771306e+00 3.781361e+00 3.681342e+00 3.793677e+00 3.678917e+00 3.812962e+00 3.779519e+00 3.495400e+00 3.720871e+00
2.981189e+00 2.996468e+00 2.963782e+00 3.067795e+00 2.989185e+00 3.071590e+00 3.111043e+00 2.966140e+00 2.967679e+00 3.020214e+00 3.122572e+00 2.977914e+00 3.109566e+00 3.110592e+00 3.111327e+00 3.120218e+00 2.996268e+00 3.066511e+00 3.137862e+00 2.979901e+00 2.982287e+00 3.113357e+00 3.108945e+00 2.966677e+00 3.084793e+00 3.098386e+00 3.087038e+00 2.976897e+00 3.120012e+00 2.961111e+00 3.080083e+00 3.035754e+00 3.075680e+00 2.985149e+00 2.986287e+00 3.114016e+00 3.027794e+00 2.961706e+00 2.972200e+00 2.972978e+00 2.990191e+00 3.040221e+00 2.979930e+00 3.128663e+00 2.973238e+00 2.982674e+00 3.030681e+00 3.119572e+00 3.072296e+00 2.987635e+00 2.978544e+00 3.097728e+00 3.019418e+00 3.137328e+00 2.982029e+00 3.108853e+00 3.109079e+00 2.974464e+00 2.966648e+00 3.096522e+00 3.133201e+00 2.975724e+00 2.975304e+00 3.064096e+00 2.977122e+00 2.988209e+00 3.123541e+00 2.961021e+00 2.965054e+00 3.192210e+00 3.149968e+00 3.002647e+00 2.978958e+00 2.959851e+00 2.968476e+00 3.090177e+00 2.963973e+00 3.120593e+00 2.983705e+00 2.976443e+00 2.968242e+00 2.967758e+00 3.120371e+00 3.002360e+00 3.124581e+00 3.116588e+00 3.044554e+00 3.006491e+00 2.979151e+00 2.998436e+00 2.960843e+00 3.018351e+00 2.965202e+00 3.021710e+00 3.071296e+00 3.047863e+00 3.031297e+00 2.979467e+00 2.974919e+00 3.019979e+00 2.963140e+00 3.125077e+00 2.986144e+00 3.097433e+00 2.969552e+00 2.972860e+00 3.110896e+00 3.139049e+00
2.513462e+00 2.536833e+00 2.468369e+00 2.690886e+00 2.525930e+00 2.705648e+00 2.837718e+00 2.476294e+00 2.490911e+00 2.603655e+00 2.851958e+00 2.503959e+00 2.759062e+00 2.848148e+00 2.819460e+00 2.874986e+00 2.533312e+00 2.736549e+00 2.865695e+00 2.501391e+00 2.506806e+00 2.845016e+00 3.046293e+00 2.482727e+00 2.751426e+00 2.797973e+00 2.763840e+00 2.485253e+00 2.859588e+00 2.477144e+00 2.725688e+00 2.655602e+00 2.775978e+00 2.498412e+00 2.527263e+00 2.826839e+00 2.546526e+00 2.473556e+00 2.470157e+00 2.497039e+00 2.533559e+00 2.637344e+00 2.501121e+00 2.887429e+00 2.499819e+00 2.517587e+00 2.669554e+00 2.870102e+00 2.728308e+00 2.516992e+00 2.502220e+00 2.754957e+00 2.525031e+00 2.910229e+00 2.515287e+00 2.800958e+00 2.811652e+00 2.489749e+00 2.482516e+00 2.737156e+00 2.879598e+00 2.497014e+00 2.472062e+00 2.866076e+00 2.503428e+00 2.518982e+00 2.859289e+00 2.475796e+00 2.482607e+00 3.217612e+00 2.905729e+00 2.549196e+00 2.509216e+00 2.463696e+00 2.477121e+00 2.774540e+00 2.469910e+00 2.859663e+00 2.478353e+00 2.494228e+00 2.489022e+00 2.477190e+00 2.862453e+00 2.550388e+00 2.860809e+00 2.834011e+00 2.646831e+00 2.563537e+00 2.503058e+00 2.506190e+00 2.473962e+00 2.497339e+00 2.497133e+00 2.599424e+00 2.635440e+00 2.647653e+00 2.627832e+00 2.498235e+00 2.476317e+00 2.575171e+00 2.483544e+00 2.867489e+00 2.496527e+00 2.827947e+00 2.462951e+00 2.489023e+00 3.020424e+00 2.863023e+00
1.769981e+00 1.792516e+00 1.728774e+00 1.936446e+00 1.774321e+00 1.949984e+00 2.092964e+00 1.740435e+00 1.749237e+00 1.850457e+00 2.103152e+00 1.752258e+00 1.995622e+00 2.107103e+00 2.072683e+00 2.130101e+00 1.793542e+00 1.984113e+00 2.105837e+00 1.761524e+00 1.768889e+00 2.089451e+00 2.485207e+00 1.737933e+00 1.997609e+00 2.037116e+00 2.017526e+00 1.742649e+00 2.115621e+00 1.740747e+00 1.968764e+00 1.908474e+00 2.016028e+00 1.752173e+00 1.780627e+00 2.066408e+00 1.774171e+00 1.735116e+00 1.717365e+00 1.755247e+00 1.785251e+00 1.887494e+00 1.762364e+00 2.145829e+00 1.759966e+00 1.769745e+00 1.927019e+00 2.123301e+00 1.979240e+00 1.768095e+00 1.761613e+00 1.993661e+00 1.756925e+00 2.163699e+00 1.765302e+00 2.052770e+00 2.065483e+00 1.747736e+00 1.744834e+00 1.964886e+00 2.133440e+00 1.759722e+00 1.722664e+00 2.542991e+00 1.758744e+00 1.769299e+00 2.124972e+00 1.735344e+00 1.739225e+00 2.517640e+00 2.161134e+00 1.797498e+00 1.762816e+00 1.714751e+00 1.737136e+00 2.024983e+00 1.737618e+00 2.110727e+00 1.734233e+00 1.745048e+00 1.746356e+00 1.739993e+00 2.122132e+00 1.808298e+00 2.118119e+00 2.084804e+00 1.891448e+00 1.813340e+00 1.764759e+00 1.746172e+00 1.733646e+00 1.717840e+00 1.756739e+00 1.847721e+00 1.854235e+00 1.898322e+00 1.867816e+00 1.758703e+00 1.731992e+00 1.817805e+00 1.737956e+00 2.128343e+00 1.752506e+00 2.077655e+00 1.714835e+00 1.753103e+00 2.366716e+00 2.097254e+00
7.605820e-01 7.698659e-01 7.471577e-01 8.235347e-01 7.643059e-01 8.325511e-01 8.800859e-01 7.496808e-01 7.543442e-01 7.905262e-01 8.875750e-01 7.595160e-01 8.414554e-01 8.900866e-01 8.828557e-01 8.978249e-01 7.725842e-01 8.415320e-01 8.827882e-01 7.552161e-01 7.601635e-01 8.849408e-01 1.116603e+00 7.537621e-01 8.440830e-01 8.592040e-01 8.570785e-01 7.485458e-01 8.956255e-01 7.513486e-01 8.357848e-01 8.166653e-01 8.457479e-01 7.552018e-01 7.654157e-01 8.652570e-01 7.539570e-01 7.512593e-01 7.359799e-01 7.563236e-01 7.688042e-01 8.040730e-01 7.574702e-01 9.065367e-01 7.626939e-01 7.617951e-01 8.226821e-01 8.939551e-01 8.458510e-01 7.666336e-01 7.579704e-01 8.384134e-01 7.443505e-01 9.165320e-01 7.600412e-01 8.665325e-01 8.717894e-01 7.539044e-01 7.532265e-01 8.288906e-01 9.022520e-01 7.633695e-01 7.393834e-01 1.167275e+00 7.570719e-01 7.613811e-01 8.949409e-01 7.524844e-01 7.513029e-01 1.151566e+00 9.114837e-01 7.712619e-01 7.574362e-01 7.386678e-01 7.529776e-01 8.569453e-01 7.516629e-01 8.921184e-01 7.422105e-01 7.555507e-01 7.556703e-01 7.506437e-01 9.074191e-01 7.756820e-01 8.916103e-01 8.802198e-01 8.054241e-01 7.754368e-01 7.560486e-01 7.487118e-01 7.513041e-01 7.241179e-01 7.559389e-01 7.890501e-01 7.820609e-01 8.079153e-01 7.985098e-01 7.598690e-01 7.398948e-01 7.787818e-01 7.546944e-01 8.978889e-01 7.526587e-01 8.689703e-01 7.364535e-01 7.553455e-01 1.098924e+00 8.788828e-01
3.568449e-02 3.534151e-02 3.504907e-02 3.701004e-02 3.619279e-02 3.675690e-02 3.877620e-02 3.612072e-02 3.588482e-02 3.594150e-02 3.812410e-02 3.543668e-02 3.509619e-02 3.777650e-02 3.852532e-02 3.876146e-02 3.573084e-02 3.781816e-02 3.716488e-02 3.550169e-02 3.521789e-02 3.767848e-02 5.151410e-02 3.516456e-02 3.668430e-02 3.701485e-02 3.757176e-02 3.519287e-02 3.865408e-02 3.593988e-02 3.716226e-02 3.651713e-02 3.710709e-02 3.541498e-02 3.614479e-02 3.727553e-02 3.291059e-02 3.564200e-02 3.361602e-02 3.572151e-02 3.598655e-02 3.665566e-02 3.557956e-02 3.898404e-02 3.497271e-02 3.557277e-02 3.760071e-02 3.835742e-02 3.798411e-02 3.473013e-02 3.554858e-02 3.590061e-02 3.381324e-02 3.915395e-02 3.485710e-02 3.810332e-02 3.764608e-02 3.551745e-02 3.545235e-02 3.461802e-02 3.789608e-02 3.565475e-02 3.433872e-02 9.379885e-02 3.648440e-02 3.619625e-02 3.822781e-02 3.528404e-02 3.518438e-02 7.902907e-02 3.782281e-02 3.573995e-02 3.586924e-02 3.496771e-02 3.577693e-02 3.802190e-02 3.556631e-02 3.907761e-02 3.474767e-02 3.601172e-02 3.565188e-02 3.599594e-02 3.899492e-02 3.573926e-02 3.866675e-02 3.833001e-02 3.630027e-02 3.542337e-02 3.505304e-02 3.398032e-02 3.564240e-02 3.136367e-02 3.506456e-02 3.648629e-02 3.428039e-02 3.689352e-02 3.646326e-02 3.523344e-02 3.419855e-02 3.566427e-02 3.581505e-02 3.842256e-02 3.491699e-02 3.815662e-02 3.497872e-02 3.570049e-02 4.659626e-02 3.691035e-02
