# Version 0.0
# Data /lustre/isaac24/proj/UTK0244/cbaillar/Bayes_HEP/Detroit_tune_Project/input/Data/Data__200__pp__STAR_2020_I1783875__d16-x01-y01.dat
# Observable: $1/N_{jets}$
# Subobservable: $z_{g}$
# Design Design_Rivet.dat
# design_point1 design_point2 design_point3 design_point4 design_point5 design_point6 design_point7 design_point8 design_point9 design_point10 design_point11 design_point12 design_point13 design_point14 design_point15 design_point16 design_point17 design_point18 design_point19 design_point20 design_point21 design_point22 design_point23 design_point24 design_point25 design_point26 design_point27 design_point28 design_point29 design_point30 design_point31 design_point32 design_point33 design_point34 design_point35 design_point36 design_point37 design_point38 design_point39 design_point40 design_point41 design_point42 design_point43 design_point44 design_point45 design_point46 design_point47 design_point48 design_point49 design_point50 design_point51 design_point52 design_point53 design_point54 design_point55 design_point56 design_point57 design_point58 design_point59 design_point60 design_point61 design_point62 design_point63 design_point64 design_point65 design_point66 design_point67 design_point68 design_point69 design_point70 design_point71 design_point72 design_point73 design_point74 design_point75 design_point76 design_point77 design_point78 design_point79 design_point80 design_point81 design_point82 design_point83 design_point84 design_point85 design_point86 design_point87 design_point88 design_point89 design_point90 design_point91 design_point92 design_point93 design_point94 design_point95 design_point96 design_point97 design_point98 design_point99 design_point100 design_point101 design_point102 design_point103 design_point104 design_point105 design_point106 design_point107 design_point108
6.330699e-03 6.338760e-03 6.312591e-03 6.428547e-03 6.328743e-03 6.431058e-03 6.555731e-03 6.296367e-03 6.312013e-03 6.367905e-03 6.530055e-03 6.322153e-03 6.495917e-03 6.576936e-03 6.535924e-03 6.588173e-03 6.328005e-03 6.481233e-03 6.582351e-03 8.939136e-03 8.940934e-03 9.341627e-03 2.363997e-01 8.915178e-03 9.173566e-03 9.272670e-03 9.158918e-03 6.310115e-03 6.558813e-03 6.305027e-03 6.448709e-03 6.408229e-03 6.552652e-03 6.327600e-03 6.328651e-03 1.000430e-02 6.404115e-03 6.292225e-03 6.320221e-03 6.314543e-03 6.330748e-03 6.397318e-03 6.322467e-03 6.551781e-03 6.309176e-03 6.323632e-03 9.138695e-03 9.273127e-03 9.128620e-03 8.943885e-03 8.942764e-03 9.218861e-03 9.024771e-03 9.293100e-03 6.320351e-03 9.212245e-03 9.225757e-03 8.917346e-03 8.898629e-03 9.175521e-03 9.280156e-03 8.914617e-03 8.948528e-03 3.934076e-01 8.924038e-03 8.938933e-03 9.278034e-03 8.955827e-03 8.911139e-03 3.228857e-01 9.320628e-03 8.983721e-03 6.324404e-03 9.046966e-03 8.904555e-03 9.172832e-03 8.904292e-03 9.237813e-03 8.952605e-03 8.928198e-03 8.908615e-03 4.458491e-03 4.850269e-02 8.988214e-03 9.252105e-03 9.246200e-03 9.051814e-03 9.001246e-03 8.938220e-03 8.980902e-03 5.150060e-03 6.389357e-03 6.315476e-03 6.373800e-03 9.123184e-03 9.051704e-03 9.024135e-03 8.918434e-03 8.943871e-03 6.351413e-03 8.912413e-03 9.293186e-03 8.939288e-03 9.290393e-03 8.934289e-03 8.920691e-03 8.679143e-02 9.302308e-03
5.166975e-03 5.185712e-03 5.151294e-03 5.270948e-03 5.165610e-03 5.293830e-03 5.395976e-03 5.140176e-03 5.152017e-03 5.218318e-03 5.377826e-03 5.158784e-03 5.345924e-03 5.419340e-03 5.384062e-03 5.425017e-03 5.174924e-03 5.305408e-03 5.427108e-03 7.304908e-03 7.293805e-03 7.698970e-03 1.903076e-01 7.287857e-03 7.537942e-03 7.622871e-03 7.546191e-03 5.151549e-03 5.415253e-03 5.143216e-03 5.301585e-03 5.264605e-03 5.359555e-03 5.174503e-03 5.169604e-03 8.262816e-03 5.232104e-03 5.140381e-03 5.163926e-03 5.157063e-03 5.177253e-03 5.244216e-03 5.157245e-03 5.416705e-03 5.151216e-03 5.172892e-03 7.476345e-03 7.661711e-03 7.505138e-03 7.309422e-03 7.297751e-03 7.578478e-03 7.380346e-03 7.681684e-03 5.162316e-03 7.587512e-03 7.602809e-03 7.286614e-03 7.266045e-03 7.542931e-03 7.681148e-03 7.293876e-03 7.303881e-03 3.260177e-01 7.289834e-03 7.304875e-03 7.656081e-03 7.304277e-03 7.286122e-03 2.804767e-01 7.715738e-03 7.335168e-03 5.159045e-03 7.387318e-03 7.264565e-03 7.561155e-03 7.273312e-03 7.610095e-03 7.312313e-03 7.294809e-03 7.273692e-03 3.635928e-03 4.000756e-02 7.352884e-03 7.627820e-03 7.633943e-03 7.417150e-03 7.360785e-03 7.302142e-03 7.341280e-03 4.199735e-03 5.218848e-03 5.154862e-03 5.215024e-03 7.472364e-03 7.417993e-03 7.394865e-03 7.286914e-03 7.310330e-03 5.204668e-03 7.278075e-03 7.672492e-03 7.297099e-03 7.636687e-03 7.293948e-03 7.288195e-03 7.172047e-02 7.677364e-03
4.382441e-03 4.397019e-03 4.372482e-03 4.486711e-03 4.381150e-03 4.486830e-03 4.570864e-03 4.362825e-03 4.372710e-03 4.429116e-03 4.571659e-03 4.381699e-03 4.549222e-03 4.596897e-03 4.589591e-03 4.613658e-03 4.392989e-03 4.503112e-03 4.621586e-03 6.199416e-03 6.187483e-03 6.538281e-03 1.635858e-01 6.184571e-03 6.407953e-03 6.474396e-03 6.422159e-03 4.373892e-03 4.603334e-03 4.363123e-03 4.504057e-03 4.467915e-03 4.533662e-03 4.387497e-03 4.389828e-03 7.031856e-03 4.445918e-03 4.361940e-03 4.381149e-03 4.383885e-03 4.393433e-03 4.455084e-03 4.377950e-03 4.605696e-03 4.378004e-03 4.378395e-03 6.348771e-03 6.521182e-03 6.374493e-03 6.197101e-03 6.192563e-03 6.432218e-03 6.259875e-03 6.540490e-03 4.385785e-03 6.452976e-03 6.470013e-03 6.184362e-03 6.158810e-03 6.403893e-03 6.534433e-03 6.175612e-03 6.199058e-03 3.007284e-01 6.178353e-03 6.201683e-03 6.499054e-03 6.203745e-03 6.177324e-03 2.376190e-01 6.568168e-03 6.225501e-03 4.381617e-03 6.268379e-03 6.168064e-03 6.411846e-03 6.162696e-03 6.472877e-03 6.198772e-03 6.188576e-03 6.176562e-03 3.088590e-03 3.421138e-02 6.234802e-03 6.488860e-03 6.484435e-03 6.298190e-03 6.238137e-03 6.190219e-03 6.224487e-03 3.569758e-03 4.433581e-03 4.370337e-03 4.425521e-03 6.344190e-03 6.304239e-03 6.272273e-03 6.179054e-03 6.202564e-03 4.415600e-03 6.181832e-03 6.528727e-03 6.199270e-03 6.467612e-03 6.192063e-03 6.184172e-03 5.979227e-02 6.538126e-03
3.854172e-03 3.863267e-03 3.837951e-03 3.929200e-03 3.856898e-03 3.932811e-03 4.011514e-03 3.837449e-03 3.839457e-03 3.885341e-03 4.012742e-03 3.847299e-03 3.985931e-03 4.031762e-03 4.009727e-03 4.040622e-03 3.849577e-03 3.941816e-03 4.051125e-03 5.445653e-03 5.438522e-03 5.734644e-03 1.456955e-01 5.424714e-03 5.610609e-03 5.665426e-03 5.619191e-03 3.846515e-03 4.031086e-03 3.836244e-03 3.946442e-03 3.921316e-03 3.961720e-03 3.853077e-03 3.859451e-03 6.167637e-03 3.897731e-03 3.836282e-03 3.849535e-03 3.850178e-03 3.853999e-03 3.903360e-03 3.854545e-03 4.041114e-03 3.841877e-03 3.850566e-03 5.567971e-03 5.710756e-03 5.605555e-03 5.451837e-03 5.452148e-03 5.642378e-03 5.502766e-03 5.729627e-03 3.853463e-03 5.659786e-03 5.668333e-03 5.434014e-03 5.424218e-03 5.622827e-03 5.742137e-03 5.444188e-03 5.442372e-03 2.713952e-01 5.442288e-03 5.449649e-03 5.705086e-03 5.447832e-03 5.427961e-03 2.015004e-01 5.766222e-03 5.469100e-03 3.854081e-03 5.507704e-03 5.428416e-03 5.622155e-03 5.420384e-03 5.660412e-03 5.460337e-03 5.440221e-03 5.433124e-03 2.716755e-03 2.965933e-02 5.484682e-03 5.677606e-03 5.688530e-03 5.531238e-03 5.475965e-03 5.456158e-03 5.472381e-03 3.133685e-03 3.894839e-03 3.839710e-03 3.888256e-03 5.556821e-03 5.529912e-03 5.503238e-03 5.432540e-03 5.440680e-03 3.874191e-03 5.433410e-03 5.718307e-03 5.447276e-03 5.670393e-03 5.441898e-03 5.439337e-03 5.327828e-02 5.734927e-03
3.498227e-03 3.508337e-03 3.495394e-03 3.552455e-03 3.493331e-03 3.568363e-03 3.620491e-03 3.479641e-03 3.483566e-03 3.516920e-03 3.620182e-03 3.495133e-03 3.593792e-03 3.636397e-03 3.630426e-03 3.640015e-03 3.498976e-03 3.562506e-03 3.652421e-03 4.940129e-03 4.938384e-03 5.166807e-03 1.332531e-01 4.932491e-03 5.068293e-03 5.122622e-03 5.098001e-03 3.491969e-03 3.637697e-03 3.486560e-03 3.559713e-03 3.556805e-03 3.571224e-03 3.493645e-03 3.500227e-03 5.559262e-03 3.534948e-03 3.492980e-03 3.494823e-03 3.489634e-03 3.504271e-03 3.537077e-03 3.486673e-03 3.643313e-03 3.487787e-03 3.499914e-03 5.028912e-03 5.163917e-03 5.058833e-03 4.936867e-03 4.944297e-03 5.113091e-03 4.981434e-03 5.181167e-03 3.502113e-03 5.128091e-03 5.124140e-03 4.935554e-03 4.929854e-03 5.079668e-03 5.178502e-03 4.935310e-03 4.945881e-03 2.222934e-01 4.934803e-03 4.940756e-03 5.142361e-03 4.946928e-03 4.929017e-03 1.999200e-01 5.196791e-03 4.959094e-03 3.493863e-03 5.004554e-03 4.931286e-03 5.073440e-03 4.925736e-03 5.099151e-03 4.945846e-03 4.942419e-03 4.926591e-03 2.468834e-03 2.707853e-02 4.967930e-03 5.123122e-03 5.145531e-03 4.989760e-03 4.967964e-03 4.945140e-03 4.966297e-03 2.847786e-03 3.529234e-03 3.492468e-03 3.521458e-03 5.022519e-03 5.008468e-03 4.984015e-03 4.936363e-03 4.948148e-03 3.515752e-03 4.937483e-03 5.157418e-03 4.944692e-03 5.103621e-03 4.943668e-03 4.938216e-03 4.805131e-02 5.184771e-03
3.261305e-03 3.268209e-03 3.260447e-03 3.302083e-03 3.264269e-03 3.304410e-03 3.361724e-03 3.255986e-03 3.250687e-03 3.276985e-03 3.360563e-03 3.259607e-03 3.341072e-03 3.367651e-03 3.368836e-03 3.384019e-03 3.267917e-03 3.314498e-03 3.387375e-03 4.616498e-03 4.600094e-03 4.803436e-03 1.250749e-01 4.600995e-03 4.708426e-03 4.748146e-03 4.733760e-03 3.254098e-03 3.377600e-03 3.260274e-03 3.310600e-03 3.307928e-03 3.313558e-03 3.265174e-03 3.259499e-03 5.175022e-03 3.300349e-03 3.247230e-03 3.266420e-03 3.263470e-03 3.258791e-03 3.289548e-03 3.265575e-03 3.382389e-03 3.254030e-03 3.266214e-03 4.694036e-03 4.790674e-03 4.717775e-03 4.611623e-03 4.605310e-03 4.736842e-03 4.647790e-03 4.801675e-03 3.266784e-03 4.758543e-03 4.746425e-03 4.602926e-03 4.593363e-03 4.732034e-03 4.809995e-03 4.610793e-03 4.622418e-03 1.978852e-01 4.604616e-03 4.607813e-03 4.770072e-03 4.598536e-03 4.603094e-03 1.720638e-01 4.828705e-03 4.626851e-03 3.258157e-03 4.675083e-03 4.597860e-03 4.716800e-03 4.594436e-03 4.748393e-03 4.620186e-03 4.608550e-03 4.601855e-03 2.304857e-03 2.562572e-02 4.614461e-03 4.763809e-03 4.765596e-03 4.648748e-03 4.631400e-03 4.609438e-03 4.642928e-03 2.654090e-03 3.293562e-03 3.263052e-03 3.277470e-03 4.681079e-03 4.647524e-03 4.643879e-03 4.604426e-03 4.619742e-03 3.274729e-03 4.605579e-03 4.789817e-03 4.610233e-03 4.736702e-03 4.611920e-03 4.605278e-03 4.512016e-02 4.809818e-03
3.114688e-03 3.119658e-03 3.114675e-03 3.153116e-03 3.114421e-03 3.157887e-03 3.195828e-03 3.119878e-03 3.108877e-03 3.135078e-03 3.202693e-03 3.121796e-03 3.186908e-03 3.211383e-03 3.197855e-03 3.221675e-03 3.116798e-03 3.154798e-03 3.223049e-03 4.417450e-03 4.406421e-03 4.563495e-03 1.125875e-01 4.405639e-03 4.488746e-03 4.523382e-03 4.512999e-03 3.118779e-03 3.215069e-03 3.116180e-03 3.161479e-03 3.155256e-03 3.158365e-03 3.124068e-03 3.122869e-03 4.943529e-03 3.144961e-03 3.114411e-03 3.118308e-03 3.122014e-03 3.121381e-03 3.142217e-03 3.116340e-03 3.219139e-03 3.116739e-03 3.111479e-03 4.469008e-03 4.546360e-03 4.494456e-03 4.396282e-03 4.409123e-03 4.529022e-03 4.432266e-03 4.567261e-03 3.117757e-03 4.525686e-03 4.526434e-03 4.408727e-03 4.403479e-03 4.500036e-03 4.578490e-03 4.408399e-03 4.412612e-03 2.264488e-01 4.407197e-03 4.422075e-03 4.544763e-03 4.407429e-03 4.399804e-03 1.763128e-01 4.593220e-03 4.418263e-03 3.118518e-03 4.462009e-03 4.395178e-03 4.501104e-03 4.398354e-03 4.514157e-03 4.422681e-03 4.406927e-03 4.404546e-03 2.198845e-03 2.401472e-02 4.419596e-03 4.530855e-03 4.537994e-03 4.432113e-03 4.413465e-03 4.409596e-03 4.422659e-03 2.540196e-03 3.149916e-03 3.114139e-03 3.128956e-03 4.469572e-03 4.439788e-03 4.421929e-03 4.391827e-03 4.408387e-03 3.127316e-03 4.402230e-03 4.551986e-03 4.413991e-03 4.516751e-03 4.414810e-03 4.399286e-03 4.223600e-02 4.573417e-03
3.050362e-03 3.049969e-03 3.048688e-03 3.065654e-03 3.043762e-03 3.074742e-03 3.115819e-03 3.041157e-03 3.043518e-03 3.054496e-03 3.113410e-03 3.047654e-03 3.111811e-03 3.128778e-03 3.127717e-03 3.136679e-03 3.047155e-03 3.079323e-03 3.141367e-03 4.307721e-03 4.302823e-03 4.459551e-03 1.132557e-01 4.303128e-03 4.380826e-03 4.400819e-03 4.397562e-03 3.051583e-03 3.133358e-03 3.039156e-03 3.082696e-03 3.077378e-03 3.078602e-03 3.047835e-03 3.051546e-03 4.800702e-03 3.070717e-03 3.040620e-03 3.051214e-03 3.049019e-03 3.050637e-03 3.063386e-03 3.041857e-03 3.127622e-03 3.039520e-03 3.044321e-03 4.378681e-03 4.429122e-03 4.385185e-03 4.309403e-03 4.305517e-03 4.408862e-03 4.329215e-03 4.453472e-03 3.046635e-03 4.403817e-03 4.411272e-03 4.293937e-03 4.296693e-03 4.388300e-03 4.450621e-03 4.305887e-03 4.317465e-03 2.093330e-01 4.301513e-03 4.312220e-03 4.428878e-03 4.306898e-03 4.300829e-03 1.670753e-01 4.463108e-03 4.299417e-03 3.043515e-03 4.363160e-03 4.296155e-03 4.371584e-03 4.305879e-03 4.398001e-03 4.323800e-03 4.310629e-03 4.304068e-03 2.153472e-03 2.354507e-02 4.315261e-03 4.410991e-03 4.424155e-03 4.335641e-03 4.314401e-03 4.310940e-03 4.334782e-03 2.479630e-03 3.074464e-03 3.045131e-03 3.054485e-03 4.358650e-03 4.335153e-03 4.324019e-03 4.302222e-03 4.311905e-03 3.055670e-03 4.306866e-03 4.441445e-03 4.298284e-03 4.387244e-03 4.311883e-03 4.301052e-03 4.161089e-02 4.450640e-03
