# Version 0.0
# Data /lustre/isaac24/proj/UTK0244/cbaillar/Bayes_HEP/Detroit_tune_Project/input/Data/Data__200__pp__PHENIX_2025_I2820229__d02-x01-y06.dat
# Observable: $\frac{1}{N_{jet}}\frac{dN}{dz_g}$
# Subobservable: $z_g$
# Design Design_Rivet.dat
# design_point1 design_point2 design_point3 design_point4 design_point5 design_point6 design_point7 design_point8 design_point9 design_point10 design_point11 design_point12 design_point13 design_point14 design_point15 design_point16 design_point17 design_point18 design_point19 design_point20 design_point21 design_point22 design_point23 design_point24 design_point25 design_point26 design_point27 design_point28 design_point29 design_point30 design_point31 design_point32 design_point33 design_point34 design_point35 design_point36 design_point37 design_point38 design_point39 design_point40 design_point41 design_point42 design_point43 design_point44 design_point45 design_point46 design_point47 design_point48 design_point49 design_point50 design_point51 design_point52 design_point53 design_point54 design_point55 design_point56 design_point57 design_point58 design_point59 design_point60 design_point61 design_point62 design_point63 design_point64 design_point65 design_point66 design_point67 design_point68 design_point69 design_point70 design_point71 design_point72 design_point73 design_point74 design_point75 design_point76 design_point77 design_point78 design_point79 design_point80 design_point81 design_point82 design_point83 design_point84 design_point85 design_point86 design_point87 design_point88 design_point89 design_point90 design_point91 design_point92 design_point93 design_point94 design_point95 design_point96 design_point97 design_point98 design_point99 design_point100 design_point101 design_point102 design_point103 design_point104 design_point105 design_point106 design_point107 design_point108
1.030935e-02 1.031184e-02 1.032694e-02 1.028596e-02 1.027373e-02 1.029913e-02 1.027200e-02 1.029963e-02 1.029864e-02 1.028534e-02 1.027761e-02 1.031624e-02 1.039333e-02 1.027167e-02 1.026119e-02 1.028204e-02 1.026242e-02 1.030213e-02 1.041234e-02 1.459717e-02 1.453268e-02 1.467276e-02 3.304962e-01 1.455025e-02 1.454646e-02 1.463437e-02 1.455241e-02 1.034658e-02 1.026730e-02 1.029977e-02 1.025015e-02 1.028359e-02 1.025722e-02 1.034446e-02 1.030139e-02 1.350167e-02 1.049018e-02 1.028891e-02 1.041730e-02 1.032938e-02 1.029652e-02 1.029813e-02 1.030491e-02 1.026246e-02 1.028515e-02 1.029084e-02 1.454956e-02 1.452129e-02 1.453916e-02 1.457472e-02 1.456237e-02 1.478755e-02 1.483439e-02 1.449975e-02 1.032282e-02 1.452554e-02 1.454364e-02 1.454352e-02 1.455584e-02 1.474699e-02 1.453568e-02 1.455241e-02 1.471612e-02 5.138322e-01 1.450546e-02 1.458866e-02 1.451600e-02 1.453247e-02 1.453636e-02 4.607692e-01 1.461602e-02 1.455502e-02 1.030563e-02 1.462134e-02 1.451211e-02 1.451700e-02 1.453450e-02 1.450836e-02 1.470697e-02 1.459221e-02 1.453680e-02 7.272538e-03 5.973036e-02 1.456045e-02 1.453773e-02 1.450369e-02 1.456301e-02 1.456697e-02 1.455650e-02 1.474559e-02 8.394183e-03 1.058462e-02 1.029493e-02 1.028772e-02 1.479936e-02 1.455156e-02 1.452684e-02 1.452413e-02 1.467696e-02 1.031561e-02 1.457776e-02 1.450994e-02 1.462776e-02 1.454309e-02 1.471807e-02 1.458453e-02 1.145062e-01 1.469139e-02
8.903446e-03 8.902337e-03 8.892527e-03 8.895969e-03 8.891644e-03 8.912989e-03 8.907508e-03 8.880476e-03 8.854327e-03 8.880189e-03 8.913351e-03 8.895333e-03 8.981342e-03 8.901729e-03 8.904345e-03 8.897351e-03 8.871992e-03 8.890182e-03 9.018894e-03 1.258718e-02 1.257268e-02 1.273467e-02 2.795241e-01 1.258255e-02 1.259650e-02 1.265844e-02 1.257694e-02 8.928895e-03 8.896454e-03 8.906392e-03 8.879684e-03 8.896881e-03 8.870107e-03 8.922712e-03 8.894829e-03 1.173403e-02 9.038314e-03 8.876502e-03 8.977313e-03 8.891572e-03 8.885898e-03 8.898519e-03 8.872144e-03 8.900210e-03 8.858910e-03 8.881009e-03 1.258311e-02 1.258057e-02 1.253776e-02 1.256546e-02 1.257070e-02 1.281233e-02 1.275446e-02 1.257458e-02 8.900963e-03 1.258462e-02 1.259964e-02 1.256258e-02 1.254772e-02 1.273302e-02 1.258614e-02 1.255986e-02 1.269646e-02 4.744146e-01 1.254254e-02 1.257934e-02 1.259634e-02 1.253725e-02 1.252927e-02 3.697013e-01 1.263259e-02 1.259556e-02 8.879829e-03 1.255923e-02 1.253352e-02 1.258534e-02 1.255173e-02 1.253765e-02 1.270796e-02 1.260448e-02 1.255321e-02 6.283815e-03 5.199496e-02 1.254531e-02 1.259068e-02 1.260081e-02 1.259298e-02 1.255963e-02 1.257091e-02 1.270290e-02 7.259113e-03 9.112825e-03 8.897303e-03 8.903019e-03 1.279689e-02 1.257609e-02 1.254905e-02 1.252449e-02 1.264646e-02 8.902322e-03 1.255512e-02 1.258201e-02 1.262214e-02 1.261527e-02 1.269271e-02 1.255957e-02 9.791882e-02 1.274076e-02
7.835053e-03 7.845481e-03 7.844884e-03 7.848171e-03 7.814804e-03 7.845415e-03 7.866641e-03 7.819301e-03 7.813711e-03 7.827706e-03 7.875002e-03 7.820877e-03 7.932363e-03 7.854365e-03 7.855360e-03 7.869666e-03 7.810979e-03 7.845675e-03 7.972062e-03 1.112905e-02 1.109105e-02 1.121437e-02 2.582750e-01 1.106125e-02 1.109569e-02 1.116035e-02 1.109980e-02 7.844924e-03 7.883657e-03 7.834484e-03 7.840041e-03 7.847314e-03 7.827826e-03 7.852501e-03 7.848335e-03 1.040160e-02 7.983270e-03 7.813807e-03 7.904423e-03 7.841267e-03 7.811081e-03 7.842284e-03 7.837833e-03 7.850097e-03 7.795637e-03 7.836476e-03 1.107544e-02 1.110370e-02 1.108436e-02 1.109951e-02 1.107418e-02 1.125586e-02 1.124515e-02 1.115457e-02 7.825398e-03 1.111373e-02 1.110017e-02 1.106628e-02 1.103281e-02 1.123120e-02 1.114265e-02 1.107568e-02 1.119384e-02 4.108551e-01 1.105052e-02 1.108871e-02 1.112864e-02 1.103358e-02 1.104825e-02 3.347789e-01 1.114943e-02 1.109537e-02 7.838571e-03 1.109077e-02 1.103523e-02 1.106982e-02 1.103354e-02 1.112206e-02 1.116529e-02 1.111617e-02 1.105664e-02 5.527854e-03 4.629053e-02 1.107026e-02 1.110907e-02 1.112867e-02 1.109743e-02 1.107371e-02 1.105692e-02 1.120535e-02 6.383695e-03 8.035573e-03 7.817975e-03 7.851117e-03 1.127830e-02 1.113093e-02 1.104278e-02 1.104741e-02 1.118485e-02 7.855293e-03 1.104979e-02 1.112544e-02 1.110334e-02 1.112626e-02 1.118568e-02 1.105538e-02 8.815213e-02 1.124010e-02
7.080711e-03 7.076486e-03 7.076005e-03 7.110295e-03 7.071529e-03 7.112848e-03 7.116712e-03 7.080400e-03 7.055939e-03 7.091967e-03 7.103409e-03 7.073353e-03 7.155853e-03 7.104583e-03 7.090802e-03 7.104819e-03 7.071124e-03 7.088197e-03 7.205929e-03 1.003958e-02 9.985234e-03 1.015227e-02 2.205318e-01 9.989771e-03 1.005898e-02 1.010049e-02 1.004317e-02 7.094753e-03 7.110800e-03 7.085043e-03 7.115077e-03 7.088412e-03 7.087334e-03 7.101936e-03 7.067138e-03 9.386233e-03 7.197988e-03 7.058378e-03 7.133474e-03 7.102224e-03 7.085020e-03 7.087577e-03 7.078485e-03 7.094668e-03 7.047910e-03 7.094842e-03 1.002097e-02 1.005986e-02 1.004074e-02 1.002129e-02 9.988961e-03 1.018713e-02 1.018075e-02 1.004960e-02 7.065206e-03 1.007049e-02 1.005413e-02 9.973341e-03 9.966051e-03 1.013918e-02 1.005244e-02 9.988849e-03 1.012373e-02 4.160892e-01 9.990815e-03 1.003774e-02 1.005827e-02 9.988408e-03 1.001635e-02 3.003469e-01 1.011292e-02 1.002178e-02 7.070672e-03 1.003267e-02 1.000395e-02 1.001617e-02 9.981498e-03 1.000347e-02 1.009311e-02 9.998142e-03 1.000488e-02 5.002683e-03 4.220802e-02 1.000442e-02 1.004074e-02 1.006567e-02 1.002746e-02 1.000338e-02 1.003321e-02 1.011440e-02 5.758146e-03 7.264464e-03 7.084347e-03 7.102098e-03 1.019303e-02 1.003048e-02 1.002193e-02 9.988002e-03 1.008658e-02 7.093463e-03 1.000690e-02 1.003823e-02 1.005606e-02 1.005558e-02 1.008760e-02 1.000024e-02 8.044597e-02 1.015068e-02
6.565987e-03 6.558246e-03 6.564663e-03 6.576546e-03 6.566734e-03 6.558164e-03 6.577270e-03 6.555300e-03 6.542552e-03 6.561411e-03 6.566495e-03 6.579080e-03 6.641901e-03 6.598497e-03 6.599457e-03 6.589044e-03 6.551713e-03 6.560248e-03 6.668188e-03 9.311258e-03 9.254765e-03 9.408166e-03 2.100389e-01 9.291810e-03 9.292336e-03 9.374634e-03 9.290341e-03 6.581300e-03 6.584561e-03 6.570264e-03 6.577148e-03 6.568173e-03 6.547674e-03 6.573163e-03 6.552484e-03 8.776334e-03 6.679158e-03 6.533800e-03 6.615760e-03 6.555017e-03 6.573238e-03 6.578449e-03 6.554794e-03 6.585090e-03 6.548373e-03 6.555529e-03 9.297061e-03 9.303782e-03 9.285223e-03 9.246135e-03 9.289084e-03 9.422284e-03 9.423367e-03 9.322240e-03 6.555453e-03 9.342870e-03 9.305340e-03 9.286324e-03 9.233897e-03 9.364785e-03 9.331616e-03 9.298870e-03 9.366116e-03 3.542872e-01 9.234440e-03 9.292261e-03 9.322671e-03 9.288969e-03 9.272580e-03 2.733457e-01 9.341550e-03 9.308057e-03 6.566580e-03 9.279263e-03 9.251897e-03 9.280540e-03 9.266268e-03 9.286360e-03 9.353767e-03 9.301950e-03 9.231039e-03 4.644519e-03 3.916363e-02 9.286986e-03 9.284527e-03 9.284103e-03 9.263677e-03 9.272658e-03 9.288685e-03 9.387038e-03 5.340499e-03 6.708063e-03 6.561654e-03 6.574379e-03 9.434337e-03 9.263745e-03 9.315825e-03 9.222128e-03 9.308003e-03 6.584296e-03 9.285250e-03 9.313333e-03 9.339581e-03 9.324051e-03 9.335433e-03 9.267681e-03 7.394822e-02 9.454357e-03
6.221803e-03 6.225985e-03 6.223081e-03 6.234261e-03 6.191686e-03 6.214578e-03 6.210950e-03 6.194366e-03 6.197811e-03 6.235675e-03 6.220531e-03 6.214221e-03 6.263973e-03 6.205800e-03 6.220495e-03 6.223811e-03 6.202736e-03 6.191484e-03 6.298739e-03 8.801153e-03 8.786872e-03 8.926220e-03 2.074928e-01 8.814950e-03 8.814540e-03 8.827134e-03 8.800224e-03 6.247567e-03 6.226437e-03 6.217590e-03 6.227429e-03 6.213767e-03 6.202925e-03 6.244302e-03 6.204036e-03 8.292937e-03 6.344726e-03 6.199475e-03 6.266878e-03 6.206132e-03 6.200492e-03 6.227887e-03 6.218679e-03 6.231366e-03 6.200993e-03 6.193977e-03 8.792898e-03 8.811197e-03 8.787636e-03 8.789783e-03 8.791913e-03 8.915605e-03 8.920101e-03 8.803839e-03 6.232549e-03 8.831477e-03 8.818115e-03 8.778086e-03 8.765089e-03 8.892688e-03 8.780016e-03 8.780357e-03 8.886828e-03 3.542872e-01 8.779561e-03 8.780877e-03 8.843571e-03 8.779255e-03 8.810074e-03 2.799334e-01 8.851833e-03 8.791309e-03 6.211410e-03 8.805065e-03 8.792771e-03 8.772814e-03 8.768216e-03 8.786724e-03 8.882262e-03 8.812661e-03 8.760947e-03 4.387783e-03 3.714801e-02 8.783603e-03 8.779094e-03 8.835410e-03 8.805513e-03 8.786691e-03 8.774553e-03 8.871357e-03 5.075327e-03 6.341691e-03 6.208761e-03 6.228362e-03 8.920284e-03 8.783245e-03 8.790518e-03 8.777831e-03 8.824032e-03 6.218120e-03 8.778241e-03 8.825285e-03 8.809289e-03 8.808704e-03 8.838047e-03 8.790196e-03 7.073710e-02 8.899745e-03
6.019645e-03 6.027042e-03 6.001234e-03 5.998306e-03 5.994687e-03 6.013509e-03 6.014240e-03 5.992443e-03 5.987251e-03 6.009999e-03 6.023697e-03 6.025439e-03 6.068082e-03 6.012707e-03 6.022035e-03 5.998585e-03 5.998957e-03 6.000644e-03 6.078536e-03 8.512799e-03 8.477503e-03 8.565351e-03 1.748214e-01 8.497639e-03 8.521738e-03 8.546498e-03 8.471600e-03 6.026107e-03 6.009385e-03 6.010060e-03 5.992656e-03 5.989807e-03 5.987328e-03 6.040762e-03 5.991442e-03 7.999742e-03 6.092641e-03 6.003366e-03 6.053535e-03 6.007172e-03 5.979619e-03 5.992642e-03 6.000454e-03 6.008418e-03 5.994023e-03 5.999027e-03 8.479769e-03 8.515164e-03 8.477300e-03 8.505534e-03 8.525514e-03 8.595723e-03 8.637633e-03 8.490176e-03 6.022007e-03 8.483531e-03 8.516892e-03 8.455144e-03 8.465153e-03 8.563972e-03 8.489448e-03 8.455307e-03 8.590041e-03 3.481252e-01 8.464642e-03 8.495461e-03 8.501659e-03 8.465883e-03 8.451724e-03 2.783011e-01 8.530637e-03 8.460441e-03 6.002833e-03 8.493041e-03 8.478694e-03 8.491797e-03 8.504177e-03 8.498670e-03 8.540687e-03 8.498117e-03 8.456366e-03 4.242761e-03 3.595294e-02 8.520074e-03 8.462641e-03 8.518517e-03 8.522089e-03 8.476956e-03 8.479158e-03 8.582513e-03 4.904935e-03 6.156196e-03 5.987281e-03 5.998961e-03 8.631059e-03 8.461893e-03 8.486626e-03 8.442863e-03 8.552737e-03 6.016042e-03 8.453240e-03 8.481501e-03 8.502621e-03 8.498633e-03 8.527224e-03 8.448891e-03 6.828235e-02 8.562908e-03
5.882947e-03 5.874039e-03 5.891324e-03 5.872628e-03 5.896173e-03 5.867595e-03 5.900110e-03 5.897857e-03 5.875868e-03 5.894185e-03 5.923878e-03 5.895162e-03 5.931371e-03 5.894745e-03 5.872935e-03 5.901379e-03 5.892541e-03 5.897829e-03 5.960641e-03 8.331546e-03 8.321862e-03 8.436020e-03 1.815333e-01 8.278744e-03 8.315596e-03 8.364905e-03 8.308208e-03 5.901080e-03 5.908598e-03 5.899422e-03 5.894189e-03 5.888248e-03 5.886392e-03 5.893275e-03 5.889410e-03 7.799101e-03 5.983311e-03 5.886588e-03 5.948937e-03 5.885236e-03 5.897705e-03 5.878313e-03 5.868057e-03 5.889893e-03 5.887009e-03 5.896719e-03 8.325587e-03 8.321568e-03 8.327563e-03 8.339253e-03 8.367598e-03 8.449565e-03 8.458776e-03 8.356910e-03 5.911346e-03 8.329821e-03 8.355802e-03 8.310660e-03 8.302327e-03 8.414801e-03 8.351620e-03 8.311651e-03 8.365649e-03 3.155153e-01 8.328521e-03 8.337905e-03 8.374896e-03 8.303811e-03 8.333331e-03 2.489200e-01 8.351901e-03 8.325168e-03 5.887173e-03 8.342214e-03 8.324443e-03 8.324038e-03 8.328227e-03 8.296294e-03 8.377538e-03 8.353215e-03 8.334726e-03 4.162443e-03 3.529167e-02 8.314323e-03 8.320962e-03 8.326069e-03 8.308318e-03 8.340286e-03 8.314470e-03 8.416013e-03 4.806464e-03 6.024031e-03 5.895192e-03 5.902244e-03 8.457615e-03 8.296118e-03 8.325877e-03 8.302904e-03 8.358521e-03 5.893449e-03 8.314859e-03 8.324860e-03 8.373875e-03 8.343193e-03 8.430093e-03 8.333927e-03 6.834254e-02 8.442336e-03
