# Version 0.0
# Data /lustre/isaac24/proj/UTK0244/cbaillar/Bayes_HEP/Detroit_tune_Project/input/Data/Data__200__pp__PHENIX_2025_I2820229__d06-x01-y04.dat
# Observable: $\frac{1}{N_{jet}}(j_T/p_T^{jet})\frac{dN}{d(j_T/p_T^{jet})}$
# Subobservable: $j_T/p_T^{jet}$
# Design Design_Rivet.dat
# design_point1 design_point2 design_point3 design_point4 design_point5 design_point6 design_point7 design_point8 design_point9 design_point10 design_point11 design_point12 design_point13 design_point14 design_point15 design_point16 design_point17 design_point18 design_point19 design_point20 design_point21 design_point22 design_point23 design_point24 design_point25 design_point26 design_point27 design_point28 design_point29 design_point30 design_point31 design_point32 design_point33 design_point34 design_point35 design_point36 design_point37 design_point38 design_point39 design_point40 design_point41 design_point42 design_point43 design_point44 design_point45 design_point46 design_point47 design_point48 design_point49 design_point50 design_point51 design_point52 design_point53 design_point54 design_point55 design_point56 design_point57 design_point58 design_point59 design_point60 design_point61 design_point62 design_point63 design_point64 design_point65 design_point66 design_point67 design_point68 design_point69 design_point70 design_point71 design_point72 design_point73 design_point74 design_point75 design_point76 design_point77 design_point78 design_point79 design_point80 design_point81 design_point82 design_point83 design_point84 design_point85 design_point86 design_point87 design_point88 design_point89 design_point90 design_point91 design_point92 design_point93 design_point94 design_point95 design_point96 design_point97 design_point98 design_point99 design_point100 design_point101 design_point102 design_point103 design_point104 design_point105 design_point106 design_point107 design_point108
6.577982e+03 1.623760e+03 8.676117e+02 1.854492e+04 2.989577e+02 5.950504e+04 9.054733e+04 6.191646e+04 4.714957e+03 5.446712e+02 2.231790e+04 2.680158e+03 1.379141e+04 6.284714e+02 5.840965e+02 6.083313e+04 1.640646e+04 1.811272e+04 8.594896e+02 3.042163e+03 3.509857e+03 1.133599e+03 6.793255e+03 2.429698e+03 4.723135e+04 5.726920e+02 6.558367e+03 1.151271e+04 6.430404e+02 1.928799e+04 1.819544e+04 4.971285e+02 4.095002e+02 4.384837e+02 2.755978e+04 2.878251e+03 2.288172e+03 2.878448e+02 1.177555e+04 2.164079e+04 2.878000e+04 8.807533e+02 4.894085e+03 1.067300e+04 4.952856e+03 3.779762e+03 2.024694e+03 2.340777e+05 7.212329e+03 2.271196e+03 2.186473e+03 1.393368e+04 4.987726e+02 1.340461e+03 2.558680e+03 1.042183e+04 7.827973e+02 1.088402e+04 1.460829e+04 3.712698e+03 1.179006e+03 4.952133e+02 1.547959e+05 8.528070e+03 4.577328e+02 3.935202e+02 9.125939e+02 1.538240e+03 4.943276e+03 1.118462e+04 4.107295e+03 8.496137e+03 3.169253e+03 4.867078e+04 7.186786e+02 6.653476e+03 3.750248e+02 5.063614e+03 2.286191e+03 6.296562e+03 2.481530e+03 2.087880e+02 1.725073e+03 4.837276e+02 9.701287e+03 3.662064e+03 4.360323e+03 2.052092e+03 6.094558e+04 8.474726e+02 7.031429e+02 1.756982e+04 1.007247e+03 5.355242e+02 6.573540e+03 5.786744e+02 6.310347e+04 3.245020e+04 4.773077e+04 1.692156e+03 2.072012e+03 1.185164e+05 1.583228e+03 6.710747e+03 1.579832e+04 6.463165e+02 4.883533e+03 8.696703e+02
8.345382e+00 8.366210e+00 8.355038e+00 8.414100e+00 8.341023e+00 8.430870e+00 8.479291e+00 8.321076e+00 8.326505e+00 8.380225e+00 8.483062e+00 8.344751e+00 8.500416e+00 8.487195e+00 8.483723e+00 8.509172e+00 8.350743e+00 8.435456e+00 8.588223e+00 1.181611e+01 1.177005e+01 1.216063e+01 2.461159e+02 1.177748e+01 1.196652e+01 1.203691e+01 1.194823e+01 8.350531e+00 8.502560e+00 8.327498e+00 8.436996e+00 8.401550e+00 8.442303e+00 8.367371e+00 8.348203e+00 1.215686e+01 8.500931e+00 8.301367e+00 8.392346e+00 8.355458e+00 8.347289e+00 8.410737e+00 8.343847e+00 8.481423e+00 8.316843e+00 8.335802e+00 1.190858e+01 1.199827e+01 1.192084e+01 1.179304e+01 1.181536e+01 1.209997e+01 1.199540e+01 1.204259e+01 8.353257e+00 1.198677e+01 1.199055e+01 1.176796e+01 1.173044e+01 1.204172e+01 1.201843e+01 1.177905e+01 1.189731e+01 4.435916e+02 1.176962e+01 1.180071e+01 1.203280e+01 1.178243e+01 1.179068e+01 3.368778e+02 1.208277e+01 1.181264e+01 8.349419e+00 1.189008e+01 1.174958e+01 1.194653e+01 1.175211e+01 1.194750e+01 1.185986e+01 1.179721e+01 1.178855e+01 5.901539e+00 5.402416e+01 1.182993e+01 1.198409e+01 1.200907e+01 1.189902e+01 1.185325e+01 1.181999e+01 1.190693e+01 6.803370e+00 8.522416e+00 8.348189e+00 8.395661e+00 1.206272e+01 1.187300e+01 1.184249e+01 1.173634e+01 1.187486e+01 8.383902e+00 1.177502e+01 1.203188e+01 1.181917e+01 1.201495e+01 1.185137e+01 1.178238e+01 9.493668e+01 1.212456e+01
3.072161e+00 3.072182e+00 3.072373e+00 3.083954e+00 3.068545e+00 3.086343e+00 3.081735e+00 3.064696e+00 3.066132e+00 3.074633e+00 3.092025e+00 3.072000e+00 3.113149e+00 3.089275e+00 3.092710e+00 3.096163e+00 3.066485e+00 3.075243e+00 3.132204e+00 4.345827e+00 4.329322e+00 4.431532e+00 9.072345e+01 4.335529e+00 4.382282e+00 4.381826e+00 4.367866e+00 3.080750e+00 3.098888e+00 3.068124e+00 3.087610e+00 3.080646e+00 3.062166e+00 3.078440e+00 3.068521e+00 4.421027e+00 3.124412e+00 3.057904e+00 3.086076e+00 3.073591e+00 3.070342e+00 3.087083e+00 3.073906e+00 3.096165e+00 3.056773e+00 3.070352e+00 4.348758e+00 4.380918e+00 4.365020e+00 4.339451e+00 4.346669e+00 4.422232e+00 4.404851e+00 4.388036e+00 3.073140e+00 4.384556e+00 4.381504e+00 4.333256e+00 4.313411e+00 4.401102e+00 4.385390e+00 4.335918e+00 4.377384e+00 1.740986e+02 4.328838e+00 4.347325e+00 4.379771e+00 4.337717e+00 4.341479e+00 1.229903e+02 4.410185e+00 4.335741e+00 3.068124e+00 4.380186e+00 4.324723e+00 4.367753e+00 4.331714e+00 4.358742e+00 4.362635e+00 4.340446e+00 4.331002e+00 2.173007e+00 1.954269e+01 4.346054e+00 4.378670e+00 4.380415e+00 4.357943e+00 4.344864e+00 4.343179e+00 4.379884e+00 2.503072e+00 3.133918e+00 3.070744e+00 3.080451e+00 4.417480e+00 4.355809e+00 4.345892e+00 4.321658e+00 4.370576e+00 3.080300e+00 4.338052e+00 4.384758e+00 4.351131e+00 4.361521e+00 4.358229e+00 4.332211e+00 3.452064e+01 4.425711e+00
1.192982e+00 1.194395e+00 1.194683e+00 1.196598e+00 1.189596e+00 1.198634e+00 1.194016e+00 1.190517e+00 1.192854e+00 1.190767e+00 1.197357e+00 1.192423e+00 1.206761e+00 1.193449e+00 1.197746e+00 1.196190e+00 1.192522e+00 1.190394e+00 1.212715e+00 1.688997e+00 1.682892e+00 1.715213e+00 3.757233e+01 1.688114e+00 1.694321e+00 1.693970e+00 1.696607e+00 1.194590e+00 1.198976e+00 1.193772e+00 1.197424e+00 1.194239e+00 1.180147e+00 1.196561e+00 1.194682e+00 1.718310e+00 1.212242e+00 1.188094e+00 1.200584e+00 1.194868e+00 1.194336e+00 1.195126e+00 1.191237e+00 1.197341e+00 1.186870e+00 1.191546e+00 1.685888e+00 1.698421e+00 1.695682e+00 1.682849e+00 1.686748e+00 1.714052e+00 1.711032e+00 1.697434e+00 1.194455e+00 1.703403e+00 1.697015e+00 1.683802e+00 1.679661e+00 1.708349e+00 1.699947e+00 1.683634e+00 1.701327e+00 6.167009e+01 1.681235e+00 1.687317e+00 1.700060e+00 1.683466e+00 1.686653e+00 4.595890e+01 1.710853e+00 1.685248e+00 1.194815e+00 1.699226e+00 1.682470e+00 1.695687e+00 1.686277e+00 1.691626e+00 1.692264e+00 1.685843e+00 1.684903e+00 8.439233e-01 7.662796e+00 1.690780e+00 1.694062e+00 1.699305e+00 1.690752e+00 1.683012e+00 1.688065e+00 1.701640e+00 9.741557e-01 1.215356e+00 1.191005e+00 1.195316e+00 1.717840e+00 1.692015e+00 1.683426e+00 1.679908e+00 1.702121e+00 1.196375e+00 1.684535e+00 1.696284e+00 1.689878e+00 1.679900e+00 1.699231e+00 1.686000e+00 1.357116e+01 1.719221e+00
4.242498e-01 4.233399e-01 4.252170e-01 4.226331e-01 4.240606e-01 4.233935e-01 4.206843e-01 4.227036e-01 4.234017e-01 4.236958e-01 4.227715e-01 4.258189e-01 4.237062e-01 4.188613e-01 4.203958e-01 4.190667e-01 4.233939e-01 4.185333e-01 4.248061e-01 5.978214e-01 5.996933e-01 6.058765e-01 1.236982e+01 5.966983e-01 6.002055e-01 5.966481e-01 6.001864e-01 4.260764e-01 4.209791e-01 4.242192e-01 4.232218e-01 4.239740e-01 4.137106e-01 4.269672e-01 4.226786e-01 6.055694e-01 4.300196e-01 4.251332e-01 4.291780e-01 4.271939e-01 4.252386e-01 4.248339e-01 4.240862e-01 4.217783e-01 4.211897e-01 4.225679e-01 5.970045e-01 5.958933e-01 5.986384e-01 5.985061e-01 5.999091e-01 6.072615e-01 6.020051e-01 5.993984e-01 4.249225e-01 5.988287e-01 5.977060e-01 5.983194e-01 5.969203e-01 6.035610e-01 5.989453e-01 5.956915e-01 6.057703e-01 2.419627e+01 5.989189e-01 5.967075e-01 5.975721e-01 5.960643e-01 5.996077e-01 1.745637e+01 6.023515e-01 5.956752e-01 4.228172e-01 6.019758e-01 5.976010e-01 5.972213e-01 5.976308e-01 5.941893e-01 6.002219e-01 6.011574e-01 5.990650e-01 2.997922e-01 2.712658e+00 5.994772e-01 5.945432e-01 5.978988e-01 6.001992e-01 5.968263e-01 6.019859e-01 6.063183e-01 3.463731e-01 4.314187e-01 4.253420e-01 4.232545e-01 6.040403e-01 5.990726e-01 5.971805e-01 5.972973e-01 6.028555e-01 4.247245e-01 6.007088e-01 5.968673e-01 6.016230e-01 5.907531e-01 6.035738e-01 5.956668e-01 4.900124e+00 6.055858e-01
1.163658e-01 1.181092e-01 1.179693e-01 1.165708e-01 1.175210e-01 1.169645e-01 1.130327e-01 1.193279e-01 1.180709e-01 1.165506e-01 1.122446e-01 1.184106e-01 1.169796e-01 1.147573e-01 1.143779e-01 1.132858e-01 1.188923e-01 1.158313e-01 1.156684e-01 1.695904e-01 1.678404e-01 1.642946e-01 3.255692e+00 1.686402e-01 1.650448e-01 1.617579e-01 1.652340e-01 1.193999e-01 1.150573e-01 1.198983e-01 1.157517e-01 1.169357e-01 1.110888e-01 1.179160e-01 1.173055e-01 1.620132e-01 1.198545e-01 1.178408e-01 1.206860e-01 1.189248e-01 1.181860e-01 1.179394e-01 1.192255e-01 1.139480e-01 1.178556e-01 1.184483e-01 1.645149e-01 1.638669e-01 1.635959e-01 1.669910e-01 1.686717e-01 1.668290e-01 1.664565e-01 1.624633e-01 1.188346e-01 1.632089e-01 1.623166e-01 1.666487e-01 1.679176e-01 1.667778e-01 1.630817e-01 1.664406e-01 1.678274e-01 5.250371e+00 1.658840e-01 1.663613e-01 1.608430e-01 1.672938e-01 1.689097e-01 6.069792e+00 1.614031e-01 1.652951e-01 1.196034e-01 1.713140e-01 1.665070e-01 1.651646e-01 1.666017e-01 1.614848e-01 1.675772e-01 1.696230e-01 1.694101e-01 8.428648e-02 7.160578e-01 1.634616e-01 1.612369e-01 1.619369e-01 1.674921e-01 1.657325e-01 1.679729e-01 1.703983e-01 9.703802e-02 1.196737e-01 1.184438e-01 1.163530e-01 1.661939e-01 1.658772e-01 1.638102e-01 1.666921e-01 1.693403e-01 1.178059e-01 1.684046e-01 1.611747e-01 1.688439e-01 1.599500e-01 1.666962e-01 1.676205e-01 1.459299e+00 1.661763e-01
1.376120e-02 1.153793e-02 1.365999e-02 1.218691e-02 1.262631e-02 1.193695e-02 1.060522e-02 1.144226e-02 1.187792e-02 1.193150e-02 1.141896e-02 1.272063e-02 1.219679e-02 1.233537e-02 1.192909e-02 1.217842e-02 1.114207e-02 1.123679e-02 1.234096e-02 1.801132e-02 1.721156e-02 1.699562e-02 0.000000e+00 1.890973e-02 1.629158e-02 1.467061e-02 1.476053e-02 1.248101e-02 9.793792e-03 1.215796e-02 1.207438e-02 1.117846e-02 1.196137e-02 1.149049e-02 1.206798e-02 1.616013e-02 1.274526e-02 1.187489e-02 1.363957e-02 1.206147e-02 1.239458e-02 1.159484e-02 1.112426e-02 1.069881e-02 1.078063e-02 1.136335e-02 1.444301e-02 1.689807e-02 1.594217e-02 1.643742e-02 1.832340e-02 1.705614e-02 1.928453e-02 1.602588e-02 1.162191e-02 1.596739e-02 1.692641e-02 1.827771e-02 1.705066e-02 1.701268e-02 1.732009e-02 1.712758e-02 1.700429e-02 0.000000e+00 1.549740e-02 1.834426e-02 1.774489e-02 1.724298e-02 1.661742e-02 0.000000e+00 1.647354e-02 1.680108e-02 1.104734e-02 1.806391e-02 1.608324e-02 1.745950e-02 1.628021e-02 1.468748e-02 1.766224e-02 1.811762e-02 1.547406e-02 8.422698e-03 7.493319e-02 1.878093e-02 1.705131e-02 1.667024e-02 1.547652e-02 1.489390e-02 1.699568e-02 1.717582e-02 9.557101e-03 1.231361e-02 1.333908e-02 1.196244e-02 1.690944e-02 1.486163e-02 1.678573e-02 1.781770e-02 1.754582e-02 1.066279e-02 1.731647e-02 1.561148e-02 1.515253e-02 1.631939e-02 1.797447e-02 1.614680e-02 1.821356e-01 1.633349e-02
