# Version 0.0
# Data /lustre/isaac24/proj/UTK0244/cbaillar/Bayes_HEP/Detroit_tune_Project/input/Data/Data__200__pp__PHENIX_2025_I2820229__d08-x01-y02.dat
# Observable: $\frac{1}{N_{jet}}\frac{dN}{rdr}$
# Subobservable: r
# Design Design_Rivet.dat
# design_point1 design_point2 design_point3 design_point4 design_point5 design_point6 design_point7 design_point8 design_point9 design_point10 design_point11 design_point12 design_point13 design_point14 design_point15 design_point16 design_point17 design_point18 design_point19 design_point20 design_point21 design_point22 design_point23 design_point24 design_point25 design_point26 design_point27 design_point28 design_point29 design_point30 design_point31 design_point32 design_point33 design_point34 design_point35 design_point36 design_point37 design_point38 design_point39 design_point40 design_point41 design_point42 design_point43 design_point44 design_point45 design_point46 design_point47 design_point48 design_point49 design_point50 design_point51 design_point52 design_point53 design_point54 design_point55 design_point56 design_point57 design_point58 design_point59 design_point60 design_point61 design_point62 design_point63 design_point64 design_point65 design_point66 design_point67 design_point68 design_point69 design_point70 design_point71 design_point72 design_point73 design_point74 design_point75 design_point76 design_point77 design_point78 design_point79 design_point80 design_point81 design_point82 design_point83 design_point84 design_point85 design_point86 design_point87 design_point88 design_point89 design_point90 design_point91 design_point92 design_point93 design_point94 design_point95 design_point96 design_point97 design_point98 design_point99 design_point100 design_point101 design_point102 design_point103 design_point104 design_point105 design_point106 design_point107 design_point108
9.317622e+01 3.683912e+02 2.907520e+00 8.996101e+01 3.457215e+00 3.402186e+00 7.612399e+00 4.964775e+00 6.500171e+00 3.326300e+00 3.316510e+00 4.581379e+00 3.936352e+00 1.575663e+02 3.278789e+00 3.083964e+00 3.716323e+00 6.005536e+00 4.389452e+00 7.049304e+00 7.478705e+00 6.287584e+00 6.773735e+01 2.010879e+02 1.119227e+01 3.894627e+00 9.705864e+00 4.569000e+00 7.275410e+00 4.107473e+00 5.499861e+00 4.844103e+00 1.305974e+03 3.475584e+00 3.469723e+00 6.143110e+00 2.964436e+00 3.506893e+00 4.949613e+00 4.836138e+00 8.915468e+00 3.824937e+02 5.383929e+00 2.834074e+00 5.776934e+00 1.236924e+01 4.392911e+00 5.018457e+00 7.336763e+00 5.360704e+00 4.747031e+00 8.986190e+00 1.341858e+01 4.885109e+00 4.643389e+00 7.391159e+01 1.603417e+02 4.348792e+00 6.262063e+00 5.260198e+00 4.535639e+00 1.436760e+01 6.365368e+01 8.870510e+01 7.805484e+00 5.943730e+00 4.988194e+00 5.386240e+00 4.390095e+00 6.826310e+01 6.739740e+00 4.813745e+00 3.350634e+00 4.428362e+00 1.076696e+01 7.495523e+02 3.961058e+00 1.933830e+02 1.773127e+01 6.222158e+00 5.199458e+00 1.886707e+00 1.477273e+01 4.763240e+00 1.304234e+02 2.692046e+01 5.696507e+00 1.053703e+03 5.248089e+03 6.896168e+00 5.476904e+01 1.457859e+03 3.641038e+00 4.482138e+00 7.698359e+00 4.465545e+00 5.026360e+02 4.630661e+00 4.421103e+00 8.592975e+02 1.307923e+02 8.500488e+00 4.523402e+00 7.021627e+00 5.206709e+00 1.306012e+01 2.811679e+01 1.279045e+03
4.762104e-01 4.758366e-01 4.761472e-01 4.789223e-01 4.746507e-01 4.800491e-01 4.808417e-01 4.731652e-01 4.741482e-01 4.763279e-01 4.801631e-01 4.761115e-01 4.845227e-01 4.813180e-01 4.803173e-01 4.814199e-01 4.737242e-01 4.784497e-01 4.889004e-01 6.736202e-01 6.699005e-01 6.856038e-01 1.253933e+01 6.720692e-01 6.800867e-01 6.860358e-01 6.764185e-01 4.766867e-01 4.816008e-01 4.745198e-01 4.785348e-01 4.772446e-01 4.815148e-01 4.775815e-01 4.750263e-01 6.716981e-01 4.872509e-01 4.729586e-01 4.794443e-01 4.771715e-01 4.758648e-01 4.781736e-01 4.761526e-01 4.794361e-01 4.731950e-01 4.746408e-01 6.765544e-01 6.801236e-01 6.769402e-01 6.726567e-01 6.739569e-01 6.901934e-01 6.895191e-01 6.804460e-01 4.751271e-01 6.816903e-01 6.798091e-01 6.703925e-01 6.664408e-01 6.870027e-01 6.801284e-01 6.701210e-01 6.794265e-01 2.294416e+01 6.693989e-01 6.738368e-01 6.794647e-01 6.701395e-01 6.699369e-01 1.599343e+01 6.852634e-01 6.738190e-01 4.755972e-01 6.777075e-01 6.675541e-01 6.763411e-01 6.681354e-01 6.769053e-01 6.800389e-01 6.726790e-01 6.697327e-01 3.358715e-01 2.874877e+00 6.747677e-01 6.790707e-01 6.802594e-01 6.764072e-01 6.752044e-01 6.730812e-01 6.814244e-01 3.859641e-01 4.920176e-01 4.744353e-01 4.790050e-01 6.917364e-01 6.747571e-01 6.738459e-01 6.677150e-01 6.782049e-01 4.779620e-01 6.696058e-01 6.820055e-01 6.751614e-01 6.838199e-01 6.781823e-01 6.697516e-01 4.744711e+00 6.889070e-01
2.771314e-01 2.780417e-01 2.763865e-01 2.818175e-01 2.765837e-01 2.826700e-01 2.855197e-01 2.749308e-01 2.761146e-01 2.792745e-01 2.852780e-01 2.769034e-01 2.867086e-01 2.865071e-01 2.847297e-01 2.865059e-01 2.768394e-01 2.825671e-01 2.908951e-01 3.920203e-01 3.910638e-01 4.074532e-01 7.384869e+00 3.916059e-01 4.020183e-01 4.070447e-01 4.002287e-01 2.773776e-01 2.864249e-01 2.757899e-01 2.820250e-01 2.804900e-01 2.856850e-01 2.780084e-01 2.769904e-01 3.982816e-01 2.851506e-01 2.744090e-01 2.790508e-01 2.780415e-01 2.776880e-01 2.804199e-01 2.773151e-01 2.853957e-01 2.753595e-01 2.762414e-01 3.989371e-01 4.047165e-01 3.985006e-01 3.914735e-01 3.922648e-01 4.085400e-01 4.018932e-01 4.049185e-01 2.773963e-01 4.034188e-01 4.028274e-01 3.898290e-01 3.876928e-01 4.056885e-01 4.038789e-01 3.901927e-01 3.953106e-01 1.330205e+01 3.899052e-01 3.920047e-01 4.039616e-01 3.901844e-01 3.900641e-01 9.255038e+00 4.081326e-01 3.936985e-01 2.770180e-01 3.934195e-01 3.875698e-01 3.999098e-01 3.884205e-01 4.016350e-01 3.960229e-01 3.913873e-01 3.891797e-01 1.948501e-01 1.691064e+00 3.938651e-01 4.034464e-01 4.035454e-01 3.973287e-01 3.953711e-01 3.912930e-01 3.971711e-01 2.245549e-01 2.869961e-01 2.758892e-01 2.805399e-01 4.070351e-01 3.963196e-01 3.950952e-01 3.880950e-01 3.945117e-01 2.793527e-01 3.888676e-01 4.059902e-01 3.928885e-01 4.067148e-01 3.937298e-01 3.895256e-01 2.776412e+00 4.095694e-01
1.831182e-01 1.835693e-01 1.818269e-01 1.876050e-01 1.824358e-01 1.881072e-01 1.922975e-01 1.810212e-01 1.818004e-01 1.851463e-01 1.913480e-01 1.824768e-01 1.919369e-01 1.928362e-01 1.907206e-01 1.926527e-01 1.827205e-01 1.890270e-01 1.955534e-01 2.585870e-01 2.574051e-01 2.736884e-01 4.850504e+00 2.574635e-01 2.689277e-01 2.733553e-01 2.673619e-01 1.824020e-01 1.925607e-01 1.817055e-01 1.881391e-01 1.864963e-01 1.922496e-01 1.831592e-01 1.827947e-01 2.666156e-01 1.888852e-01 1.805048e-01 1.837653e-01 1.831136e-01 1.830185e-01 1.861365e-01 1.828498e-01 1.916962e-01 1.814747e-01 1.823641e-01 2.660013e-01 2.715472e-01 2.660829e-01 2.581701e-01 2.589480e-01 2.733487e-01 2.660194e-01 2.722299e-01 1.828201e-01 2.700982e-01 2.702573e-01 2.570223e-01 2.548290e-01 2.705222e-01 2.714608e-01 2.571332e-01 2.602402e-01 9.001055e+00 2.567715e-01 2.585535e-01 2.717638e-01 2.571886e-01 2.567335e-01 6.097554e+00 2.746596e-01 2.605738e-01 1.827064e-01 2.589360e-01 2.549526e-01 2.675774e-01 2.555108e-01 2.700179e-01 2.609497e-01 2.577886e-01 2.562735e-01 1.285801e-01 1.118015e+00 2.601665e-01 2.709647e-01 2.706211e-01 2.638805e-01 2.620952e-01 2.580991e-01 2.623850e-01 1.473982e-01 1.895069e-01 1.815676e-01 1.859892e-01 2.707137e-01 2.635188e-01 2.622892e-01 2.556754e-01 2.596527e-01 1.847742e-01 2.557762e-01 2.729456e-01 2.585573e-01 2.736766e-01 2.590067e-01 2.565075e-01 1.858798e+00 2.749449e-01
1.282244e-01 1.288635e-01 1.270445e-01 1.331357e-01 1.280130e-01 1.334124e-01 1.377667e-01 1.265158e-01 1.271429e-01 1.306487e-01 1.367960e-01 1.279145e-01 1.361686e-01 1.381062e-01 1.362993e-01 1.384805e-01 1.283016e-01 1.351496e-01 1.402086e-01 1.814060e-01 1.799732e-01 1.958621e-01 3.496994e+00 1.800543e-01 1.913010e-01 1.958491e-01 1.901652e-01 1.277166e-01 1.380510e-01 1.268362e-01 1.336031e-01 1.316142e-01 1.385821e-01 1.284127e-01 1.282641e-01 1.904618e-01 1.331785e-01 1.263281e-01 1.285619e-01 1.282990e-01 1.285210e-01 1.317586e-01 1.279977e-01 1.376623e-01 1.270338e-01 1.278487e-01 1.889139e-01 1.942746e-01 1.885820e-01 1.810707e-01 1.814840e-01 1.947699e-01 1.872979e-01 1.953695e-01 1.280273e-01 1.925742e-01 1.930485e-01 1.798061e-01 1.781516e-01 1.923432e-01 1.942178e-01 1.801594e-01 1.820806e-01 6.251651e+00 1.801025e-01 1.815345e-01 1.944794e-01 1.804047e-01 1.798468e-01 4.430820e+00 1.967363e-01 1.832774e-01 1.280402e-01 1.814157e-01 1.780506e-01 1.905748e-01 1.787518e-01 1.934339e-01 1.832210e-01 1.805463e-01 1.790632e-01 8.978860e-02 8.039692e-01 1.834181e-01 1.941312e-01 1.930472e-01 1.863318e-01 1.847881e-01 1.809034e-01 1.838652e-01 1.032096e-01 1.332796e-01 1.271609e-01 1.312337e-01 1.919180e-01 1.861415e-01 1.849706e-01 1.791121e-01 1.819408e-01 1.300917e-01 1.793159e-01 1.954060e-01 1.815169e-01 1.968136e-01 1.815252e-01 1.794894e-01 1.299890e+00 1.969032e-01
7.846659e-02 7.885113e-02 7.728457e-02 8.299490e-02 7.802820e-02 8.322539e-02 8.808524e-02 7.682195e-02 7.739428e-02 8.047422e-02 8.709492e-02 7.793571e-02 8.557614e-02 8.815449e-02 8.625160e-02 8.843669e-02 7.830088e-02 8.512970e-02 8.904761e-02 1.105652e-01 1.097559e-01 1.244294e-01 2.203087e+00 1.092914e-01 1.202487e-01 1.245647e-01 1.192695e-01 7.761908e-02 8.769837e-02 7.705966e-02 8.353956e-02 8.180882e-02 8.902134e-02 7.828009e-02 7.835008e-02 1.207868e-01 8.175925e-02 7.649898e-02 7.814007e-02 7.810451e-02 7.856219e-02 8.150753e-02 7.804408e-02 8.742408e-02 7.726815e-02 7.793028e-02 1.183538e-01 1.232275e-01 1.178100e-01 1.106098e-01 1.106790e-01 1.222251e-01 1.147332e-01 1.242710e-01 7.818764e-02 1.212977e-01 1.217347e-01 1.091072e-01 1.082839e-01 1.203409e-01 1.233997e-01 1.098911e-01 1.106159e-01 3.873532e+00 1.097506e-01 1.105179e-01 1.235611e-01 1.099335e-01 1.092281e-01 2.717840e+00 1.250706e-01 1.126737e-01 7.814643e-02 1.100525e-01 1.083626e-01 1.200060e-01 1.082149e-01 1.227196e-01 1.111200e-01 1.097594e-01 1.088615e-01 5.451479e-02 5.080421e-01 1.124055e-01 1.232088e-01 1.222041e-01 1.158331e-01 1.139767e-01 1.100952e-01 1.120823e-01 6.260955e-02 8.142072e-02 7.746283e-02 8.103554e-02 1.193728e-01 1.155359e-01 1.144579e-01 1.091807e-01 1.105193e-01 7.995313e-02 1.086927e-01 1.242567e-01 1.105912e-01 1.257658e-01 1.101821e-01 1.092666e-01 8.250760e-01 1.247533e-01
