# Version 0.0
# Data /lustre/isaac24/proj/UTK0244/cbaillar/Bayes_HEP/Detroit_tune_Project/input/Data/Data__200__pp__STAR_2020_I1783875__d17-x01-y01.dat
# Observable: $1/N_{jets}$
# Subobservable: $z_{g}$
# Design Design_Rivet.dat
# design_point1 design_point2 design_point3 design_point4 design_point5 design_point6 design_point7 design_point8 design_point9 design_point10 design_point11 design_point12 design_point13 design_point14 design_point15 design_point16 design_point17 design_point18 design_point19 design_point20 design_point21 design_point22 design_point23 design_point24 design_point25 design_point26 design_point27 design_point28 design_point29 design_point30 design_point31 design_point32 design_point33 design_point34 design_point35 design_point36 design_point37 design_point38 design_point39 design_point40 design_point41 design_point42 design_point43 design_point44 design_point45 design_point46 design_point47 design_point48 design_point49 design_point50 design_point51 design_point52 design_point53 design_point54 design_point55 design_point56 design_point57 design_point58 design_point59 design_point60 design_point61 design_point62 design_point63 design_point64 design_point65 design_point66 design_point67 design_point68 design_point69 design_point70 design_point71 design_point72 design_point73 design_point74 design_point75 design_point76 design_point77 design_point78 design_point79 design_point80 design_point81 design_point82 design_point83 design_point84 design_point85 design_point86 design_point87 design_point88 design_point89 design_point90 design_point91 design_point92 design_point93 design_point94 design_point95 design_point96 design_point97 design_point98 design_point99 design_point100 design_point101 design_point102 design_point103 design_point104 design_point105 design_point106 design_point107 design_point108
4.945274e+00 4.950063e+00 4.950400e+00 4.948808e+00 4.934363e+00 4.944581e+00 4.944981e+00 4.937279e+00 4.945896e+00 4.941579e+00 4.947734e+00 4.937523e+00 4.936753e+00 4.940201e+00 4.942874e+00 4.945630e+00 4.943675e+00 4.933934e+00 4.943677e+00 4.942383e+00 4.938644e+00 4.943922e+00 4.700415e+00 4.945532e+00 4.945707e+00 4.938114e+00 4.935649e+00 4.938338e+00 4.946918e+00 4.943010e+00 4.945528e+00 4.948980e+00 4.929183e+00 4.936548e+00 4.942840e+00 4.945303e+00 4.932982e+00 4.941104e+00 4.944812e+00 4.948769e+00 4.940909e+00 4.943787e+00 4.940352e+00 4.945180e+00 4.939642e+00 4.945019e+00 4.943144e+00 4.940112e+00 4.947147e+00 4.943020e+00 4.945421e+00 4.938399e+00 4.929393e+00 4.941792e+00 4.942321e+00 4.946856e+00 4.942757e+00 4.945594e+00 4.941394e+00 4.937963e+00 4.938654e+00 4.941581e+00 4.923675e+00 4.769294e+00 4.941825e+00 4.944262e+00 4.947339e+00 4.942682e+00 4.948958e+00 4.742650e+00 4.943807e+00 4.947007e+00 4.943815e+00 4.940118e+00 4.943673e+00 4.945798e+00 4.943721e+00 4.944342e+00 4.939042e+00 4.940650e+00 4.933105e+00 4.948046e+00 4.899046e+00 4.944594e+00 4.948142e+00 4.947208e+00 4.939090e+00 4.949919e+00 4.945894e+00 4.937676e+00 4.944477e+00 4.926335e+00 4.940345e+00 4.946779e+00 4.928288e+00 4.941118e+00 4.946794e+00 4.942795e+00 4.943397e+00 4.942771e+00 4.940696e+00 4.944421e+00 4.939390e+00 4.944448e+00 4.935075e+00 4.945589e+00 4.811244e+00 4.941759e+00
3.556142e+00 3.547740e+00 3.547504e+00 3.556358e+00 3.550214e+00 3.555411e+00 3.561582e+00 3.550065e+00 3.554905e+00 3.547784e+00 3.567648e+00 3.552733e+00 3.565330e+00 3.569235e+00 3.565481e+00 3.568414e+00 3.549955e+00 3.555349e+00 3.570775e+00 3.557935e+00 3.560217e+00 3.560334e+00 3.428259e+00 3.551044e+00 3.557409e+00 3.563895e+00 3.561211e+00 3.547368e+00 3.564441e+00 3.549366e+00 3.559396e+00 3.558245e+00 3.555544e+00 3.548103e+00 3.545949e+00 3.565513e+00 3.557421e+00 3.546776e+00 3.544390e+00 3.550900e+00 3.548951e+00 3.556990e+00 3.553210e+00 3.564265e+00 3.553067e+00 3.553287e+00 3.557300e+00 3.569232e+00 3.562083e+00 3.549158e+00 3.544755e+00 3.560762e+00 3.549941e+00 3.567183e+00 3.548184e+00 3.563403e+00 3.561159e+00 3.549996e+00 3.544502e+00 3.565629e+00 3.563853e+00 3.547575e+00 3.551652e+00 3.609637e+00 3.552171e+00 3.549138e+00 3.565146e+00 3.551374e+00 3.551734e+00 3.396086e+00 3.560375e+00 3.553510e+00 3.557105e+00 3.547550e+00 3.550341e+00 3.560506e+00 3.546964e+00 3.568110e+00 3.545132e+00 3.550269e+00 3.557958e+00 3.548444e+00 3.535840e+00 3.548333e+00 3.564021e+00 3.566376e+00 3.564982e+00 3.551290e+00 3.550239e+00 3.553298e+00 3.551714e+00 3.554594e+00 3.558463e+00 3.556966e+00 3.555593e+00 3.557201e+00 3.556205e+00 3.548178e+00 3.551560e+00 3.554582e+00 3.547182e+00 3.564157e+00 3.551662e+00 3.561447e+00 3.554112e+00 3.545543e+00 3.545344e+00 3.564831e+00
2.682413e+00 2.684237e+00 2.680783e+00 2.689526e+00 2.677951e+00 2.689904e+00 2.692096e+00 2.681279e+00 2.678655e+00 2.695020e+00 2.693030e+00 2.689595e+00 2.688338e+00 2.684150e+00 2.696604e+00 2.689944e+00 2.686675e+00 2.691213e+00 2.693133e+00 2.681515e+00 2.684275e+00 2.686969e+00 2.796738e+00 2.679012e+00 2.687641e+00 2.686738e+00 2.691888e+00 2.686585e+00 2.693091e+00 2.681881e+00 2.682457e+00 2.684422e+00 2.690357e+00 2.681754e+00 2.684192e+00 2.694347e+00 2.686010e+00 2.679749e+00 2.680901e+00 2.679974e+00 2.683417e+00 2.690984e+00 2.687389e+00 2.695353e+00 2.684912e+00 2.682862e+00 2.686633e+00 2.688154e+00 2.683160e+00 2.682795e+00 2.683416e+00 2.695520e+00 2.687546e+00 2.694206e+00 2.677312e+00 2.692726e+00 2.691453e+00 2.683541e+00 2.682105e+00 2.692242e+00 2.693253e+00 2.689332e+00 2.683528e+00 2.678644e+00 2.675708e+00 2.685082e+00 2.694504e+00 2.678847e+00 2.679291e+00 2.702402e+00 2.696962e+00 2.686099e+00 2.679847e+00 2.679275e+00 2.687354e+00 2.683934e+00 2.682032e+00 2.693642e+00 2.679504e+00 2.683565e+00 2.686312e+00 2.677229e+00 2.705507e+00 2.684362e+00 2.690377e+00 2.693887e+00 2.686988e+00 2.680983e+00 2.682749e+00 2.680743e+00 2.680230e+00 2.682121e+00 2.682989e+00 2.681432e+00 2.684870e+00 2.686411e+00 2.685495e+00 2.682728e+00 2.687215e+00 2.679974e+00 2.684371e+00 2.692216e+00 2.680601e+00 2.687268e+00 2.686126e+00 2.683326e+00 2.676887e+00 2.691372e+00
2.150610e+00 2.151028e+00 2.150280e+00 2.150541e+00 2.154773e+00 2.157622e+00 2.154814e+00 2.153216e+00 2.152236e+00 2.151045e+00 2.153024e+00 2.155395e+00 2.153602e+00 2.154277e+00 2.152013e+00 2.151599e+00 2.152417e+00 2.154860e+00 2.152304e+00 2.151723e+00 2.151450e+00 2.157978e+00 2.216248e+00 2.153297e+00 2.159169e+00 2.155660e+00 2.156159e+00 2.150116e+00 2.153470e+00 2.145987e+00 2.159034e+00 2.154507e+00 2.155662e+00 2.152920e+00 2.151415e+00 2.149356e+00 2.152814e+00 2.157829e+00 2.152947e+00 2.152189e+00 2.157862e+00 2.150726e+00 2.152460e+00 2.151263e+00 2.147984e+00 2.152873e+00 2.152551e+00 2.154551e+00 2.150973e+00 2.147210e+00 2.151507e+00 2.152943e+00 2.156214e+00 2.155767e+00 2.153493e+00 2.155588e+00 2.154799e+00 2.151977e+00 2.151367e+00 2.152405e+00 2.154679e+00 2.148954e+00 2.158531e+00 2.123316e+00 2.154257e+00 2.158546e+00 2.157184e+00 2.152175e+00 2.153675e+00 2.173792e+00 2.155391e+00 2.149947e+00 2.152669e+00 2.152675e+00 2.150266e+00 2.153484e+00 2.151367e+00 2.150360e+00 2.153553e+00 2.155910e+00 2.148778e+00 2.151221e+00 2.169157e+00 2.153124e+00 2.153918e+00 2.153214e+00 2.151411e+00 2.148549e+00 2.150346e+00 2.152970e+00 2.153751e+00 2.160188e+00 2.151329e+00 2.154323e+00 2.154336e+00 2.150808e+00 2.152366e+00 2.150679e+00 2.149011e+00 2.154602e+00 2.153434e+00 2.155595e+00 2.148995e+00 2.152095e+00 2.146977e+00 2.154813e+00 2.181834e+00 2.158366e+00
1.826704e+00 1.826952e+00 1.826800e+00 1.825153e+00 1.826531e+00 1.821393e+00 1.825148e+00 1.829552e+00 1.824311e+00 1.827484e+00 1.822202e+00 1.826904e+00 1.824733e+00 1.825898e+00 1.826291e+00 1.822862e+00 1.826821e+00 1.825350e+00 1.826167e+00 1.823575e+00 1.823951e+00 1.825914e+00 1.900943e+00 1.826074e+00 1.822320e+00 1.824328e+00 1.828278e+00 1.830952e+00 1.822202e+00 1.829822e+00 1.828292e+00 1.820332e+00 1.827575e+00 1.826559e+00 1.822700e+00 1.825167e+00 1.825549e+00 1.826378e+00 1.826626e+00 1.827881e+00 1.821729e+00 1.824323e+00 1.825967e+00 1.824582e+00 1.825359e+00 1.826285e+00 1.826135e+00 1.828060e+00 1.824577e+00 1.824448e+00 1.827365e+00 1.821453e+00 1.821944e+00 1.825367e+00 1.828248e+00 1.824851e+00 1.825205e+00 1.826220e+00 1.826218e+00 1.825998e+00 1.824449e+00 1.822272e+00 1.829907e+00 1.878318e+00 1.826985e+00 1.820375e+00 1.818368e+00 1.830517e+00 1.824427e+00 1.856626e+00 1.823685e+00 1.823779e+00 1.826267e+00 1.830336e+00 1.822791e+00 1.824959e+00 1.824740e+00 1.824600e+00 1.824768e+00 1.823646e+00 1.826463e+00 1.827078e+00 1.842510e+00 1.826175e+00 1.825464e+00 1.823662e+00 1.821694e+00 1.826846e+00 1.824697e+00 1.826877e+00 1.828965e+00 1.831833e+00 1.827158e+00 1.822394e+00 1.827676e+00 1.830192e+00 1.824355e+00 1.824082e+00 1.822384e+00 1.825444e+00 1.828180e+00 1.824057e+00 1.826356e+00 1.824464e+00 1.831913e+00 1.824106e+00 1.863637e+00 1.826694e+00
1.622430e+00 1.621063e+00 1.624464e+00 1.620791e+00 1.630104e+00 1.622241e+00 1.619529e+00 1.630035e+00 1.622642e+00 1.624973e+00 1.617290e+00 1.621411e+00 1.620552e+00 1.621808e+00 1.620720e+00 1.617221e+00 1.627970e+00 1.625278e+00 1.617042e+00 1.625748e+00 1.628453e+00 1.622070e+00 1.729621e+00 1.627150e+00 1.620969e+00 1.623065e+00 1.624052e+00 1.621536e+00 1.623887e+00 1.624009e+00 1.618497e+00 1.621072e+00 1.625744e+00 1.629063e+00 1.626257e+00 1.619299e+00 1.622824e+00 1.622614e+00 1.622923e+00 1.621106e+00 1.624651e+00 1.622614e+00 1.621773e+00 1.621317e+00 1.626967e+00 1.625722e+00 1.621054e+00 1.622662e+00 1.622625e+00 1.630044e+00 1.624582e+00 1.621027e+00 1.627850e+00 1.623831e+00 1.625021e+00 1.616357e+00 1.626312e+00 1.624822e+00 1.629060e+00 1.620755e+00 1.621402e+00 1.625677e+00 1.627423e+00 1.674153e+00 1.626027e+00 1.623120e+00 1.619037e+00 1.624420e+00 1.625920e+00 1.726792e+00 1.618837e+00 1.621873e+00 1.623881e+00 1.630067e+00 1.626824e+00 1.624566e+00 1.627730e+00 1.619432e+00 1.631061e+00 1.626534e+00 1.625941e+00 1.628035e+00 1.632494e+00 1.627670e+00 1.619703e+00 1.616758e+00 1.625338e+00 1.625896e+00 1.629575e+00 1.621996e+00 1.621704e+00 1.624028e+00 1.624348e+00 1.626526e+00 1.622843e+00 1.622181e+00 1.628838e+00 1.626866e+00 1.626670e+00 1.621570e+00 1.627305e+00 1.619925e+00 1.624845e+00 1.622531e+00 1.630680e+00 1.627142e+00 1.675787e+00 1.622735e+00
1.506443e+00 1.509821e+00 1.507587e+00 1.503207e+00 1.510322e+00 1.505834e+00 1.503836e+00 1.508901e+00 1.506816e+00 1.506712e+00 1.504941e+00 1.507494e+00 1.506289e+00 1.502766e+00 1.504377e+00 1.505698e+00 1.506581e+00 1.510118e+00 1.497911e+00 1.510242e+00 1.506514e+00 1.503070e+00 1.528227e+00 1.507433e+00 1.502250e+00 1.504514e+00 1.504864e+00 1.511682e+00 1.503084e+00 1.511717e+00 1.503931e+00 1.508935e+00 1.507785e+00 1.510346e+00 1.511369e+00 1.499391e+00 1.509900e+00 1.512135e+00 1.512226e+00 1.506317e+00 1.510482e+00 1.503032e+00 1.508136e+00 1.503940e+00 1.511315e+00 1.506581e+00 1.506489e+00 1.503889e+00 1.504183e+00 1.509383e+00 1.509920e+00 1.504740e+00 1.514663e+00 1.499806e+00 1.509816e+00 1.502509e+00 1.500958e+00 1.505926e+00 1.511309e+00 1.500935e+00 1.508759e+00 1.509232e+00 1.508154e+00 1.633320e+00 1.508495e+00 1.509122e+00 1.503640e+00 1.509640e+00 1.509342e+00 1.604377e+00 1.503112e+00 1.505508e+00 1.509096e+00 1.509576e+00 1.508069e+00 1.503556e+00 1.510879e+00 1.504001e+00 1.507300e+00 1.506472e+00 1.508677e+00 1.512011e+00 1.512619e+00 1.505354e+00 1.502579e+00 1.501692e+00 1.500382e+00 1.505993e+00 1.506934e+00 1.513807e+00 1.508743e+00 1.510781e+00 1.505701e+00 1.505325e+00 1.511518e+00 1.507921e+00 1.500884e+00 1.510304e+00 1.506744e+00 1.512099e+00 1.507477e+00 1.500848e+00 1.514871e+00 1.503968e+00 1.505977e+00 1.507831e+00 1.516206e+00 1.499658e+00
1.449436e+00 1.449562e+00 1.452486e+00 1.449295e+00 1.456369e+00 1.446804e+00 1.443065e+00 1.450228e+00 1.455641e+00 1.446995e+00 1.440309e+00 1.450530e+00 1.448025e+00 1.448379e+00 1.440109e+00 1.445275e+00 1.446083e+00 1.446584e+00 1.443326e+00 1.447033e+00 1.447697e+00 1.445206e+00 1.454413e+00 1.449232e+00 1.446920e+00 1.447073e+00 1.443124e+00 1.453562e+00 1.437671e+00 1.454403e+00 1.447131e+00 1.447205e+00 1.450743e+00 1.453780e+00 1.455476e+00 1.446277e+00 1.448214e+00 1.454549e+00 1.453418e+00 1.454397e+00 1.453303e+00 1.448912e+00 1.450947e+00 1.440991e+00 1.450488e+00 1.449316e+00 1.449957e+00 1.439850e+00 1.450625e+00 1.454157e+00 1.452039e+00 1.447275e+00 1.448716e+00 1.441284e+00 1.454166e+00 1.443184e+00 1.440370e+00 1.451142e+00 1.455265e+00 1.444940e+00 1.441345e+00 1.455149e+00 1.456675e+00 1.445488e+00 1.453557e+00 1.450738e+00 1.442323e+00 1.450416e+00 1.447402e+00 1.528332e+00 1.443834e+00 1.453113e+00 1.448233e+00 1.446085e+00 1.451047e+00 1.444846e+00 1.453279e+00 1.440600e+00 1.457990e+00 1.451906e+00 1.453582e+00 1.448770e+00 1.449439e+00 1.450360e+00 1.442681e+00 1.444814e+00 1.451957e+00 1.449660e+00 1.448667e+00 1.450432e+00 1.450664e+00 1.446038e+00 1.449630e+00 1.445458e+00 1.453629e+00 1.446047e+00 1.445605e+00 1.454425e+00 1.451318e+00 1.449950e+00 1.451666e+00 1.445869e+00 1.453580e+00 1.448443e+00 1.449309e+00 1.451042e+00 1.486609e+00 1.439200e+00
