# Version 0.0
# Data /lustre/isaac24/proj/UTK0244/cbaillar/Bayes_HEP/Detroit_tune_Project/input/Data/Data__200__pp__STAR_2019_I1771348__d02-x01-y02.dat
# Observable: $ \langle \frac{dN_{ch}}{d\eta d\phi} \rangle$
# Subobservable: Leading jet $p_{T} [GeV/c]$
# Design Design_Rivet.dat
# design_point1 design_point2 design_point3 design_point4 design_point5 design_point6 design_point7 design_point8 design_point9 design_point10 design_point11 design_point12 design_point13 design_point14 design_point15 design_point16 design_point17 design_point18 design_point19 design_point20 design_point21 design_point22 design_point23 design_point24 design_point25 design_point26 design_point27 design_point28 design_point29 design_point30 design_point31 design_point32 design_point33 design_point34 design_point35 design_point36 design_point37 design_point38 design_point39 design_point40 design_point41 design_point42 design_point43 design_point44 design_point45 design_point46 design_point47 design_point48 design_point49 design_point50 design_point51 design_point52 design_point53 design_point54 design_point55 design_point56 design_point57 design_point58 design_point59 design_point60 design_point61 design_point62 design_point63 design_point64 design_point65 design_point66 design_point67 design_point68 design_point69 design_point70 design_point71 design_point72 design_point73 design_point74 design_point75 design_point76 design_point77 design_point78 design_point79 design_point80 design_point81 design_point82 design_point83 design_point84 design_point85 design_point86 design_point87 design_point88 design_point89 design_point90 design_point91 design_point92 design_point93 design_point94 design_point95 design_point96 design_point97 design_point98 design_point99 design_point100 design_point101 design_point102 design_point103 design_point104 design_point105 design_point106 design_point107 design_point108
2.357671e-03 2.386082e-03 2.409838e-03 1.625554e-03 2.367829e-03 1.621185e-03 1.002618e-03 2.350440e-03 2.439897e-03 2.067975e-03 1.131715e-03 2.372536e-03 1.368148e-03 9.747048e-04 1.264015e-03 9.154227e-04 2.299750e-03 1.778105e-03 1.044293e-03 2.361198e-03 2.330936e-03 1.110927e-03 1.395748e-03 2.350522e-03 1.400213e-03 1.220073e-03 1.595933e-03 2.342649e-03 1.041291e-03 2.376927e-03 1.502526e-03 2.649221e-03 1.097456e-03 2.394422e-03 2.486220e-03 1.178695e-03 2.438879e-03 2.411760e-03 2.399865e-03 2.385889e-03 2.303538e-03 1.884524e-03 2.417949e-03 9.823815e-04 2.389211e-03 2.548133e-03 2.395259e-03 1.128561e-03 2.161905e-03 2.636257e-03 2.598699e-03 1.939687e-03 2.499820e-03 9.991176e-04 2.381886e-03 1.273006e-03 1.187588e-03 2.358573e-03 2.403634e-03 1.468954e-03 1.092560e-03 2.431170e-03 2.444758e-03 1.575087e-03 2.427574e-03 2.356586e-03 1.066883e-03 2.484553e-03 2.417035e-03 2.563173e-03 9.394024e-04 2.297152e-03 2.348801e-03 2.408875e-03 2.407385e-03 1.321410e-03 2.371834e-03 1.094668e-03 2.378516e-03 2.450433e-03 2.381547e-03 2.383456e-03 1.200008e-03 2.818061e-03 1.071593e-03 1.171824e-03 1.838316e-03 2.291413e-03 2.362841e-03 2.440646e-03 2.352503e-03 2.498204e-03 2.450809e-03 2.058692e-03 1.781349e-03 1.813549e-03 1.963514e-03 2.405384e-03 2.403720e-03 2.152300e-03 2.434975e-03 9.772336e-04 2.401837e-03 9.820241e-04 2.382975e-03 2.389898e-03 1.245941e-03 1.140203e-03
5.254499e-03 5.450057e-03 5.208860e-03 4.065991e-03 5.620382e-03 3.984902e-03 2.327233e-03 5.325105e-03 5.257186e-03 5.020484e-03 2.807531e-03 5.234682e-03 3.322941e-03 2.054987e-03 2.677447e-03 1.942701e-03 5.375037e-03 4.295370e-03 2.352120e-03 5.074952e-03 5.403834e-03 2.819396e-03 3.988825e-03 5.198993e-03 3.384637e-03 2.583830e-03 3.448985e-03 5.390098e-03 2.212663e-03 5.352449e-03 3.688631e-03 5.615911e-03 2.806001e-03 5.372443e-03 5.526683e-03 3.027761e-03 5.613072e-03 5.424383e-03 5.469153e-03 5.341577e-03 5.308266e-03 4.704705e-03 5.509789e-03 2.159391e-03 5.275148e-03 5.667539e-03 4.836660e-03 2.431046e-03 4.450663e-03 5.601854e-03 5.542016e-03 3.934365e-03 6.060724e-03 2.128068e-03 5.308273e-03 2.913143e-03 2.728855e-03 5.395106e-03 5.210804e-03 3.606706e-03 2.240020e-03 5.348578e-03 5.174180e-03 4.743088e-03 5.395652e-03 5.349114e-03 2.284844e-03 5.430326e-03 5.245946e-03 7.223275e-03 1.952940e-03 5.589676e-03 5.389603e-03 5.104769e-03 5.219647e-03 3.154300e-03 5.304899e-03 2.662239e-03 5.405700e-03 5.352377e-03 5.338264e-03 5.238073e-03 3.196903e-03 6.430442e-03 2.529000e-03 2.609118e-03 4.538387e-03 5.535253e-03 5.042858e-03 5.756005e-03 4.986254e-03 5.443345e-03 5.382230e-03 5.141984e-03 4.499255e-03 4.504168e-03 4.866599e-03 5.442120e-03 5.236679e-03 5.025781e-03 5.364236e-03 2.110444e-03 5.266902e-03 2.227362e-03 5.045675e-03 5.299760e-03 3.353130e-03 2.427465e-03
1.036023e-02 1.084980e-02 9.803835e-03 9.278730e-03 1.005985e-02 8.850960e-03 5.745114e-03 9.645769e-03 9.854488e-03 1.071765e-02 7.304079e-03 1.030935e-02 7.638092e-03 4.638988e-03 5.735028e-03 4.414794e-03 1.010365e-02 1.064778e-02 5.595398e-03 1.040265e-02 1.059376e-02 7.563621e-03 1.161584e-02 1.038030e-02 7.764878e-03 5.665378e-03 7.343662e-03 1.063809e-02 5.016477e-03 9.511295e-03 8.410146e-03 1.102107e-02 7.697465e-03 1.012767e-02 1.007809e-02 8.246750e-03 1.207458e-02 1.011681e-02 9.907924e-03 1.034636e-02 1.103124e-02 9.813901e-03 9.721303e-03 5.056010e-03 1.007322e-02 1.153330e-02 9.908696e-03 5.415775e-03 8.835985e-03 1.277153e-02 1.188201e-02 7.966057e-03 1.200056e-02 4.865276e-03 1.013279e-02 6.684534e-03 6.285657e-03 1.008410e-02 1.037833e-02 8.264656e-03 4.790876e-03 9.808415e-03 1.033696e-02 1.492091e-02 9.907808e-03 1.067677e-02 5.129672e-03 1.022801e-02 9.439480e-03 2.190932e-02 4.273284e-03 1.074858e-02 1.008422e-02 9.533972e-03 1.015509e-02 7.490808e-03 1.016653e-02 6.811586e-03 1.000221e-02 1.020160e-02 1.031372e-02 9.488445e-03 8.984584e-03 1.292967e-02 6.297287e-03 5.984588e-03 9.819400e-03 1.084580e-02 9.926167e-03 1.033150e-02 1.011167e-02 1.153998e-02 1.034747e-02 1.021628e-02 1.000633e-02 9.688735e-03 1.011236e-02 1.088743e-02 9.929585e-03 1.009270e-02 9.573089e-03 4.803044e-03 1.028953e-02 5.291352e-03 1.049817e-02 1.003766e-02 9.531937e-03 5.339416e-03
1.613181e-02 1.586125e-02 1.266745e-02 1.525229e-02 1.517663e-02 1.610989e-02 1.322111e-02 1.391973e-02 1.302777e-02 1.742170e-02 1.716086e-02 1.461816e-02 1.417251e-02 9.472018e-03 1.140905e-02 9.147790e-03 1.481771e-02 2.447669e-02 1.203928e-02 1.602141e-02 1.503897e-02 1.798676e-02 2.849114e-02 1.388835e-02 1.403955e-02 1.123666e-02 1.322523e-02 1.461098e-02 1.012022e-02 1.329976e-02 1.468542e-02 1.826078e-02 1.845864e-02 1.367289e-02 1.718685e-02 1.900307e-02 1.902239e-02 1.596592e-02 1.560572e-02 1.467389e-02 1.521637e-02 1.561343e-02 1.680895e-02 1.081876e-02 1.484581e-02 1.650145e-02 1.808423e-02 1.104206e-02 1.543413e-02 1.617783e-02 1.608973e-02 1.416243e-02 1.847440e-02 1.018469e-02 1.483936e-02 1.316935e-02 1.225693e-02 1.534142e-02 1.397875e-02 1.527327e-02 9.321746e-03 1.481776e-02 1.521275e-02 3.832198e-02 1.745417e-02 1.528389e-02 1.073128e-02 1.409631e-02 1.534716e-02 5.325001e-02 8.774717e-03 1.679596e-02 1.536547e-02 1.596107e-02 1.385451e-02 1.381747e-02 1.495998e-02 1.569044e-02 1.441004e-02 1.524300e-02 1.447757e-02 1.377977e-02 2.100342e-02 1.804012e-02 1.453911e-02 1.191318e-02 1.678329e-02 1.651191e-02 1.399304e-02 1.661364e-02 1.308866e-02 1.567521e-02 1.605346e-02 1.702897e-02 1.615059e-02 1.707861e-02 1.614625e-02 1.383536e-02 1.641027e-02 1.612341e-02 1.427489e-02 9.904547e-03 1.509820e-02 1.152567e-02 1.492861e-02 1.508781e-02 2.298073e-02 1.034842e-02
3.437946e-02 3.384984e-02 3.395182e-02 4.178605e-02 3.426659e-02 3.926613e-02 4.956918e-02 3.687671e-02 2.836075e-02 3.715825e-02 7.273998e-02 3.336690e-02 3.843975e-02 3.530171e-02 3.998628e-02 3.405918e-02 4.394584e-02 6.385548e-02 4.917563e-02 3.437946e-02 3.128919e-02 6.988309e-02 1.303104e-01 2.871927e-02 4.191442e-02 4.154716e-02 4.154900e-02 4.152436e-02 3.713788e-02 3.055102e-02 4.318403e-02 5.522580e-02 6.506695e-02 3.189235e-02 3.710850e-02 6.996609e-02 4.823769e-02 3.778589e-02 3.195247e-02 4.211183e-02 3.686303e-02 3.910861e-02 3.382836e-02 4.387832e-02 3.545672e-02 3.974202e-02 5.503995e-02 3.978043e-02 5.009973e-02 3.751737e-02 4.257248e-02 5.055959e-02 4.279226e-02 4.283550e-02 3.886607e-02 4.239067e-02 4.041257e-02 4.408423e-02 3.925660e-02 3.626276e-02 3.546575e-02 2.677441e-02 3.073392e-02 1.290457e-01 3.550420e-02 4.092727e-02 4.574578e-02 2.552243e-02 4.812876e-02 2.405343e-01 3.808870e-02 3.374183e-02 3.798845e-02 3.299021e-02 3.348032e-02 4.187904e-02 3.115900e-02 6.420093e-02 4.488984e-02 4.009131e-02 3.135289e-02 2.920040e-02 9.463712e-02 4.511466e-02 6.173735e-02 4.140731e-02 3.563542e-02 3.752657e-02 2.861477e-02 3.849758e-02 4.250839e-02 3.792166e-02 3.790592e-02 3.520321e-02 4.336082e-02 3.387698e-02 3.884852e-02 4.323674e-02 3.397262e-02 4.294265e-02 3.188330e-02 3.583387e-02 3.691044e-02 4.236103e-02 3.118651e-02 3.880256e-02 1.011012e-01 3.745795e-02
1.235142e-01 4.151868e-02 4.343787e-02 8.067137e-02 1.193302e-01 9.951508e-02 1.943931e-01 1.148844e-01 3.774692e-02 9.884459e-02 1.228268e-01 4.212925e-02 1.508894e-01 1.010050e-01 1.063298e-01 1.398913e-01 1.406578e-01 2.174867e-01 1.648082e-01 8.158294e-02 8.761639e-02 1.775844e-01 5.955040e-01 9.097301e-02 9.261403e-02 1.327751e-01 1.048306e-01 1.109295e-01 1.106787e-01 6.461378e-02 9.465221e-02 1.341627e-01 1.985454e-01 3.770409e-02 7.349362e-02 1.276707e-01 1.113096e-01 8.870670e-02 5.832531e-02 5.830872e-02 7.768117e-02 7.367443e-02 1.857998e-01 1.589659e-01 1.188719e-01 1.022191e-01 1.459275e-01 1.077120e-01 1.276802e-01 1.393052e-01 1.102658e-01 1.586726e-01 4.982037e-02 1.774377e-01 5.326652e-02 1.065976e-01 9.712683e-02 6.321458e-02 4.829763e-02 1.022356e-01 1.035706e-01 4.841358e-02 1.045164e-01 3.664022e-01 1.175757e-01 4.794806e-02 1.181278e-01 4.117845e-02 6.891611e-02 3.376203e-01 1.045780e-01 7.685770e-02 1.038361e-01 1.250737e-01 8.128023e-02 9.710666e-02 9.058762e-02 1.575554e-01 1.095380e-01 7.326512e-02 5.515451e-02 8.004696e-02 1.669858e-01 1.048887e-01 1.410402e-01 1.168609e-01 6.957712e-02 1.705059e-01 1.305537e-01 1.235142e-01 9.097301e-02 1.061762e-01 8.552643e-02 9.060445e-02 1.031943e-01 9.858279e-02 9.415732e-02 5.626976e-02 3.860075e-02 4.230159e-02 7.957749e-02 1.518755e-01 1.182956e-01 1.011881e-01 1.111998e-01 7.529697e-02 1.836434e-01 1.157125e-01
4.072970e-01 2.977516e-01 nan 4.905485e-01 0.000000e+00 1.550418e-01 nan 0.000000e+00 2.387325e-01 1.125396e-01 1.688097e-01 0.000000e+00 2.124140e-01 1.575554e-01 1.958246e-01 2.493479e-01 2.179319e-01 1.350475e+00 2.124137e-01 0.000000e+00 1.125396e-01 1.688097e-01 0.000000e+00 1.350475e-01 2.016312e-01 1.883147e-01 2.049751e-01 1.653986e-01 3.318380e-01 6.820927e-02 2.250792e-01 1.599649e-01 nan 1.232809e-01 1.446937e-01 1.716563e-01 1.364185e-01 9.746217e-02 3.376187e-01 1.949243e-01 0.000000e+00 1.867987e-01 nan 2.847051e-01 1.125396e-01 3.376186e-01 3.021849e-01 2.211369e-01 1.378323e-01 1.263253e-01 3.646698e-01 1.037565e-01 2.179319e-01 1.364187e-01 0.000000e+00 1.423525e-01 1.528479e-01 1.949243e-01 2.943291e-01 3.195509e-01 1.946017e-01 3.480092e-01 4.823123e-02 nan 0.000000e+00 2.075126e-01 2.426786e-01 2.532139e-01 0.000000e+00 0.000000e+00 2.180607e-01 1.688093e-01 1.125395e-01 8.440475e-02 3.789760e-01 2.304848e-01 8.235690e-02 0.000000e+00 6.752372e-01 8.440466e-02 5.626978e-02 1.688093e-01 4.905484e-01 nan 3.514048e-01 1.653986e-01 2.374025e-01 1.599649e-01 1.653986e-01 0.000000e+00 0.000000e+00 nan nan 1.232809e-01 1.949243e-01 1.949243e-01 6.752372e-01 0.000000e+00 nan 1.153187e-01 0.000000e+00 2.329790e-01 2.179320e-01 1.949243e-01 1.125395e-01 0.000000e+00 1.688097e-01 4.232273e-01
0.000000e+00 0.000000e+00 0.000000e+00 0.000000e+00 0.000000e+00 0.000000e+00 0.000000e+00 0.000000e+00 0.000000e+00 0.000000e+00 0.000000e+00 0.000000e+00 0.000000e+00 1.688096e-01 0.000000e+00 0.000000e+00 0.000000e+00 0.000000e+00 0.000000e+00 0.000000e+00 0.000000e+00 0.000000e+00 0.000000e+00 nan 0.000000e+00 0.000000e+00 0.000000e+00 0.000000e+00 0.000000e+00 0.000000e+00 0.000000e+00 0.000000e+00 0.000000e+00 0.000000e+00 nan 0.000000e+00 0.000000e+00 0.000000e+00 nan 0.000000e+00 0.000000e+00 0.000000e+00 0.000000e+00 nan 0.000000e+00 0.000000e+00 0.000000e+00 0.000000e+00 0.000000e+00 0.000000e+00 0.000000e+00 0.000000e+00 0.000000e+00 0.000000e+00 0.000000e+00 0.000000e+00 0.000000e+00 nan nan 1.688093e-01 0.000000e+00 3.376187e-01 nan 0.000000e+00 nan 0.000000e+00 nan 0.000000e+00 0.000000e+00 0.000000e+00 1.688094e-01 0.000000e+00 0.000000e+00 nan 0.000000e+00 0.000000e+00 0.000000e+00 0.000000e+00 0.000000e+00 0.000000e+00 0.000000e+00 0.000000e+00 0.000000e+00 0.000000e+00 0.000000e+00 nan 0.000000e+00 0.000000e+00 nan 0.000000e+00 0.000000e+00 0.000000e+00 0.000000e+00 0.000000e+00 0.000000e+00 0.000000e+00 0.000000e+00 0.000000e+00 0.000000e+00 nan nan 0.000000e+00 0.000000e+00 0.000000e+00 0.000000e+00 nan 0.000000e+00 nan
