# Version 0.0
# Data /lustre/isaac24/proj/UTK0244/cbaillar/Bayes_HEP/Detroit_tune_Project/input/Data/Data__200__pp__STAR_2019_I1771348__d01-x01-y01.dat
# Observable: $ \langle \frac{dN_{ch}}{d\eta d\phi} \rangle$
# Subobservable: Leading jet $p_{T} [GeV/c]$
# Design Design_Rivet.dat
# design_point1 design_point2 design_point3 design_point4 design_point5 design_point6 design_point7 design_point8 design_point9 design_point10 design_point11 design_point12 design_point13 design_point14 design_point15 design_point16 design_point17 design_point18 design_point19 design_point20 design_point21 design_point22 design_point23 design_point24 design_point25 design_point26 design_point27 design_point28 design_point29 design_point30 design_point31 design_point32 design_point33 design_point34 design_point35 design_point36 design_point37 design_point38 design_point39 design_point40 design_point41 design_point42 design_point43 design_point44 design_point45 design_point46 design_point47 design_point48 design_point49 design_point50 design_point51 design_point52 design_point53 design_point54 design_point55 design_point56 design_point57 design_point58 design_point59 design_point60 design_point61 design_point62 design_point63 design_point64 design_point65 design_point66 design_point67 design_point68 design_point69 design_point70 design_point71 design_point72 design_point73 design_point74 design_point75 design_point76 design_point77 design_point78 design_point79 design_point80 design_point81 design_point82 design_point83 design_point84 design_point85 design_point86 design_point87 design_point88 design_point89 design_point90 design_point91 design_point92 design_point93 design_point94 design_point95 design_point96 design_point97 design_point98 design_point99 design_point100 design_point101 design_point102 design_point103 design_point104 design_point105 design_point106 design_point107 design_point108
4.925201e-03 4.653139e-03 5.597592e-03 2.704128e-03 4.896188e-03 2.603536e-03 1.452093e-03 5.408979e-03 5.399269e-03 3.731946e-03 1.647778e-03 5.116775e-03 2.133413e-03 1.388787e-03 1.816670e-03 1.297392e-03 4.633739e-03 2.621627e-03 1.488448e-03 5.014199e-03 5.074607e-03 1.624100e-03 2.087768e-03 5.418889e-03 2.176721e-03 1.757442e-03 2.351139e-03 5.272871e-03 1.472056e-03 5.424213e-03 2.409517e-03 3.895605e-03 1.657294e-03 5.103456e-03 4.883960e-03 1.728190e-03 4.353440e-03 5.681421e-03 5.520226e-03 5.100363e-03 4.750816e-03 3.290086e-03 5.120439e-03 1.393668e-03 5.180362e-03 5.363841e-03 3.577890e-03 1.617645e-03 3.098436e-03 5.532191e-03 5.497272e-03 2.723816e-03 4.936383e-03 1.402255e-03 4.921854e-03 1.903656e-03 1.765491e-03 5.333104e-03 5.555489e-03 2.318903e-03 1.536833e-03 5.206413e-03 5.346429e-03 2.397100e-03 5.254144e-03 4.958364e-03 1.512422e-03 5.478860e-03 5.476710e-03 3.812984e-03 1.320509e-03 4.482176e-03 4.998717e-03 5.463195e-03 5.539491e-03 2.028380e-03 5.579681e-03 1.582498e-03 5.323326e-03 5.281413e-03 5.386215e-03 5.549226e-03 1.773510e-03 4.819172e-03 1.543672e-03 1.717922e-03 3.189473e-03 4.318689e-03 5.038955e-03 5.033005e-03 5.583326e-03 4.865153e-03 5.250645e-03 3.773197e-03 3.059221e-03 3.131695e-03 3.471920e-03 5.249770e-03 5.353658e-03 4.123425e-03 5.430328e-03 1.397687e-03 5.116886e-03 1.425315e-03 5.600864e-03 5.287274e-03 1.842990e-03 1.613495e-03
1.188146e-02 1.127674e-02 1.270277e-02 6.959833e-03 1.150604e-02 6.611894e-03 3.400230e-03 1.288245e-02 1.273409e-02 9.478052e-03 4.139912e-03 1.206782e-02 5.286313e-03 2.958359e-03 3.826923e-03 2.769558e-03 1.121097e-02 6.365788e-03 3.375551e-03 1.176961e-02 1.202383e-02 4.142067e-03 6.066060e-03 1.264679e-02 5.304965e-03 3.735164e-03 5.044514e-03 1.224120e-02 3.151704e-03 1.268180e-02 6.135513e-03 8.010414e-03 4.316976e-03 1.180677e-02 1.172183e-02 4.472381e-03 1.057670e-02 1.277716e-02 1.264035e-02 1.205316e-02 1.139769e-02 8.460301e-03 1.216670e-02 3.082003e-03 1.211724e-02 1.247799e-02 7.329515e-03 3.528741e-03 6.228574e-03 1.262696e-02 1.264993e-02 5.459075e-03 1.240330e-02 3.005734e-03 1.217342e-02 4.416863e-03 4.143828e-03 1.231803e-02 1.267738e-02 5.793678e-03 3.163888e-03 1.248710e-02 1.219211e-02 7.356284e-03 1.216687e-02 1.188797e-02 3.232418e-03 1.242829e-02 1.252195e-02 1.105825e-02 2.753146e-03 1.116209e-02 1.196409e-02 1.243927e-02 1.258105e-02 4.961173e-03 1.262782e-02 3.868679e-03 1.242395e-02 1.238889e-02 1.257144e-02 1.263011e-02 4.763941e-03 1.133835e-02 3.673363e-03 3.856634e-03 8.286292e-03 1.110320e-02 1.204961e-02 1.185006e-02 1.255259e-02 1.134174e-02 1.220226e-02 9.755651e-03 8.087391e-03 8.129581e-03 8.938996e-03 1.237411e-02 1.202900e-02 1.025427e-02 1.243459e-02 3.045244e-03 1.179951e-02 3.245709e-03 1.280224e-02 1.257631e-02 5.028683e-03 3.421336e-03
2.434518e-02 2.305698e-02 2.469027e-02 1.659278e-02 2.339798e-02 1.538209e-02 8.635277e-03 2.319237e-02 2.535613e-02 2.080850e-02 1.120271e-02 2.474285e-02 1.264741e-02 6.812650e-03 8.494031e-03 6.425843e-03 2.346547e-02 1.682348e-02 8.228624e-03 2.446621e-02 2.406577e-02 1.149938e-02 1.830405e-02 2.434942e-02 1.291845e-02 8.365159e-03 1.113805e-02 2.459812e-02 7.236604e-03 2.423418e-02 1.447312e-02 1.573170e-02 1.205234e-02 2.387405e-02 2.303646e-02 1.241400e-02 2.287482e-02 2.552305e-02 2.449275e-02 2.477209e-02 2.249481e-02 1.894056e-02 2.432733e-02 7.443087e-03 2.366190e-02 2.666801e-02 1.532531e-02 8.082109e-03 1.267774e-02 2.663767e-02 2.519659e-02 1.127768e-02 2.486943e-02 7.018460e-03 2.525305e-02 1.030245e-02 9.841980e-03 2.432582e-02 2.396659e-02 1.372947e-02 6.918193e-03 2.519475e-02 2.446688e-02 2.436410e-02 2.383527e-02 2.394563e-02 7.486490e-03 2.413115e-02 2.451477e-02 3.477270e-02 6.141007e-03 2.335946e-02 2.453610e-02 2.542814e-02 2.456415e-02 1.178133e-02 2.394070e-02 1.012920e-02 2.518471e-02 2.404552e-02 2.416050e-02 2.437741e-02 1.352332e-02 2.415641e-02 9.398687e-03 8.931839e-03 1.860370e-02 2.285294e-02 2.356370e-02 2.425878e-02 2.499647e-02 2.410216e-02 2.425204e-02 2.075872e-02 1.899174e-02 1.795993e-02 1.983507e-02 2.494876e-02 2.402303e-02 2.133476e-02 2.424866e-02 7.021768e-03 2.432036e-02 7.930681e-03 2.555775e-02 2.410660e-02 1.478480e-02 7.654116e-03
3.579807e-02 3.543912e-02 3.675975e-02 3.051036e-02 3.812492e-02 2.899216e-02 2.013685e-02 3.696795e-02 3.825929e-02 3.579425e-02 2.738220e-02 3.708884e-02 2.460372e-02 1.475777e-02 1.701242e-02 1.383093e-02 3.556549e-02 3.935242e-02 1.871840e-02 3.906790e-02 3.913466e-02 2.765691e-02 4.606682e-02 3.872538e-02 2.488026e-02 1.708692e-02 2.133193e-02 3.578175e-02 1.535501e-02 3.502109e-02 2.769108e-02 2.697536e-02 3.033010e-02 3.642856e-02 3.892257e-02 3.115924e-02 3.824922e-02 3.706835e-02 3.842084e-02 3.289704e-02 3.396925e-02 3.185854e-02 3.737007e-02 1.634964e-02 3.980440e-02 3.932396e-02 2.920652e-02 1.703760e-02 2.317948e-02 4.232241e-02 3.971136e-02 2.085996e-02 3.927066e-02 1.541211e-02 3.662792e-02 2.148089e-02 2.045302e-02 3.627640e-02 3.690296e-02 2.689539e-02 1.409240e-02 4.192326e-02 3.923706e-02 6.367228e-02 3.854057e-02 3.634957e-02 1.605763e-02 3.823572e-02 3.544797e-02 9.342541e-02 1.295290e-02 3.770777e-02 3.595777e-02 3.873265e-02 3.823848e-02 2.354955e-02 3.710875e-02 2.482024e-02 3.816053e-02 3.772268e-02 3.860650e-02 3.730572e-02 3.620650e-02 3.774238e-02 2.200086e-02 1.895989e-02 3.097972e-02 3.616766e-02 3.807245e-02 3.679266e-02 3.528372e-02 3.879355e-02 3.779469e-02 3.568270e-02 3.201047e-02 3.260537e-02 3.344123e-02 3.804558e-02 3.739937e-02 3.630044e-02 3.760887e-02 1.516615e-02 3.670784e-02 1.851992e-02 3.580305e-02 3.524475e-02 3.805666e-02 1.541435e-02
7.773151e-02 7.645172e-02 9.229105e-02 8.601691e-02 1.002093e-01 7.495301e-02 8.901493e-02 8.753131e-02 9.147279e-02 9.220699e-02 1.154852e-01 8.839243e-02 8.387925e-02 5.996193e-02 7.180314e-02 6.205913e-02 9.628747e-02 1.570907e-01 8.048069e-02 1.043209e-01 9.538200e-02 1.144968e-01 2.373294e-01 9.193026e-02 8.607925e-02 6.826514e-02 7.728261e-02 8.405841e-02 6.423508e-02 1.012301e-01 7.420250e-02 8.674014e-02 1.225336e-01 9.795159e-02 8.398958e-02 1.208500e-01 9.268002e-02 1.088012e-01 8.213656e-02 1.015957e-01 1.019272e-01 8.805301e-02 9.343305e-02 7.575130e-02 9.246056e-02 1.009283e-01 9.472694e-02 6.651294e-02 8.736549e-02 8.300224e-02 9.388449e-02 8.587474e-02 1.040691e-01 6.820400e-02 9.282046e-02 7.386133e-02 7.049306e-02 1.053330e-01 1.102348e-01 7.576539e-02 5.623609e-02 1.014687e-01 9.115353e-02 2.244923e-01 8.580114e-02 9.652101e-02 6.911130e-02 9.301614e-02 1.105355e-01 4.144531e-01 5.604090e-02 8.653767e-02 9.185975e-02 1.153298e-01 1.065682e-01 8.204556e-02 9.488413e-02 1.127444e-01 9.415156e-02 8.955690e-02 8.467957e-02 8.720612e-02 1.456069e-01 1.102548e-01 9.504348e-02 6.887557e-02 8.643125e-02 9.146774e-02 9.960916e-02 8.094408e-02 1.017475e-01 8.045940e-02 9.220149e-02 9.095382e-02 8.404011e-02 8.621811e-02 8.453908e-02 9.665946e-02 9.746716e-02 8.488793e-02 9.574711e-02 6.585969e-02 8.283851e-02 7.974667e-02 9.826185e-02 7.806573e-02 1.688775e-01 6.316023e-02
1.633940e-01 2.353650e-01 1.503013e-01 2.422179e-01 2.176158e-01 2.610278e-01 3.089980e-01 2.328808e-01 2.283091e-01 2.591553e-01 2.489429e-01 2.420141e-01 3.949546e-01 2.051536e-01 2.332922e-01 2.637838e-01 2.831080e-01 4.295917e-01 3.002572e-01 1.994661e-01 2.374842e-01 4.641487e-01 4.057686e-01 2.933792e-01 2.507419e-01 2.774147e-01 1.849214e-01 3.438488e-01 2.086931e-01 2.253906e-01 2.450196e-01 3.364374e-01 2.591802e-01 2.603792e-01 2.379509e-01 3.389482e-01 2.072472e-01 2.823128e-01 1.573202e-01 1.501558e-01 2.190760e-01 2.155766e-01 2.386565e-01 1.985011e-01 2.512295e-01 2.560120e-01 2.721715e-01 2.273220e-01 2.514422e-01 3.654869e-01 2.231417e-01 2.688107e-01 1.810698e-01 2.167534e-01 1.995020e-01 2.499857e-01 2.292447e-01 1.784139e-01 2.402074e-01 2.525879e-01 2.088946e-01 1.630990e-01 2.730135e-01 6.081299e-01 1.620543e-01 1.944634e-01 1.759672e-01 2.157234e-01 2.397249e-01 6.752416e-01 1.945706e-01 2.316646e-01 1.953484e-01 2.396632e-01 2.252373e-01 1.611826e-01 2.517948e-01 3.996338e-01 2.450060e-01 2.226498e-01 2.615353e-01 2.123143e-01 4.494139e-01 2.231444e-01 3.212721e-01 2.125266e-01 2.671227e-01 2.077900e-01 2.773901e-01 2.610502e-01 2.223350e-01 3.041599e-01 1.826713e-01 2.671526e-01 2.702670e-01 1.783762e-01 1.947917e-01 3.151108e-01 2.826333e-01 3.015747e-01 2.028839e-01 2.031061e-01 4.531316e-01 3.678239e-01 2.123142e-01 1.684573e-01 3.791499e-01 2.190304e-01
1.657672e-01 1.000273e+00 nan 1.000273e+00 0.000000e+00 4.684476e-01 nan 1.519284e+00 7.161972e-01 5.373691e-01 6.752373e-01 5.420623e-01 3.743139e-01 5.059277e-01 5.506905e-01 3.230751e-01 7.470334e-01 1.688056e-01 2.124136e-01 1.519284e+00 4.833964e-01 6.752392e-01 0.000000e+00 3.759557e-01 3.539187e-01 6.489345e-01 5.781298e-01 4.134970e-01 6.112463e-01 2.083830e-01 2.977522e-01 5.867582e-01 nan 4.853572e-01 1.647413e-01 5.435387e-01 2.192621e-01 5.248499e-01 8.440466e-01 3.898476e-01 1.856902e+00 4.981300e-01 nan 5.114054e-01 4.057671e-01 6.845502e-01 5.158437e-01 3.857662e-01 5.847722e-01 4.051423e-01 5.577525e-01 2.566293e-01 3.743112e-01 4.855173e-01 3.376187e-01 3.672660e-01 3.621208e-01 4.648644e-01 3.789764e-01 7.161973e-01 4.041653e-01 6.943110e-01 4.277828e-01 nan 6.752379e-01 2.374028e-01 6.311249e-01 5.248496e-01 0.000000e+00 0.000000e+00 5.105725e-01 8.440466e-01 1.949264e-01 6.610204e-01 1.653984e-01 4.057674e-01 3.213209e-01 8.440468e-01 2.025711e+00 2.532155e-01 2.465612e-01 3.376158e-01 8.115343e-01 nan 7.470316e-01 8.514418e-01 4.674114e-01 3.715163e-01 8.242319e-01 1.012857e+00 4.057673e-01 nan nan 4.057670e-01 7.877762e-01 9.615381e-01 1.012856e+00 5.186594e-01 nan 3.222642e-01 5.064290e-01 4.213911e-01 3.082010e-01 1.410116e+00 3.558813e-01 0.000000e+00 2.700949e+00 5.562297e-01
0.000000e+00 0.000000e+00 0.000000e+00 0.000000e+00 0.000000e+00 0.000000e+00 0.000000e+00 0.000000e+00 0.000000e+00 0.000000e+00 0.000000e+00 0.000000e+00 0.000000e+00 6.752369e-01 0.000000e+00 0.000000e+00 0.000000e+00 0.000000e+00 0.000000e+00 0.000000e+00 0.000000e+00 0.000000e+00 0.000000e+00 nan 0.000000e+00 0.000000e+00 0.000000e+00 0.000000e+00 0.000000e+00 0.000000e+00 0.000000e+00 0.000000e+00 0.000000e+00 0.000000e+00 nan 0.000000e+00 0.000000e+00 0.000000e+00 nan 0.000000e+00 0.000000e+00 0.000000e+00 0.000000e+00 nan 0.000000e+00 0.000000e+00 0.000000e+00 0.000000e+00 0.000000e+00 0.000000e+00 0.000000e+00 0.000000e+00 0.000000e+00 0.000000e+00 0.000000e+00 0.000000e+00 0.000000e+00 nan nan 1.350474e+00 0.000000e+00 6.752386e-01 nan 0.000000e+00 nan 0.000000e+00 nan 0.000000e+00 0.000000e+00 0.000000e+00 1.688015e-01 0.000000e+00 0.000000e+00 nan 1.688126e-01 0.000000e+00 0.000000e+00 0.000000e+00 0.000000e+00 0.000000e+00 0.000000e+00 0.000000e+00 0.000000e+00 0.000000e+00 0.000000e+00 nan 0.000000e+00 0.000000e+00 nan 0.000000e+00 0.000000e+00 0.000000e+00 8.440471e-01 0.000000e+00 0.000000e+00 0.000000e+00 0.000000e+00 0.000000e+00 0.000000e+00 nan nan 0.000000e+00 0.000000e+00 0.000000e+00 0.000000e+00 nan 0.000000e+00 nan
