# Version 0.0
# Data /lustre/isaac24/proj/UTK0244/cbaillar/Bayes_HEP/Detroit_tune_Project/input/Data/Data__200__pp__STAR_2020_I1783875__d33-x01-y01.dat
# Observable: $1/N_{jets}$
# Subobservable: $R_{g}$
# Design Design_Rivet.dat
# design_point1 design_point2 design_point3 design_point4 design_point5 design_point6 design_point7 design_point8 design_point9 design_point10 design_point11 design_point12 design_point13 design_point14 design_point15 design_point16 design_point17 design_point18 design_point19 design_point20 design_point21 design_point22 design_point23 design_point24 design_point25 design_point26 design_point27 design_point28 design_point29 design_point30 design_point31 design_point32 design_point33 design_point34 design_point35 design_point36 design_point37 design_point38 design_point39 design_point40 design_point41 design_point42 design_point43 design_point44 design_point45 design_point46 design_point47 design_point48 design_point49 design_point50 design_point51 design_point52 design_point53 design_point54 design_point55 design_point56 design_point57 design_point58 design_point59 design_point60 design_point61 design_point62 design_point63 design_point64 design_point65 design_point66 design_point67 design_point68 design_point69 design_point70 design_point71 design_point72 design_point73 design_point74 design_point75 design_point76 design_point77 design_point78 design_point79 design_point80 design_point81 design_point82 design_point83 design_point84 design_point85 design_point86 design_point87 design_point88 design_point89 design_point90 design_point91 design_point92 design_point93 design_point94 design_point95 design_point96 design_point97 design_point98 design_point99 design_point100 design_point101 design_point102 design_point103 design_point104 design_point105 design_point106 design_point107 design_point108
2.207398e-03 2.202145e-03 2.219183e-03 2.161529e-03 2.198058e-03 2.158504e-03 2.153229e-03 2.206653e-03 2.204302e-03 2.189002e-03 2.132247e-03 2.217081e-03 2.215624e-03 2.143488e-03 2.142306e-03 2.139582e-03 2.196291e-03 2.170536e-03 2.214042e-03 3.124182e-03 3.107982e-03 3.042622e-03 5.340652e-02 3.133633e-03 3.049869e-03 3.121530e-03 3.044431e-03 2.241536e-03 2.140805e-03 2.221575e-03 2.154328e-03 2.180637e-03 2.173226e-03 2.251060e-03 2.200849e-03 2.352114e-03 2.340673e-03 2.207469e-03 2.279104e-03 2.212824e-03 2.198279e-03 2.174244e-03 2.209419e-03 2.126379e-03 2.203191e-03 2.198494e-03 3.087988e-03 3.008780e-03 3.040790e-03 3.108630e-03 3.118351e-03 3.195638e-03 3.301568e-03 3.007727e-03 2.214794e-03 3.026399e-03 3.040672e-03 3.122579e-03 3.122435e-03 3.168588e-03 3.022210e-03 3.106955e-03 3.237206e-03 1.024646e-01 3.112124e-03 3.120694e-03 3.024407e-03 3.104813e-03 3.121673e-03 7.864351e-02 3.044998e-03 3.116869e-03 2.203654e-03 3.204287e-03 3.108713e-03 3.031474e-03 3.125473e-03 3.001624e-03 3.209457e-03 3.145553e-03 3.121401e-03 1.565608e-03 9.924853e-03 3.112012e-03 3.009875e-03 3.015311e-03 3.074333e-03 3.108696e-03 3.112951e-03 3.243164e-03 1.802151e-03 2.409210e-03 2.207750e-03 2.188602e-03 3.271213e-03 3.066333e-03 3.075900e-03 3.107910e-03 3.200109e-03 2.198398e-03 3.127183e-03 3.014723e-03 3.174150e-03 3.060689e-03 3.221388e-03 3.128262e-03 2.012870e-02 3.130294e-03
4.743897e-03 4.729710e-03 4.768867e-03 4.665055e-03 4.719250e-03 4.658876e-03 4.631520e-03 4.740918e-03 4.738682e-03 4.704120e-03 4.607338e-03 4.764334e-03 4.785994e-03 4.620794e-03 4.618935e-03 4.609321e-03 4.711409e-03 4.665256e-03 4.800165e-03 6.710489e-03 6.687370e-03 6.582283e-03 1.195797e-01 6.719583e-03 6.582877e-03 6.720409e-03 6.566039e-03 4.813556e-03 4.617894e-03 4.769072e-03 4.648502e-03 4.678374e-03 4.660614e-03 4.817591e-03 4.728256e-03 5.083927e-03 5.009854e-03 4.739218e-03 4.886969e-03 4.748942e-03 4.723958e-03 4.685216e-03 4.746508e-03 4.596023e-03 4.722201e-03 4.730277e-03 6.640563e-03 6.514561e-03 6.576032e-03 6.686365e-03 6.711054e-03 6.883559e-03 7.059029e-03 6.493058e-03 4.758461e-03 6.543368e-03 6.558817e-03 6.699144e-03 6.691250e-03 6.824285e-03 6.550350e-03 6.692036e-03 6.948286e-03 2.286851e-01 6.689954e-03 6.712170e-03 6.520399e-03 6.675541e-03 6.718869e-03 1.581904e-01 6.582801e-03 6.683773e-03 4.737316e-03 6.855424e-03 6.695023e-03 6.536757e-03 6.699371e-03 6.505572e-03 6.872430e-03 6.738698e-03 6.697925e-03 3.361786e-03 2.149323e-02 6.678902e-03 6.512793e-03 6.529189e-03 6.625664e-03 6.672675e-03 6.699035e-03 6.963689e-03 3.873995e-03 5.158112e-03 4.740059e-03 4.712971e-03 7.023246e-03 6.610482e-03 6.619029e-03 6.666055e-03 6.860620e-03 4.718300e-03 6.706380e-03 6.517963e-03 6.813057e-03 6.588541e-03 6.924178e-03 6.706461e-03 4.405352e-02 6.757020e-03
6.524487e-03 6.513411e-03 6.536201e-03 6.484982e-03 6.507623e-03 6.483195e-03 6.460809e-03 6.518824e-03 6.513236e-03 6.504228e-03 6.464588e-03 6.551049e-03 6.654261e-03 6.458160e-03 6.457692e-03 6.455599e-03 6.499851e-03 6.476870e-03 6.698953e-03 9.229052e-03 9.204133e-03 9.208690e-03 1.778792e-01 9.235467e-03 9.166142e-03 9.332930e-03 9.150444e-03 6.598547e-03 6.465598e-03 6.550728e-03 6.471385e-03 6.489581e-03 6.455352e-03 6.620717e-03 6.517579e-03 7.110012e-03 6.862526e-03 6.510013e-03 6.691650e-03 6.532346e-03 6.511110e-03 6.489803e-03 6.527238e-03 6.443772e-03 6.499488e-03 6.513776e-03 9.173045e-03 9.124923e-03 9.160633e-03 9.212814e-03 9.239276e-03 9.538030e-03 9.663873e-03 9.127053e-03 6.541521e-03 9.155643e-03 9.158827e-03 9.207571e-03 9.188177e-03 9.449137e-03 9.171595e-03 9.204077e-03 9.500685e-03 3.234096e-01 9.198123e-03 9.226581e-03 9.145726e-03 9.175606e-03 9.227686e-03 2.325234e-01 9.247404e-03 9.217199e-03 6.519266e-03 9.391681e-03 9.207276e-03 9.128716e-03 9.206800e-03 9.107499e-03 9.433274e-03 9.268354e-03 9.214181e-03 4.615969e-03 3.026358e-02 9.212425e-03 9.133382e-03 9.145415e-03 9.186832e-03 9.203432e-03 9.216533e-03 9.541627e-03 5.326972e-03 7.018449e-03 6.520363e-03 6.513892e-03 9.647738e-03 9.165331e-03 9.170367e-03 9.181551e-03 9.409344e-03 6.515399e-03 9.215390e-03 9.130591e-03 9.347526e-03 9.154069e-03 9.481472e-03 9.220217e-03 6.435758e-02 9.436890e-03
6.363021e-03 6.371528e-03 6.357816e-03 6.396718e-03 6.356768e-03 6.396462e-03 6.411433e-03 6.341167e-03 6.347102e-03 6.375044e-03 6.435226e-03 6.376785e-03 6.551841e-03 6.411080e-03 6.415400e-03 6.427591e-03 6.354069e-03 6.387707e-03 6.616701e-03 8.998391e-03 8.971228e-03 9.156105e-03 1.909734e-01 8.985967e-03 9.062565e-03 9.189014e-03 9.056450e-03 6.412191e-03 6.433373e-03 6.364005e-03 6.395229e-03 6.387321e-03 6.372006e-03 6.436589e-03 6.358320e-03 7.064526e-03 6.631502e-03 6.338376e-03 6.471281e-03 6.362567e-03 6.359481e-03 6.382899e-03 6.360557e-03 6.432444e-03 6.345245e-03 6.350689e-03 9.014097e-03 9.084956e-03 9.048476e-03 8.975944e-03 8.998146e-03 9.344548e-03 9.340297e-03 9.117788e-03 6.374784e-03 9.083632e-03 9.099877e-03 8.967233e-03 8.957903e-03 9.294844e-03 9.131694e-03 8.967037e-03 9.197229e-03 3.327683e-01 8.967948e-03 9.000174e-03 9.097890e-03 8.933781e-03 8.983212e-03 2.495507e-01 9.214038e-03 9.005801e-03 6.354152e-03 9.094219e-03 8.966274e-03 9.052730e-03 8.972465e-03 9.080015e-03 9.137395e-03 9.026846e-03 8.968968e-03 4.489794e-03 3.040651e-02 9.001560e-03 9.093219e-03 9.088480e-03 9.030192e-03 9.001188e-03 8.988888e-03 9.232323e-03 5.181242e-03 6.739331e-03 6.350044e-03 6.379483e-03 9.386237e-03 9.028560e-03 9.009498e-03 8.956115e-03 9.119394e-03 6.379377e-03 8.975441e-03 9.090862e-03 9.084126e-03 9.064016e-03 9.161679e-03 8.978437e-03 6.787343e-02 9.340124e-03
7.187035e-04 7.242521e-04 7.231790e-04 7.325640e-04 7.211618e-04 7.301983e-04 7.397789e-04 7.094441e-04 7.148288e-04 7.218888e-04 7.393422e-04 7.172610e-04 7.409508e-04 7.362802e-04 7.361051e-04 7.404978e-04 7.240133e-04 7.312623e-04 7.567076e-04 1.014468e-03 1.020526e-03 1.061039e-03 2.427892e-02 1.013983e-03 1.041822e-03 1.050492e-03 1.044488e-03 7.261581e-04 7.379192e-04 7.192785e-04 7.285697e-04 7.311321e-04 7.302508e-04 7.226720e-04 7.159019e-04 8.157412e-04 7.365938e-04 7.149861e-04 7.272148e-04 7.207629e-04 7.218367e-04 7.329606e-04 7.218747e-04 7.406649e-04 7.169562e-04 7.241287e-04 1.028125e-03 1.047076e-03 1.039066e-03 1.014074e-03 1.019615e-03 1.064702e-03 1.050302e-03 1.058250e-03 7.168602e-04 1.036880e-03 1.044499e-03 1.017642e-03 1.014541e-03 1.057016e-03 1.052066e-03 1.018001e-03 1.028092e-03 2.814919e-02 1.021306e-03 1.019716e-03 1.044980e-03 1.010401e-03 1.017112e-03 3.203202e-02 1.060221e-03 1.022957e-03 7.197144e-04 1.018701e-03 1.012808e-03 1.040336e-03 1.020531e-03 1.045135e-03 1.024222e-03 1.016483e-03 1.018027e-03 5.114609e-04 3.577365e-03 1.011605e-03 1.041988e-03 1.046541e-03 1.032601e-03 1.019317e-03 1.018904e-03 1.025969e-03 5.839520e-04 7.463573e-04 7.232575e-04 7.290550e-04 1.051573e-03 1.030772e-03 1.030153e-03 1.009339e-03 1.027341e-03 7.227514e-04 1.022333e-03 1.049774e-03 1.024863e-03 1.040608e-03 1.019254e-03 1.021408e-03 8.604143e-03 1.070461e-03
