# Version 0.0
# Data /lustre/isaac24/proj/UTK0244/cbaillar/Bayes_HEP/Detroit_tune_Project/input/Data/Data__200__pp__PHENIX_2025_I2820229__d02-x01-y05.dat
# Observable: $\frac{1}{N_{jet}}\frac{dN}{dz_g}$
# Subobservable: $z_g$
# Design Design_Rivet.dat
# design_point1 design_point2 design_point3 design_point4 design_point5 design_point6 design_point7 design_point8 design_point9 design_point10 design_point11 design_point12 design_point13 design_point14 design_point15 design_point16 design_point17 design_point18 design_point19 design_point20 design_point21 design_point22 design_point23 design_point24 design_point25 design_point26 design_point27 design_point28 design_point29 design_point30 design_point31 design_point32 design_point33 design_point34 design_point35 design_point36 design_point37 design_point38 design_point39 design_point40 design_point41 design_point42 design_point43 design_point44 design_point45 design_point46 design_point47 design_point48 design_point49 design_point50 design_point51 design_point52 design_point53 design_point54 design_point55 design_point56 design_point57 design_point58 design_point59 design_point60 design_point61 design_point62 design_point63 design_point64 design_point65 design_point66 design_point67 design_point68 design_point69 design_point70 design_point71 design_point72 design_point73 design_point74 design_point75 design_point76 design_point77 design_point78 design_point79 design_point80 design_point81 design_point82 design_point83 design_point84 design_point85 design_point86 design_point87 design_point88 design_point89 design_point90 design_point91 design_point92 design_point93 design_point94 design_point95 design_point96 design_point97 design_point98 design_point99 design_point100 design_point101 design_point102 design_point103 design_point104 design_point105 design_point106 design_point107 design_point108
4.194388e+00 4.212954e+00 4.202647e+00 4.171926e+00 4.225710e+00 4.170855e+00 4.164067e+00 4.211620e+00 4.210395e+00 4.201924e+00 4.162094e+00 4.202885e+00 4.186543e+00 4.161073e+00 4.161805e+00 4.144603e+00 4.199062e+00 4.186115e+00 4.174387e+00 4.208296e+00 4.190707e+00 4.153696e+00 4.421965e+00 4.204216e+00 4.181070e+00 4.164698e+00 4.168315e+00 4.189067e+00 4.147797e+00 4.213652e+00 4.163775e+00 4.193265e+00 4.192116e+00 4.204216e+00 4.207340e+00 4.111815e+00 4.195574e+00 4.199564e+00 4.212585e+00 4.206785e+00 4.210596e+00 4.190407e+00 4.205604e+00 4.152430e+00 4.204373e+00 4.209529e+00 4.200835e+00 4.154187e+00 4.188725e+00 4.208817e+00 4.213033e+00 4.190229e+00 4.205596e+00 4.141246e+00 4.199260e+00 4.164198e+00 4.154753e+00 4.188511e+00 4.215454e+00 4.168077e+00 4.163213e+00 4.194845e+00 4.211497e+00 3.906977e+00 4.215816e+00 4.202127e+00 4.172628e+00 4.189775e+00 4.220886e+00 3.974522e+00 4.148070e+00 4.214058e+00 4.194129e+00 4.201166e+00 4.221516e+00 4.179163e+00 4.200535e+00 4.140776e+00 4.207045e+00 4.227025e+00 4.218642e+00 4.212743e+00 4.122177e+00 4.212109e+00 4.155224e+00 4.166132e+00 4.197375e+00 4.193509e+00 4.208499e+00 4.221948e+00 4.220079e+00 4.227285e+00 4.206049e+00 4.200812e+00 4.204940e+00 4.180505e+00 4.197646e+00 4.202422e+00 4.225284e+00 4.199984e+00 4.188592e+00 4.141576e+00 4.203613e+00 4.185697e+00 4.219241e+00 4.219768e+00 3.953288e+00 4.155420e+00
3.327620e+00 3.338780e+00 3.340404e+00 3.323255e+00 3.328350e+00 3.325900e+00 3.344467e+00 3.330447e+00 3.341017e+00 3.325414e+00 3.331815e+00 3.319033e+00 3.331967e+00 3.313677e+00 3.329687e+00 3.334970e+00 3.337695e+00 3.313499e+00 3.320030e+00 3.341611e+00 3.350270e+00 3.327323e+00 3.020231e+00 3.333651e+00 3.325897e+00 3.330104e+00 3.323405e+00 3.314137e+00 3.328399e+00 3.330095e+00 3.334363e+00 3.333668e+00 3.325966e+00 3.336239e+00 3.352160e+00 3.282063e+00 3.323670e+00 3.333075e+00 3.349858e+00 3.340880e+00 3.344022e+00 3.338739e+00 3.325576e+00 3.316515e+00 3.346694e+00 3.332434e+00 3.340181e+00 3.313405e+00 3.318802e+00 3.334407e+00 3.337157e+00 3.334343e+00 3.354288e+00 3.333230e+00 3.339813e+00 3.334065e+00 3.322318e+00 3.342207e+00 3.329799e+00 3.340313e+00 3.315835e+00 3.328390e+00 3.332135e+00 2.790698e+00 3.341095e+00 3.350848e+00 3.321391e+00 3.352083e+00 3.326321e+00 3.210191e+00 3.322220e+00 3.328188e+00 3.345457e+00 3.323830e+00 3.324729e+00 3.318832e+00 3.335262e+00 3.332681e+00 3.340604e+00 3.343621e+00 3.322195e+00 3.317975e+00 3.296468e+00 3.344161e+00 3.331198e+00 3.310945e+00 3.319844e+00 3.340481e+00 3.318505e+00 3.319349e+00 3.336943e+00 3.332155e+00 3.341305e+00 3.335915e+00 3.329952e+00 3.317946e+00 3.333617e+00 3.336739e+00 3.321351e+00 3.313934e+00 3.339624e+00 3.344097e+00 3.335123e+00 3.316816e+00 3.337983e+00 3.326268e+00 3.254523e+00 3.345494e+00
2.712855e+00 2.704357e+00 2.698777e+00 2.727135e+00 2.701868e+00 2.727627e+00 2.726694e+00 2.720235e+00 2.691250e+00 2.708826e+00 2.718126e+00 2.711328e+00 2.717855e+00 2.717103e+00 2.717262e+00 2.726517e+00 2.709407e+00 2.725347e+00 2.729160e+00 2.697538e+00 2.718397e+00 2.721909e+00 2.731214e+00 2.711324e+00 2.710406e+00 2.709391e+00 2.718312e+00 2.721295e+00 2.717225e+00 2.700794e+00 2.726101e+00 2.719539e+00 2.692497e+00 2.715629e+00 2.699639e+00 2.729239e+00 2.713749e+00 2.719789e+00 2.704234e+00 2.694952e+00 2.714973e+00 2.699944e+00 2.710430e+00 2.716663e+00 2.706283e+00 2.710752e+00 2.705809e+00 2.728086e+00 2.720156e+00 2.703013e+00 2.710784e+00 2.720620e+00 2.711985e+00 2.710455e+00 2.697538e+00 2.709396e+00 2.718803e+00 2.725778e+00 2.715865e+00 2.729967e+00 2.716807e+00 2.695166e+00 2.715510e+00 2.232558e+00 2.715082e+00 2.691402e+00 2.717299e+00 2.723193e+00 2.712727e+00 3.286624e+00 2.710369e+00 2.704450e+00 2.710836e+00 2.720798e+00 2.721401e+00 2.721465e+00 2.709544e+00 2.714348e+00 2.705972e+00 2.710053e+00 2.719286e+00 2.721482e+00 2.665895e+00 2.703262e+00 2.726315e+00 2.718112e+00 2.709376e+00 2.692701e+00 2.711384e+00 2.712731e+00 2.706793e+00 2.702258e+00 2.717096e+00 2.706920e+00 2.719989e+00 2.708514e+00 2.709585e+00 2.709728e+00 2.707040e+00 2.729590e+00 2.713683e+00 2.725369e+00 2.712594e+00 2.718897e+00 2.722203e+00 2.712450e+00 2.785489e+00 2.720343e+00
2.286498e+00 2.294681e+00 2.285775e+00 2.301032e+00 2.291024e+00 2.304679e+00 2.304409e+00 2.294438e+00 2.280067e+00 2.294080e+00 2.305285e+00 2.290993e+00 2.285840e+00 2.307257e+00 2.288489e+00 2.318536e+00 2.295086e+00 2.286199e+00 2.302449e+00 2.304457e+00 2.280183e+00 2.299622e+00 2.297688e+00 2.279272e+00 2.301636e+00 2.301512e+00 2.298130e+00 2.295215e+00 2.306460e+00 2.278443e+00 2.298460e+00 2.288118e+00 2.297376e+00 2.282425e+00 2.273267e+00 2.325923e+00 2.299232e+00 2.282737e+00 2.284701e+00 2.274267e+00 2.276089e+00 2.288545e+00 2.272844e+00 2.306103e+00 2.285624e+00 2.290832e+00 2.298131e+00 2.322951e+00 2.291732e+00 2.292198e+00 2.276817e+00 2.294449e+00 2.273519e+00 2.315937e+00 2.287474e+00 2.305978e+00 2.318540e+00 2.294075e+00 2.285155e+00 2.297439e+00 2.293192e+00 2.286911e+00 2.276710e+00 2.790698e+00 2.280735e+00 2.294957e+00 2.316837e+00 2.299450e+00 2.290803e+00 2.496815e+00 2.304706e+00 2.288860e+00 2.278173e+00 2.284798e+00 2.282001e+00 2.294824e+00 2.287577e+00 2.318278e+00 2.286931e+00 2.283761e+00 2.277692e+00 2.289325e+00 2.319629e+00 2.293296e+00 2.307070e+00 2.298698e+00 2.301583e+00 2.290667e+00 2.281652e+00 2.287441e+00 2.273329e+00 2.279642e+00 2.279721e+00 2.282791e+00 2.279724e+00 2.305473e+00 2.290753e+00 2.291751e+00 2.286513e+00 2.288152e+00 2.288070e+00 2.305531e+00 2.281978e+00 2.307167e+00 2.273812e+00 2.285225e+00 2.349000e+00 2.299433e+00
2.005710e+00 2.005658e+00 2.012108e+00 2.020881e+00 2.016090e+00 2.020302e+00 2.015436e+00 2.013149e+00 2.000862e+00 2.018475e+00 2.036288e+00 2.010455e+00 2.021444e+00 2.025806e+00 2.018912e+00 2.022605e+00 2.003378e+00 2.022044e+00 2.023252e+00 2.000586e+00 2.021337e+00 2.023849e+00 2.052023e+00 2.000702e+00 2.011598e+00 2.019304e+00 2.016011e+00 2.007731e+00 2.028126e+00 2.020724e+00 2.014327e+00 2.011520e+00 2.020841e+00 2.002146e+00 2.006392e+00 2.048593e+00 2.019386e+00 2.023059e+00 2.003366e+00 2.008070e+00 2.005779e+00 2.020406e+00 2.016964e+00 2.017553e+00 2.006363e+00 2.000334e+00 2.008055e+00 2.024168e+00 2.012623e+00 2.010081e+00 2.024021e+00 2.011274e+00 2.009642e+00 2.030210e+00 2.015266e+00 2.024004e+00 2.013086e+00 2.000015e+00 2.006997e+00 2.018420e+00 2.023866e+00 2.011355e+00 2.001053e+00 2.232558e+00 2.007161e+00 2.010256e+00 2.014658e+00 2.005309e+00 2.009569e+00 1.630573e+00 2.037146e+00 2.002382e+00 2.008475e+00 2.005398e+00 2.005974e+00 2.020844e+00 2.021015e+00 2.028217e+00 2.000220e+00 2.002309e+00 2.002684e+00 2.007582e+00 2.037638e+00 2.001312e+00 2.024819e+00 2.034339e+00 2.009848e+00 2.004153e+00 2.018700e+00 2.009228e+00 2.006773e+00 2.001185e+00 2.001009e+00 2.018684e+00 2.011428e+00 2.019062e+00 2.009669e+00 1.998487e+00 2.022680e+00 2.012774e+00 2.012431e+00 2.017902e+00 1.999994e+00 2.014204e+00 2.005241e+00 2.011703e+00 2.094381e+00 2.017262e+00
1.839618e+00 1.834500e+00 1.836327e+00 1.833014e+00 1.823236e+00 1.832835e+00 1.839170e+00 1.824023e+00 1.844719e+00 1.836082e+00 1.843957e+00 1.848404e+00 1.833333e+00 1.841086e+00 1.849129e+00 1.850168e+00 1.835864e+00 1.840309e+00 1.828547e+00 1.830970e+00 1.837430e+00 1.843283e+00 1.907514e+00 1.838029e+00 1.845203e+00 1.848290e+00 1.839898e+00 1.838284e+00 1.842906e+00 1.829416e+00 1.842653e+00 1.841264e+00 1.837267e+00 1.840815e+00 1.831187e+00 1.865695e+00 1.834850e+00 1.822312e+00 1.829422e+00 1.841285e+00 1.825014e+00 1.835343e+00 1.832227e+00 1.841670e+00 1.830433e+00 1.832865e+00 1.835553e+00 1.833685e+00 1.854739e+00 1.830449e+00 1.820289e+00 1.830265e+00 1.825717e+00 1.846328e+00 1.834206e+00 1.831807e+00 1.856086e+00 1.823444e+00 1.816635e+00 1.830469e+00 1.860600e+00 1.835951e+00 1.840147e+00 2.697674e+00 1.828864e+00 1.837768e+00 1.839881e+00 1.827117e+00 1.821620e+00 1.783439e+00 1.846108e+00 1.838133e+00 1.829353e+00 1.838932e+00 1.821986e+00 1.845858e+00 1.821825e+00 1.836070e+00 1.834711e+00 1.824525e+00 1.829308e+00 1.826215e+00 1.878402e+00 1.837138e+00 1.833011e+00 1.849806e+00 1.832169e+00 1.838582e+00 1.840283e+00 1.814111e+00 1.820726e+00 1.832414e+00 1.824622e+00 1.828953e+00 1.834826e+00 1.848987e+00 1.838239e+00 1.819941e+00 1.821697e+00 1.830169e+00 1.839025e+00 1.848731e+00 1.836345e+00 1.832812e+00 1.828900e+00 1.815253e+00 1.759357e+00 1.848465e+00
1.732213e+00 1.712906e+00 1.728197e+00 1.727357e+00 1.714108e+00 1.726076e+00 1.731711e+00 1.721268e+00 1.723710e+00 1.724451e+00 1.718360e+00 1.719365e+00 1.727102e+00 1.733633e+00 1.735320e+00 1.714254e+00 1.715885e+00 1.732575e+00 1.731782e+00 1.727040e+00 1.717070e+00 1.735059e+00 1.647399e+00 1.729825e+00 1.730968e+00 1.730918e+00 1.739059e+00 1.731956e+00 1.735730e+00 1.722009e+00 1.728547e+00 1.721997e+00 1.738787e+00 1.717190e+00 1.721342e+00 1.746307e+00 1.726430e+00 1.722201e+00 1.712417e+00 1.734430e+00 1.730885e+00 1.727493e+00 1.726044e+00 1.745153e+00 1.717227e+00 1.725619e+00 1.720189e+00 1.730314e+00 1.731512e+00 1.716718e+00 1.721835e+00 1.727917e+00 1.720565e+00 1.729821e+00 1.730373e+00 1.734996e+00 1.726795e+00 1.720974e+00 1.729509e+00 1.725912e+00 1.736440e+00 1.743272e+00 1.727276e+00 1.860465e+00 1.713930e+00 1.717751e+00 1.733435e+00 1.722278e+00 1.717904e+00 1.783439e+00 1.748502e+00 1.725194e+00 1.729802e+00 1.715089e+00 1.721859e+00 1.727742e+00 1.719409e+00 1.734594e+00 1.719193e+00 1.721801e+00 1.724105e+00 1.719497e+00 1.755646e+00 1.717773e+00 1.730465e+00 1.728151e+00 1.739841e+00 1.731759e+00 1.719841e+00 1.727665e+00 1.723336e+00 1.732983e+00 1.723736e+00 1.730503e+00 1.734866e+00 1.723704e+00 1.727910e+00 1.724577e+00 1.719941e+00 1.736603e+00 1.716939e+00 1.731248e+00 1.725091e+00 1.735572e+00 1.711508e+00 1.719845e+00 1.809132e+00 1.724650e+00
1.664177e+00 1.666424e+00 1.660605e+00 1.669153e+00 1.668306e+00 1.667536e+00 1.660574e+00 1.651252e+00 1.668074e+00 1.659485e+00 1.669548e+00 1.660563e+00 1.674151e+00 1.681029e+00 1.681830e+00 1.675750e+00 1.666798e+00 1.663755e+00 1.673826e+00 1.662886e+00 1.647666e+00 1.676374e+00 1.604046e+00 1.667046e+00 1.668984e+00 1.674381e+00 1.673496e+00 1.665416e+00 1.676605e+00 1.668833e+00 1.667623e+00 1.662187e+00 1.668721e+00 1.663473e+00 1.672923e+00 1.680675e+00 1.656491e+00 1.657209e+00 1.665508e+00 1.659407e+00 1.661024e+00 1.673464e+00 1.672497e+00 1.686447e+00 1.671828e+00 1.661171e+00 1.664936e+00 1.677728e+00 1.661757e+00 1.675712e+00 1.663740e+00 1.670428e+00 1.667475e+00 1.680007e+00 1.662946e+00 1.674037e+00 1.671258e+00 1.666058e+00 1.662890e+00 1.669737e+00 1.673397e+00 1.668574e+00 1.661338e+00 1.116279e+00 1.662444e+00 1.659185e+00 1.665905e+00 1.642611e+00 1.666838e+00 1.656051e+00 1.669684e+00 1.666534e+00 1.667917e+00 1.677831e+00 1.663401e+00 1.669550e+00 1.666038e+00 1.673656e+00 1.671849e+00 1.653466e+00 1.671182e+00 1.665962e+00 1.707585e+00 1.662371e+00 1.677982e+00 1.675650e+00 1.664176e+00 1.676460e+00 1.665628e+00 1.673703e+00 1.672985e+00 1.655256e+00 1.669127e+00 1.661850e+00 1.661766e+00 1.664638e+00 1.662577e+00 1.679080e+00 1.663368e+00 1.659406e+00 1.665882e+00 1.672936e+00 1.671839e+00 1.671851e+00 1.664991e+00 1.667711e+00 1.734469e+00 1.676418e+00
